14
19 19
-79 90 11 81 90 73 -56 1 -13 71 -82 -64 -96 39 -26 -53 -31 19 -87
4 4
57 13 -96 32
17 8
79 -93 -72 40 54 82 -21 69 38 -37 79 -65 14 -24 -69 43 89
19 0
-21 -16 23 -4 50 -38 48 -62 92 72 35 -4 -36 39 7 76 -83 55 50
1 2
-17
20 27
-57 8 -94 14 51 26 -54 -66 -15 -81 43 43 -44 -96 80 -58 86 -4 -68 -72
17 843
-70 91 -8 -22 29 60 0 -83 -62 -44 100 82 -58 -94 -29 79 89
13 0
-57 -49 84 -20 -50 40 -56 96 -95 75 -86 15 30
4 4
-35 -65 35 33
6 8
73 59 2 -20 38 84
19 0
-2 -36 -44 -84 92 58 -15 -72 54 -59 -53 50 -21 -7 7 80 -23 -73 -95
3 3
-22 10 92
1 0
14
1 1
-98
