14
15 0
-100 8 -8 -52 -62 -61 -76 -52 -52 14 -11 -2 -54 46 8
8 8
-35 34 87 5 42 -44 66 -32
8 0
9 -51 90 -62 86 -52 7 88
11 907
37 -55 98 64 51 34 -85 8 -18 34 64
7 9
80 -70 -28 63 31 100 6
1 1
11
11 11
-99 -54 -82 -52 70 -70 -37 72 -75 -70 -62
15 15
90 83 32 -63 32 -21 25 -11 25 93 75 52 4 -87 91
5 5
61 100 -50 -75 93
3 484
39 97 -48
13 13
12 -66 86 45 -19 7 67 -59 -3 42 19 -82 16
19 19
-82 2 -6 98 51 93 -31 -68 -58 36 -7 -67 -14 43 3 -65 -44 -64 -57
10 0
-16 78 99 -13 72 88 67 -14 52 30
12 0
-47 62 41 -91 -75 92 -11 92 -40 11 12 -96
