29
2
-5521 -5495
86
-7781 -7733 -7684 -7656 -7615 -7566 -7526 -7506 -7463 -7425 -7391 -7354 -7338 -7320 -7309 -7288 -7242 -7193 -7166 -7159 -7109 -7084 -7044 -6996 -6966 -6940 -6906 -6890 -6852 -6816 -6778 -6774 -6757 -6731 -6697 -6686 -6647 -6613 -6584 -6560 -6530 -6494 -6486 -6460 -6455 -6433 -6430 -6398 -6352 -6351 -6350 -6318 -6269 -6219 -6186 -6163 -6114 -6088 -6067 -6043 -6026 -5982 -5935 -5886 -5875 -5854 -5842 -5795 -5770 -5721 -5690 -5684 -5665 -5643 -5636 -5632 -5621 -5595 -5550 -5544 -5542 -5513 -5468 -5436 -5387 -5366
23
8475 6164 3234 -7833 -5573 2807 5046 -2841 -9846 1217 -3205 -4920 -5680 -5407 -992 -42 -7446 -4751 -2885 2006 -6568 1590 -3123
22
-6139 -6138 -6108 -6068 -6048 -6039 -6003 -6001 -5965 -5946 -5914 -5877 -5844 -5805 -5789 -5785 -5737 -5728 -5696 -5672 -5623 -5590
9
7543 7511 7472 7448 7443 7436 7418 7379 7346
26
9619 -1073 -3422 -6007 -8525 -5125 -6179 4134 -5451 -7628 -1798 5922 7379 3686 719 -3979 -2399 -7837 -9316 5210 8488 -7547 2744 7620 -4835 -3786
37
571 -890 -2011 -5330 4325 -8607 2512 -3685 863 706 3565 5678 3391 8428 2499 -3412 3373 4614 3180 -6583 -6684 3623 -5509 -9618 8754 -77 2778 1050 -3988 -8328 8774 6857 -4068 1055 4767 7639 -239
43
-6093 3050 9480 -3399 -7183 -7757 -539 -8608 -8232 -2604 -986 9584 5587 2470 4474 211 4003 8329 4885 -9399 -4846 -9266 -10000 7791 7654 -7806 4799 -3481 8587 6789 -9133 737 5216 -431 6227 -5488 1196 -4576 1074 -3672 5722 -3977 -7584
95
9794 4130 -4581 9646 -8866 -7655 6725 735 -2430 8569 -7550 3592 -4580 -2211 9882 -922 2281 -6292 -5376 8125 -2675 -5144 -4106 4038 321 -860 -6297 -8360 -9138 -3293 8656 -192 -9221 5004 -8072 2598 4418 4386 5776 -6104 8744 -4382 -7093 1858 -4647 4921 5922 -4507 -3850 2480 -2377 -5595 -6735 -6445 5757 -6684 -101 6911 -8913 40 4799 -3030 -2321 -117 1655 -910 6093 -9826 -3633 -4235 4732 -3426 3068 -1842 3320 -47 -4383 -7861 6605 -8119 -9500 4187 -5133 -6611 6439 8627 9432 -2615 -5623 5137 -5013 9941 -9928 -7150 -8657
96
-1384 -1354 -1315 -1308 -1262 -1231 -1189 -1168 -1150 -1114 -1107 -1082 -1067 -1032 -1011 -963 -924 -915 -873 -856 -813 -801 -769 -767 -752 -708 -675 -667 -666 -660 -641 -593 -573 -527 -516 -505 -504 -491 -487 -439 -408 -361 -357 -332 -292 -244 -212 -177 -127 -100 -67 -48 0 38 69 78 91 130 147 167 206 219 222 252 282 317 325 366 386 416 441 477 514 542 551 566 610 626 639 670 673 719 722 749 766 775 824 829 867 884 892 941 966 1006 1056 1058
31
1594 9038 -2264 3609 154 -6326 -574 -6091 3927 3148 4787 -794 1132 9388 -2257 -9357 2495 5175 -6982 -6338 -9310 -3418 2656 6862 1876 6390 6734 -4412 -6333 -5435 8143
15
8444 8429 8391 8389 8349 8333 8302 8270 8260 8224 8218 8195 8155 8135 8101
74
-2156 -2142 -2107 -2086 -2056 -2016 -2014 -1996 -1951 -1932 -1910 -1891 -1884 -1844 -1829 -1807 -1758 -1720 -1670 -1636 -1610 -1599 -1573 -1523 -1492 -1447 -1427 -1386 -1352 -1328 -1293 -1243 -1196 -1184 -1164 -1158 -1127 -1080 -1049 -1018 -990 -984 -951 -907 -877 -862 -828 -792 -787 -766 -717 -682 -647 -613 -564 -525 -517 -469 -465 -464 -421 -382 -368 -342 -322 -284 -246 -203 -180 -143 -139 -115 -89 -76
92
-5368 -5322 -5288 -5275 -5255 -5225 -5191 -5143 -5123 -5116 -5094 -5057 -5033 -5032 -5017 -5004 -5001 -4962 -4955 -4935 -4904 -4861 -4818 -4800 -4770 -4769 -4731 -4719 -4692 -4649 -4608 -4576 -4542 -4517 -4492 -4470 -4451 -4420 -4418 -4392 -4391 -4387 -4337 -4335 -4306 -4259 -4218 -4196 -4187 -4144 -4121 -4116 -4102 -4066 -4027 -3994 -3951 -3904 -3854 -3837 -3807 -3770 -3723 -3709 -3676 -3645 -3644 -3624 -3616 -3575 -3544 -3509 -3496 -3461 -3433 -3384 -3342 -3312 -3281 -3270 -3240 -3192 -3151 -3129 -3123 -3115 -3078 -3059 -3044 -3017 -2971 -2924
95
-9185 2868 -1344 1387 -9952 1107 9580 -7557 -9369 2273 8713 6969 -8078 -8683 5522 -4620 -8689 -8121 -9176 -7173 4110 7772 7852 -7202 7558 888 8686 -8452 6459 -909 6005 7371 8565 2516 2029 1319 -2232 -9926 -3684 -2454 1590 5912 7795 2662 5658 -4363 -3395 8512 5514 7438 -8278 -2449 -2155 8606 8683 688 -4349 704 -1249 -4596 -5711 -7857 2912 -9406 4144 -4169 -8164 -1902 -6510 2566 917 4891 6501 -5808 -1688 6385 4221 -3416 -5486 -7849 -7648 -5933 5015 -5800 7504 4875 5515 -2505 -2763 -6925 2923 -1680 7837 -3650 -449
15
-106 3524 2411 3711 -5529 9630 -1929 8501 2675 -1155 828 705 6971 -42 8943
17
-8044 -8037 -8021 -7990 -7945 -7943 -7902 -7896 -7875 -7852 -7836 -7828 -7826 -7779 -7775 -7771 -7761
57
8448 8435 8418 8390 8373 8335 8330 8307 8283 8250 8227 8208 8194 8181 8148 8102 8095 8046 8001 7979 7977 7943 7911 7898 7896 7856 7806 7776 7730 7712 7681 7647 7622 7599 7574 7548 7498 7450 7414 7383 7334 7314 7271 7246 7196 7182 7171 7135 7093 7061 7026 6977 6966 6962 6923 6910 6864
91
517 1072 7936 6145 7530 3166 -9501 5616 -7655 6589 -3813 4756 -4318 9371 -8268 -5101 -8507 -7490 -7219 -6398 -4020 191 4520 -2326 -2062 1740 -1746 -602 -3715 1232 -9864 -2981 -6710 -6032 1483 2227 39 8313 1162 3119 1688 8056 9659 -5773 6448 510 7866 -1821 7502 3637 -6371 -1509 1741 8823 4798 -3290 -309 -4206 8002 6997 -2889 -7217 -7876 5963 390 -7156 6850 9742 -8347 -6235 2612 -3857 6416 3019 -7157 -3456 4780 6663 8347 3419 2356 -8582 -2510 -1436 1418 9237 -1962 4351 4862 -262 -2681
10
-5600 7008 7516 -3807 5503 1078 -7695 9678 -9900 7197
56
8190 -906 -953 3486 4917 -416 -8834 -5887 -251 6165 -332 3752 -2426 -2824 -8174 -9977 -8390 -6040 -9286 -3397 2321 5255 2418 3647 7635 9669 -929 8590 -3808 -862 -6105 -1089 2677 8095 2505 -8529 5130 -3474 6267 59 6686 2639 -3843 -1223 -4086 -4097 -1645 4981 -8205 -5645 7391 -7502 -9448 -7527 -4883 223
81
-7143 -7094 -7063 -7019 -7016 -6975 -6970 -6956 -6927 -6926 -6913 -6887 -6866 -6854 -6812 -6797 -6794 -6782 -6771 -6770 -6756 -6735 -6723 -6706 -6682 -6659 -6642 -6595 -6573 -6536 -6512 -6508 -6496 -6456 -6416 -6394 -6348 -6346 -6296 -6262 -6232 -6190 -6169 -6137 -6107 -6080 -6072 -6040 -6022 -5986 -5946 -5900 -5879 -5851 -5810 -5771 -5726 -5714 -5695 -5680 -5648 -5631 -5623 -5606 -5577 -5538 -5496 -5459 -5433 -5428 -5383 -5370 -5332 -5325 -5279 -5275 -5242 -5230 -5195 -5155 -5113
95
7805 5916 1302 -4480 3524 5651 3201 -3607 8342 5342 -6218 -5579 -9826 -1946 -9576 2825 -5288 1871 -4945 204 1931 -3704 -6815 9504 3916 3984 132 -2444 -5505 2580 -1966 5625 -3527 -3679 -8718 2806 566 5386 -1351 -53 -5748 -9871 6982 9764 3030 -5314 2544 7465 1244 6841 649 4032 9230 647 3817 -7086 -1247 3771 -1284 4355 2709 3265 9616 542 2788 -635 -3685 -879 -9271 7342 -2898 120 9975 7172 -3785 527 8750 -9901 5146 3727 1282 8584 3009 -6977 -1015 9622 9528 4519 -551 -6119 6457 3864 1595 -4496 8989
27
-3373 4852 2402 -2251 -985 -4417 7735 -3960 6828 -5666 -4425 4909 -3587 4993 -8975 3499 3505 -4208 3547 5158 2368 -8192 -3617 -8572 3376 -3820 -5204
92
-5755 -8852 -8608 3022 -2869 7371 -3290 6201 -6165 -2692 -1752 -7367 9673 -5332 4289 -506 6113 8330 -1761 2607 9856 8763 8832 7784 -1757 -715 6797 -8554 5451 -7423 7140 1187 48 -8177 2906 -2753 1974 4087 7172 -2301 4295 -3359 -22 -8750 3743 2907 -9087 3632 2410 -1759 -756 5489 8884 -2608 2330 -841 -7901 -5211 -2642 3233 -3373 9546 -4755 8755 1291 -312 1621 -3324 1600 2802 -9076 -6185 9755 4034 2206 2171 1617 -7123 -1090 -3359 -1911 -4345 9225 -8253 9309 -9503 6399 3813 2046 -4114 -2506 -6219
27
4956 -4559 4191 -6570 4773 -8631 9441 8760 -366 -2199 -2185 -3418 -5081 -5919 156 8563 1528 -8303 2169 528 -9607 8898 8793 9658 -7712 -4826 -7953
29
8553 8503 8488 8466 8440 8416 8395 8368 8319 8318 8277 8234 8196 8189 8143 8127 8105 8104 8070 8061 8042 8023 7983 7966 7945 7908 7881 7834 7798
38
8514 -2396 5896 -7896 3879 5825 -6860 -6645 480 -6873 6718 1268 8465 -3958 547 -5767 -6078 5805 -5243 -526 3407 8353 -213 -326 6130 -8515 4782 3345 4635 -5748 7409 1818 -4232 1287 -7879 -512 -5175 1858
33
5407 5404 5382 5361 5312 5263 5227 5202 5154 5136 5096 5058 5020 4983 4933 4886 4856 4806 4758 4734 4718 4710 4660 4630 4623 4598 4564 4543 4510 4464 4439 4420 4377
