19
4
3494 3474 3442 3399
75
8966 5953 -777 9935 7296 -8034 2286 -9809 -7489 7001 -6139 3694 4477 -593 -5957 -2619 5986 -6226 870 4052 7126 -6145 -2040 -1719 -5159 -3941 3698 6945 7563 752 -4180 -9996 -9631 -8029 -6571 8015 563 1770 4806 3649 259 -2726 7890 -9616 -856 1936 -7938 -9784 -2846 -6418 -2832 -6424 5983 -9222 7325 -8229 -590 4917 9941 -3592 -5161 -2537 -134 -2821 3282 -5577 -3117 -4914 -8268 8358 -5156 -213 2133 -3249 1705
7
-8495 -8462 -8452 -8417 -8402 -8352 -8344
97
7853 7849 7826 7825 7801 7779 7767 7735 7727 7707 7669 7626 7619 7583 7565 7518 7516 7471 7455 7419 7392 7370 7338 7322 7313 7300 7278 7258 7211 7187 7171 7146 7101 7085 7068 7048 7026 7021 6981 6941 6907 6871 6864 6837 6828 6805 6787 6751 6703 6677 6651 6609 6589 6540 6531 6493 6484 6472 6444 6426 6392 6387 6361 6329 6308 6262 6252 6231 6229 6200 6175 6135 6107 6099 6050 6037 6015 6003 5969 5923 5907 5881 5877 5871 5864 5839 5819 5779 5740 5703 5659 5625 5602 5579 5543 5534 5508
57
-9748 -4351 342 3519 2313 -5778 -9692 2284 -6698 -427 -2721 6015 6271 -7462 7435 -9420 -6392 -6697 -7718 4733 1436 -8902 -6255 -7226 9892 4512 6716 -3678 -9016 9485 4285 -2099 -940 -1024 -9239 -6996 -4196 -2043 2782 1193 -1395 -2644 9148 4414 8847 -2426 -4733 2783 499 1041 4854 -657 -9105 -2586 -9735 3397 -2251
67
7057 7034 6986 6938 6895 6880 6842 6799 6752 6709 6690 6654 6641 6632 6622 6574 6550 6502 6480 6452 6445 6402 6386 6365 6359 6341 6301 6279 6243 6199 6172 6171 6128 6113 6069 6067 6052 6017 5979 5940 5924 5913 5909 5861 5857 5848 5831 5820 5779 5736 5719 5716 5709 5696 5684 5660 5636 5594 5555 5523 5481 5451 5425 5418 5417 5391 5387
18
-5343 -6076 -1837 -3938 9085 -992 3027 1935 3488 -4909 3730 -1463 5780 625 -8759 -227 -2621 5011
28
6718 6678 6675 6628 6601 6596 6552 6527 6514 6470 6456 6408 6374 6352 6326 6280 6262 6218 6188 6173 6126 6104 6095 6086 6079 6055 6051 6012
10
-725 -715 -666 -637 -634 -602 -584 -550 -540 -505
91
-4832 7900 8068 -1968 2977 -3256 6831 4721 -5484 2380 -4637 -2483 7295 -6712 -1605 -3892 -7308 8990 5269 5841 6916 4916 -4653 -5972 9525 -8621 -4290 6371 3466 -1749 -3219 4416 -8516 5319 2880 -862 -7070 -6611 -2749 3346 3776 -847 -4129 157 1104 -615 1491 3300 -4813 -2112 -4659 -9546 -9814 1782 3679 -9713 -7537 9770 9526 2824 -7018 8475 -9236 6366 -4880 9777 -8432 7173 8798 8207 4958 -9892 -3922 -3487 -8684 5673 -2091 -612 -1658 6603 -4993 -8979 3520 -6590 -63 -6181 5175 -8802 3494 252 6149
97
9774 9749 9737 9724 9698 9660 9630 9587 9582 9579 9547 9537 9528 9479 9471 9443 9404 9390 9349 9303 9268 9232 9189 9155 9124 9088 9041 9006 8956 8952 8931 8886 8881 8867 8852 8804 8799 8750 8745 8712 8673 8653 8632 8605 8578 8565 8560 8542 8515 8480 8476 8451 8409 8406 8388 8338 8288 8262 8229 8180 8153 8142 8116 8071 8044 8035 8002 7980 7931 7888 7856 7830 7790 7787 7752 7720 7685 7669 7629 7620 7599 7584 7542 7520 7519 7494 7482 7458 7456 7408 7395 7383 7354 7342 7334 7287 7237
5
8233 8195 8179 8159 8155
50
-275 -271 -237 -218 -168 -139 -94 -74 -68 -35 -5 12 22 27 29 48 97 123 146 184 211 222 271 309 352 386 391 418 431 432 445 455 462 506 509 546 584 614 621 662 712 756 782 830 847 864 902 940 945 975
45
421 7270 880 8096 -7125 4463 6023 -2593 2101 -6808 -6356 -3654 -4531 -4490 -6168 2602 -9328 -779 6250 -8349 6355 9683 6967 850 -1347 -9518 8733 -8027 4247 -9057 -5444 -221 -9073 -3321 7948 -9201 -8578 5343 1555 8646 -5524 -9803 4783 635 9005
78
-9688 -5066 -5012 -3658 9135 -3094 8791 5883 493 -972 -5888 3059 3070 2178 -8371 -6096 -5006 -743 3757 8473 6964 7960 9842 842 7307 -8894 -5391 3676 7187 -3802 2000 4553 1366 -5219 1776 -8676 4903 5663 3351 1174 -9037 3073 5364 -8719 4539 3226 3110 8001 -1963 -4095 -503 7311 -1024 4404 5221 9588 -4942 -8837 -5764 4611 -8539 3482 -1985 -6327 5892 6814 5760 1921 7468 -1716 2489 1930 -5782 27 -846 -7508 -1720 3370
17
-9689 -3194 -4160 8186 77 -379 -7963 4792 -5973 8986 -2488 8990 -733 7692 -8310 3055 2987
17
961 9290 3709 -8096 2032 -2460 -2637 3337 1529 44 4931 -8105 -9485 1268 7150 -3716 -9519
13
3703 -4369 -5822 2366 1293 8449 5385 4762 -1012 2368 -6403 -3873 -6923
50
-4040 2762 9041 -5118 -5765 1011 -6216 -9083 -1417 -8201 -870 -1435 -4961 -9481 2634 7702 -1933 -6986 -2694 6052 1166 9990 9028 549 -8966 -4353 187 -3117 5758 7757 9813 -7060 -5480 -2422 8009 -9594 4522 -9793 7999 6979 -8341 3103 82 6208 -6185 -3900 -6079 -4357 -5120 3315
