39
39
520 -9429 1740 -1282 -9461 5671 -3386 -9410 -5508 9496 -5628 3595 1079 -3088 -4329 5989 9103 3657 119 -2628 -8644 1887 8846 6822 -6095 -9277 3384 7846 -4926 4193 -1437 -3521 5000 -642 3539 9133 6726 -8973 -325
45
-4478 -4428 -4388 -4357 -4330 -4315 -4265 -4232 -4220 -4195 -4169 -4142 -4094 -4078 -4067 -4021 -4017 -3989 -3943 -3932 -3904 -3890 -3859 -3839 -3833 -3797 -3788 -3784 -3779 -3762 -3747 -3713 -3664 -3663 -3620 -3602 -3571 -3560 -3538 -3529 -3518 -3485 -3475 -3428 -3379
96
-5495 -5462 -5416 -5386 -5337 -5324 -5294 -5258 -5212 -5196 -5171 -5163 -5122 -5115 -5099 -5066 -5048 -4999 -4983 -4956 -4934 -4925 -4890 -4850 -4834 -4793 -4759 -4752 -4722 -4691 -4669 -4623 -4611 -4603 -4562 -4538 -4523 -4504 -4485 -4464 -4437 -4407 -4397 -4382 -4374 -4345 -4323 -4286 -4240 -4190 -4166 -4131 -4106 -4057 -4047 -4004 -3985 -3941 -3901 -3874 -3834 -3803 -3754 -3725 -3706 -3671 -3662 -3616 -3576 -3562 -3525 -3501 -3452 -3411 -3388 -3368 -3338 -3304 -3300 -3270 -3242 -3231 -3188 -3172 -3144 -3130 -3114 -3091 -3073 -3060 -3022 -2991 -2944 -2936 -2923 -2881
20
4153 -4872 -7115 -1356 1725 5160 9481 8727 1527 -2948 4618 1347 4350 4865 9543 -6825 -3066 -3866 -4663 -2219
10
4017 3989 3946 3945 3937 3923 3891 3870 3827 3823
67
7428 -4747 4519 2689 -1582 -7865 8907 -8853 4355 -4147 -4599 6493 -6273 -176 -8748 5135 -7895 7136 -2270 3137 9908 7654 -3852 -9692 8638 -3567 -3213 -4334 -5798 -7876 -830 -1431 8838 -5694 -4478 -7714 1571 -910 -3278 -1642 9311 4776 8877 6178 6189 2867 -1229 -3052 -9755 9114 2143 2281 -542 4331 -9603 -3707 -4771 9329 4390 9669 -5152 -7743 3639 8431 1159 -248 4285
57
2276 2239 2195 2169 2133 2105 2081 2046 2035 1985 1973 1926 1894 1858 1819 1790 1762 1739 1717 1672 1650 1633 1602 1572 1553 1507 1459 1435 1390 1369 1332 1301 1260 1259 1252 1235 1223 1181 1154 1126 1123 1119 1073 1072 1061 1046 1014 975 931 891 864 857 809 806 762 738 728
20
122 1174 3357 -4807 -189 -2528 -5615 -5116 -828 -2866 611 -1054 -2233 5784 534 2470 -4888 5644 -2816 410
37
-8652 -8621 -8601 -8578 -8563 -8554 -8538 -8534 -8507 -8466 -8424 -8402 -8379 -8354 -8348 -8316 -8294 -8286 -8254 -8228 -8180 -8133 -8120 -8107 -8075 -8055 -8044 -8033 -8022 -8006 -7986 -7937 -7896 -7854 -7820 -7788 -7750
71
-9669 -9655 -9610 -9588 -9574 -9555 -9551 -9504 -9455 -9430 -9414 -9367 -9348 -9344 -9317 -9286 -9249 -9205 -9176 -9146 -9105 -9078 -9064 -9058 -9049 -9029 -8987 -8957 -8930 -8909 -8883 -8853 -8810 -8786 -8748 -8719 -8675 -8634 -8626 -8580 -8540 -8504 -8484 -8450 -8414 -8412 -8399 -8371 -8338 -8289 -8242 -8214 -8169 -8165 -8117 -8067 -8037 -8006 -7979 -7934 -7906 -7866 -7820 -7777 -7734 -7690 -7649 -7611 -7602 -7584 -7570
92
8818 8782 8774 8731 8722 8672 8661 8626 8617 8596 8560 8520 8502 8478 8443 8414 8398 8388 8353 8311 8297 8251 8203 8197 8153 8143 8107 8084 8081 8078 8038 8011 7970 7931 7907 7885 7841 7815 7773 7757 7722 7716 7694 7663 7643 7637 7616 7607 7584 7548 7531 7518 7492 7446 7423 7377 7342 7313 7289 7250 7200 7199 7165 7122 7099 7065 7023 7013 7001 6991 6963 6918 6914 6910 6875 6838 6831 6811 6782 6748 6719 6678 6666 6622 6612 6574 6538 6530 6516 6474 6457 6449
27
-2538 2223 9945 1475 -4 1355 -2070 -9219 9377 -6788 -7074 7058 7304 7791 -261 7371 6132 4175 -4173 -1053 -9059 -7813 -7909 5882 -8988 2291 3491
33
-9714 3748 -2869 -6969 -4941 -54 1385 -5825 -6753 -9395 2397 -479 7882 -1800 5983 3950 -5492 -7098 -5728 -9 -3957 442 9990 -7684 8972 9661 -759 5991 4080 -4307 4357 8349 7105
23
-6654 -6640 -6621 -6587 -6555 -6535 -6511 -6468 -6442 -6421 -6378 -6371 -6368 -6323 -6287 -6277 -6249 -6207 -6161 -6132 -6099 -6056 -6025
28
-1636 1080 3526 4737 -7528 1769 4231 -5498 1887 7899 9706 -8252 -3091 -2745 -6033 7073 -4811 -7028 3901 755 -5109 591 -6992 -6799 5707 7050 6574 3354
50
5397 6871 -3718 -800 6148 7036 4726 -9223 -1597 6947 9940 -4954 6861 -9753 1607 3190 5305 914 -817 7299 1605 9796 -7560 -7770 -9880 3757 -970 5119 9397 -3964 2055 7513 -2714 -4523 6722 2506 -7516 5900 -3902 6419 -1466 -6048 4740 -3279 -2138 5918 3451 8263 -8035 -6774
94
5999 5950 5943 5940 5924 5908 5886 5858 5852 5827 5807 5762 5760 5744 5717 5716 5709 5660 5647 5622 5583 5551 5508 5462 5423 5407 5371 5364 5328 5311 5267 5233 5217 5208 5175 5170 5138 5091 5065 5037 5004 4970 4942 4895 4877 4869 4857 4848 4801 4793 4756 4729 4702 4693 4686 4655 4622 4592 4543 4536 4489 4459 4451 4401 4361 4319 4270 4249 4232 4185 4158 4113 4111 4075 4054 4043 4010 3995 3980 3978 3962 3917 3880 3871 3842 3820 3805 3789 3745 3743 3718 3702 3659 3627
27
8546 8529 8509 8486 8448 8398 8387 8343 8322 8288 8239 8202 8187 8173 8149 8145 8141 8134 8111 8110 8079 8061 8045 8000 7998 7992 7983
79
-2913 -2872 -2870 -2837 -2823 -2813 -2791 -2780 -2753 -2746 -2721 -2703 -2653 -2610 -2584 -2565 -2557 -2549 -2543 -2503 -2490 -2488 -2439 -2397 -2359 -2358 -2356 -2312 -2282 -2245 -2216 -2213 -2187 -2182 -2142 -2111 -2075 -2050 -2016 -2004 -1996 -1957 -1934 -1905 -1904 -1886 -1852 -1818 -1807 -1769 -1763 -1732 -1686 -1639 -1589 -1583 -1557 -1535 -1525 -1487 -1466 -1426 -1387 -1361 -1349 -1307 -1287 -1243 -1206 -1157 -1128 -1123 -1109 -1078 -1043 -1040 -1012 -1006 -992
79
7706 7656 7633 7629 7608 7599 7557 7511 7469 7436 7404 7389 7387 7379 7377 7356 7318 7316 7287 7239 7210 7176 7136 7126 7097 7080 7064 7058 7009 6979 6931 6892 6863 6820 6803 6774 6765 6754 6735 6718 6706 6681 6678 6651 6630 6585 6558 6552 6512 6484 6438 6403 6396 6373 6340 6302 6265 6224 6217 6184 6171 6129 6118 6082 6057 6040 6036 6026 5994 5990 5958 5924 5921 5920 5878 5841 5798 5750 5721
59
4071 4037 4036 4015 4002 3983 3940 3929 3906 3877 3832 3825 3824 3792 3774 3751 3713 3698 3674 3670 3653 3633 3600 3595 3567 3526 3502 3472 3446 3432 3389 3355 3328 3325 3318 3292 3276 3252 3227 3198 3157 3123 3118 3110 3100 3058 3049 3040 2993 2969 2968 2960 2950 2943 2911 2888 2883 2856 2846
16
5113 382 5608 8862 7698 3220 -3933 9008 -7305 -8100 3485 346 -55 -8051 3273 -9890
51
-7170 -7135 -7087 -7048 -7038 -7008 -7003 -6968 -6944 -6916 -6888 -6853 -6852 -6840 -6801 -6791 -6761 -6718 -6689 -6655 -6633 -6628 -6579 -6568 -6548 -6500 -6463 -6427 -6422 -6400 -6382 -6342 -6318 -6307 -6267 -6217 -6213 -6187 -6170 -6151 -6111 -6068 -6064 -6027 -6023 -6017 -6010 -5996 -5958 -5924 -5914
2
3854 5531
97
-7416 8702 -1265 -5614 9697 -9653 7187 5506 9723 4566 3467 1276 -2987 8074 3127 4505 6830 808 4158 7192 5527 -1091 -7102 6099 -9359 6830 -4336 -2199 1175 -2305 -8633 -9429 -4979 -8042 -7065 -4832 -682 -8117 -9422 -5482 2801 9912 -9296 7774 4578 -5921 -5320 8702 -1044 -2064 -1459 3829 -4523 9154 311 7736 9750 -8979 -463 5823 4829 -3958 5087 6643 -3767 -7648 -2277 -5593 -5177 -6523 3518 2023 343 5049 -908 479 2023 -6328 5047 3541 1490 -5604 -1036 6668 2933 958 -1999 -9143 637 8305 1802 -504 3794 -9464 -5887 -3365 -1191
100
5279 5268 5224 5202 5172 5151 5132 5096 5095 5068 5035 5026 5003 4985 4943 4934 4931 4926 4878 4844 4843 4837 4816 4772 4737 4720 4681 4658 4614 4590 4576 4562 4542 4506 4489 4483 4445 4444 4396 4373 4338 4299 4259 4244 4210 4197 4196 4191 4172 4162 4148 4112 4098 4088 4086 4051 4013 4002 3996 3991 3986 3938 3906 3877 3840 3815 3803 3797 3747 3726 3680 3646 3608 3589 3561 3517 3472 3458 3445 3424 3417 3393 3346 3305 3279 3278 3240 3229 3216 3196 3169 3139 3109 3059 3037 2992 2953 2936 2917 2890
19
112 -8842 -300 2483 -64 -1849 -8815 4115 -9313 -8532 -8426 -9377 9658 -1888 -7520 1268 -4726 2789 -1502
92
2674 7384 -6600 -6733 8781 -8371 2010 -9274 8953 -2225 2543 1032 1370 -5617 -4553 -6020 -2820 5904 6762 -1649 1286 3153 -2389 3987 6760 3281 9679 -1532 2393 -3052 232 -3216 -4513 1242 -404 -4088 2864 3609 -8833 1363 2372 -7326 -190 5141 9061 -3985 -7715 -3028 -3505 2439 4297 -6059 5163 1651 2304 -5925 9006 2483 1323 5239 -6195 8564 -3958 2763 4331 7195 4521 -1677 9223 5044 -7116 8587 -1069 -1411 2302 862 -4981 9790 -7260 -2717 -1600 4776 9504 -1034 2681 8094 -6365 -6279 1414 3261 3742 -6499
71
-2156 -2136 -2086 -2059 -2049 -2000 -1988 -1945 -1895 -1869 -1822 -1795 -1782 -1777 -1730 -1687 -1686 -1678 -1664 -1620 -1591 -1566 -1519 -1481 -1477 -1441 -1433 -1400 -1373 -1344 -1296 -1260 -1239 -1202 -1179 -1174 -1130 -1102 -1061 -1058 -1024 -979 -977 -959 -952 -924 -920 -902 -866 -820 -795 -747 -702 -672 -630 -592 -551 -521 -473 -457 -428 -417 -394 -368 -361 -320 -291 -253 -238 -189 -153
79
-3900 2995 -9367 -1966 -9232 3784 -3311 2156 -3998 8942 6317 -4749 -8497 -3237 4613 -8398 6881 889 8125 -5289 -1672 5021 -1796 7759 -5284 -4535 -9423 7761 378 -848 -6184 7316 -4938 -2788 -1850 -7411 -7152 -1651 -7385 6935 4608 -7197 9184 5728 -2511 8204 1386 -4032 -6337 -7325 -7282 4895 -8197 -9553 -5790 -947 611 2937 -6921 -729 8682 3298 -9095 -5144 -1589 9031 1604 4767 -6558 -3657 7865 -8711 8711 8146 652 9270 8068 -1667 2899
98
-475 6446 -1241 -924 -2142 6712 -6753 -4469 -3734 424 -9779 -7426 228 6195 8565 -5489 2817 143 -7675 219 7896 -6855 1340 7030 -3514 -2335 -5547 -8078 -8806 -1245 -5768 8984 -2126 -5116 5130 9063 6083 8772 3252 -4910 910 -8271 2618 5008 3529 8692 5510 2997 276 549 2868 -7789 -4805 -2022 -9504 1608 5297 8277 -8453 1047 -2278 4874 -454 -9787 1576 1368 -8058 -5595 2623 8486 4344 8873 8345 3936 -5563 1116 9083 5986 -3532 -8391 -9897 7735 -5717 8474 -7603 -5367 -5900 6974 824 -2298 4966 -1850 -8025 -8980 8075 -4507 -8477 3231
24
3840 1632 -8779 -7514 8666 -4442 -3 1196 -1173 6148 -4879 1939 -1854 611 5584 5352 -2666 6295 4527 -4976 -3630 -1699 6348 3369
79
-3269 -3262 -3258 -3244 -3239 -3215 -3202 -3164 -3123 -3097 -3063 -3023 -2978 -2943 -2924 -2880 -2868 -2844 -2817 -2773 -2729 -2692 -2676 -2639 -2624 -2611 -2563 -2556 -2520 -2500 -2467 -2421 -2411 -2384 -2368 -2322 -2275 -2236 -2188 -2172 -2166 -2121 -2084 -2034 -2019 -1984 -1942 -1913 -1875 -1863 -1835 -1811 -1770 -1769 -1735 -1686 -1681 -1669 -1622 -1603 -1562 -1558 -1542 -1508 -1494 -1486 -1440 -1403 -1402 -1376 -1336 -1290 -1251 -1205 -1157 -1143 -1101 -1069 -1038
29
4434 4388 4360 4356 4316 4271 4224 4192 4191 4165 4161 4137 4123 4094 4055 4027 4006 3979 3944 3935 3924 3906 3872 3842 3810 3794 3784 3738 3713
70
7507 -6680 9239 -6721 6884 2170 6161 -4333 4004 7423 -1400 4592 5351 8201 8430 7751 1961 -6408 -953 7110 -9216 6068 8988 4297 -244 -1190 -3200 7399 5627 9738 8247 -4792 5339 3782 -7245 56 6077 -4755 -661 -8763 -4411 4589 -5627 1756 -5048 -6295 14 1665 9789 -2794 -5420 2894 -1887 -1352 -2974 -7703 3344 -7061 290 -1855 -3078 -7837 -5204 -679 -4017 -9240 3470 4393 -5730 6296
6
-5785 -5782 -5736 -5716 -5693 -5681
79
2203 5498 6267 -5111 -4376 36 -7294 -4604 -3896 -6952 6215 -2105 3920 5386 5762 8971 7084 -3818 -8174 5549 2162 -7201 -6374 1089 5153 -5358 6455 -8844 -8361 3527 5620 3184 2999 -6038 2155 1939 -8643 6634 -7663 -661 -4365 -4654 -114 -8171 1807 -6964 -2894 3941 -8763 -3047 -5260 -9311 3264 -644 -1785 -2056 2924 -3904 -2386 -9271 449 8265 -6705 7797 8124 -7596 -2990 9710 9122 4770 8836 -7333 3793 7135 -763 742 9701 2773 1085
79
-8023 -7991 -7962 -7921 -7896 -7882 -7874 -7841 -7793 -7790 -7768 -7719 -7716 -7667 -7657 -7637 -7619 -7596 -7594 -7568 -7558 -7526 -7512 -7500 -7470 -7435 -7417 -7392 -7354 -7316 -7303 -7287 -7258 -7216 -7177 -7145 -7106 -7066 -7053 -7012 -7000 -6998 -6957 -6916 -6891 -6861 -6833 -6818 -6804 -6792 -6767 -6724 -6693 -6656 -6631 -6610 -6579 -6575 -6556 -6530 -6518 -6475 -6460 -6450 -6412 -6389 -6347 -6311 -6265 -6255 -6246 -6236 -6233 -6188 -6149 -6099 -6081 -6046 -6030
19
7512 -6419 -7190 7234 -7545 -3391 -729 8555 7895 2179 -5962 -8419 -565 4551 3315 120 7028 -5538 -4145
