39
1
17
121
1
185
68
190
103
15
191
128
94
149
174
24
104
99
36
183
1
77
148
65
126
139
201
171
26
165
175
70
166
70
32
33
122
89
56
55
125
71
88
100
105
42
32
0
184
39
174
137
30
82
35
25
33
88
12
17
54
12
172
75
32
103
99
144
113
184
14
76
149
9
72
33
60
57
15
78
40
51
30
110
163
183
73
41
38
99
120
12
154
170
2
81
158
93
29
110
174
24
0
8
78
63
61
91
2
84
191
2
22
165
5
79
108
16
97
86
13
39
127
97
57
35
41
2
188
10
156
38
3
50
55
32
132
9
105
201
16
2
4
157
12
61
44
103
64
100
7
1
132
4
47
99
74
144
157
85
7
167
134
102
50
96
193
71
37
135
202
38
77
88
18
135
90
15
28
191
8
9
69
78
142
14
131
169
94
119
66
44
203
191
44
64
121
139
53
165
175
200
14
136
146
20
77
90
11
1
115
15
72
171
89
187
1
69
106
179
142
104
171
138
65
4
3
114
43
57
139
7
4
45
29
151
112
6
35
114
30
74
170
102
47
41
12
181
79
191
18
206
75
18
141
1
198
54
12
153
159
172
125
79
114
67
160
129
95
139
0
88
10
167
52
17
35
97
133
29
184
130
39
132
21
125
5
97
116
91
84
20
59
111
78
135
162
13
32
30
86
24
52
127
145
64
105
53
74
194
141
22
199
7
87
98
57
13
185
164
9
179
159
122
135
92
136
55
12
122
13
141
140
193
16
138
82
17
105
155
25
54
47
111
181
1
18
16
116
45
196
52
14
81
137
30
107
186
112
64
157
34
94
83
13
24
29
59
131
59
50
185
33
7
1
41
164
85
89
178
68
116
142
154
58
69
27
96
173
62
181
44
148
87
100
187
153
141
62
143
44
62
38
128
12
35
90
15
6
146
1
146
82
34
92
72
149
2
86
59
64
139
189
36
78
10
168
104
18
119
6
14
109
155
24
75
20
56
142
40
1
4
50
45
54
7
32
131
1
76
4
134
96
113
183
104
97
43
17
77
37
133
196
12
47
179
133
172
31
132
78
152
142
202
96
189
195
179
12
173
143
28
148
104
48
186
4
17
108
96
200
81
152
164
96
1
11
163
144
123
38
33
137
62
67
3
104
7
22
24
10
173
55
153
146
31
74
201
29
53
115
132
