1000
806839060
68708326
14303450
214543269
312233829
864648951
228618953
28710395
4429857
776953767
266171142
232763974
955325190
599222497
970424952
434370070
317925989
927897700
617771691
673759355
17833083
919459976
607454080
140833263
932214724
157627709
408822225
487265166
624496176
419373306
833040885
419503217
216838431
71950481
439532628
669931095
285818363
445145494
172998029
24994573
334398661
667863834
498776501
788632187
668453788
346194257
325997557
319817084
80243148
716037678
500446815
709719933
578855453
177704646
606992556
257851342
343018593
690609813
799489428
547691851
221317478
328462671
339665956
377914145
160208932
115830269
103634298
250116287
240285381
246287619
738969406
403158500
951001570
619846054
493056012
420543035
399291286
270537549
602065958
817615126
579483823
336404975
454539587
581038356
461909711
108503035
574217770
420508951
462598512
892539412
273578653
524663652
352209803
826378941
533000519
904261573
593632363
615641152
158141948
766163214
114738439
845119814
753643345
576655186
520085317
428126924
524025924
682203468
136604161
108500703
616421693
781451750
636453578
118686393
224875167
850336588
248932853
94336552
883715799
372468124
888875374
566983456
167749674
497969531
671894114
332949790
264469707
877269695
485254347
585613908
886033005
691007549
596178535
493845518
438202081
845595054
34601598
483652285
197473457
318703211
479056125
989301784
371897797
68084080
267685074
820355953
138338351
978928102
672414884
563089101
111337664
290592770
752934782
4388185
850618524
903088213
508171351
798689093
631729433
532980696
301068978
947294129
731076318
274516381
817692771
745399193
177939995
143612190
616619360
396626992
141122050
216615844
937812903
832854537
958020878
299678386
65854698
660178333
564885603
967134774
787017618
851187081
266442200
236434985
76765158
637248479
542292919
660603832
154657327
66362759
320013557
46070503
212738341
337394436
554304391
556919751
105631947
603208365
772420908
916015204
981569578
772975267
695365782
726513341
816114371
195510148
125005393
648482733
195487292
917500850
768933707
871290507
781672175
210282005
179602327
707536936
728647906
767823019
824509579
615942386
846534438
497436888
807236879
212079761
701046633
279318178
75218816
892470720
328570368
729481042
633081365
685676465
923249821
352936086
178792334
21598018
727215650
413225751
396672959
288307104
699999796
603695060
101229275
231969710
370464999
540894324
780109489
639342282
466530157
136573035
103256079
935998994
739020834
768464700
417267175
89645318
738242440
456023335
648497019
135348018
1891105
813383249
984057266
904784920
760998053
706971734
345323107
206555378
4451752
2652102
608363866
566468932
116638993
638985257
69583803
923961792
171914266
174322919
663478121
168586481
445266763
797415971
170496822
356470633
314091504
852159726
938064954
886492533
932739161
483015340
845299397
5708520
453095885
867205318
984235352
768193145
731312427
911134134
835534370
862984243
921924742
881180974
312931509
163771377
718609423
484886504
991496884
789982533
596157813
998640989
107986375
740019690
338693117
492502529
483996706
715763917
205339850
304084655
127530382
512460805
650441922
447601413
164861076
263439729
426940163
620116300
900354700
419646920
226115484
563308219
54933768
913722686
381958800
909034905
693500076
422383542
453197655
462134831
888241335
419454406
164283267
693180431
740744169
864756625
45022941
91828049
648168209
492224147
137260367
568089870
85364033
280746330
566226774
569744820
833314177
901672054
559502846
417978185
248456262
432588128
594479798
836424433
992948837
34851075
608404598
869214391
90449267
476093611
635554277
510800254
264340219
539117754
402487330
340472024
102301394
163132376
254496007
919678894
384214417
364619957
725811787
915594622
738594932
649004267
124317653
27215520
125679599
317065844
240205896
303062054
398774924
472890125
627022916
70911536
543994066
697568299
953411737
183207017
671220058
682752641
487466111
54463285
363634633
231601659
576363488
729102795
938654136
426911732
300956804
816218847
615624053
481309025
681663473
876452662
833515954
210339529
597642482
871328956
27014302
759208193
8183978
49716099
333194599
179260600
17582949
325607199
520893654
33442610
397150596
627723035
813870624
1054611
474155541
105804710
741672305
133058120
305313249
812690976
128587635
586266103
348834905
305427529
730389617
634549464
745760644
46658046
826248639
906174435
787162054
569021576
824793517
908430847
402411912
72789471
92353874
100546178
260898175
48662975
929766195
495947576
283669041
966525619
281580200
601630136
505181486
936378383
197410033
448002134
470483770
908358609
284690237
510098324
248436988
376017940
630598473
588680902
680581975
922889919
797978514
701874157
910933834
176553335
209700301
241328128
778210702
655525213
145254950
159850620
172723015
259214243
564805142
614722635
829227994
442720406
478887632
181632340
4996580
38841311
362000348
113011375
360740701
331177613
197930869
843523397
393135140
559990101
969252931
177814987
350885708
847893303
303258346
164775832
657244692
289540804
577438525
876144082
319488478
860449554
207530743
367393384
38213353
549156423
163272832
21943427
821075380
842585660
866968346
187984398
481188423
915401444
703688124
75808434
670811767
702533050
248269275
340754881
8549064
911131118
493936459
410670058
745871209
978125583
433781967
705171728
675074743
930405729
820335884
266476933
948631301
731866785
344990483
463277748
203563770
118207321
163146543
881544089
294252813
607836831
637157567
17975128
323467515
938057467
841028000
354149018
377968813
76613107
230327569
854372057
289482431
791394073
334322048
763417461
724875019
601556768
13985474
554363331
377772257
789662078
332724137
428691219
406611190
522935100
671569450
540291686
516319719
118160115
940812580
949985635
315248418
364716311
943607914
962610209
448608589
485523350
475586824
623733105
104233231
725537852
763287110
159150600
552003380
24869193
127571195
872558641
815116918
703606283
325850193
760692584
614315690
832795368
404448056
99703025
35529020
476697987
115824511
669456741
581143515
218507293
707814033
473916654
698707461
479584977
14603168
526525144
469778815
450170195
148309253
204750696
460317594
468332110
603504346
277379798
54263416
984843394
736484558
767003995
839226874
101145038
748751680
457671103
519250166
160703542
729616659
92888291
928095533
63052241
328972278
10773191
31982483
398020624
146075741
522510931
121877233
700823433
599483094
746003843
883546620
799056633
317500706
39966229
970682899
797203897
891542106
658497076
277431726
983365747
748389481
264448123
778006470
765232400
865930039
171870872
786597449
107699402
122477515
585721865
601856859
273914245
881927301
835368890
95694408
16251997
187482952
617558905
209737147
305644777
603191728
454055032
631482779
228329994
146918105
840050733
455562966
194625131
716243260
181712773
882189057
798634019
925079040
638418052
829776953
48245032
643585232
212549642
504721449
654624497
331106617
289529986
264319987
799241700
691495554
738480926
466615721
168144028
495240690
436293835
609182044
382261089
428538985
600965376
32463508
833326186
874006766
878689229
781729390
595481309
594535136
976167912
975591059
963175371
808511050
755684772
247563785
105177447
447141438
220493552
681795635
869901603
905711470
782717996
458453147
745515118
263001291
687329605
30121620
663225303
691958214
662929303
684979034
38463660
172958398
492977832
586550571
871603525
464989062
986632390
995879296
459873210
185110766
483068440
179731270
291340721
208651056
978263388
270948515
927615038
340659728
374992609
794672609
848389028
368976536
339145688
854045792
323894439
91903658
71234521
548396078
37992127
671864363
775185441
149881815
793779774
575237850
467400717
602355728
611692536
460866804
809736441
477931169
333651334
657243019
796404606
112692872
672541164
171332812
3471091
45953396
654717253
53592960
73358303
716951471
7073396
43541560
378672390
980414943
947436970
133869583
709157877
792522827
51517098
229343705
217191777
550747001
298929829
220069849
216264569
175570763
870862561
936190544
377372529
897120315
220898263
394425408
20339130
706490680
389653908
719559086
158200192
368916253
732192706
83894368
744725840
693489684
915112472
97672020
950234360
428722750
325636601
132017409
681553331
222611094
528359740
410234637
363811670
146779171
742134278
655253371
714037306
70116841
774486784
748414018
289272460
570698392
24966909
60753477
174957219
240547638
429493215
578083130
721593302
339163489
368384056
588220660
117435355
700112718
873097171
273173862
971222268
199836675
481268760
305257004
893761140
997748042
503519503
967894430
307371892
617241508
953486014
337280420
767727118
796980114
195503259
20403864
144757173
468617531
473715072
975021449
372004817
844940904
708158655
920749927
117653154
529496697
560320221
679196420
576259266
524937397
144873161
253608126
63441628
266381804
311010414
559364296
527189646
415567040
100528793
630618448
757971699
213091272
549045686
23007480
483764749
676010998
279006813
935139988
124934543
624918152
605726075
446919046
797011594
417382153
502575511
952648874
219125254
157100185
609816621
170436321
68721647
32775960
417812591
743761620
805561255
613841193
485967646
574773073
132272022
353269104
114375336
444893717
255824168
135998008
672558523
449278363
745812593
549925405
993521556
173537003
996464384
673974678
818039509
828189510
977413983
580217360
56788836
962135673
605875161
286783269
410411924
505648066
1393072
549140049
690831834
158048081
538990924
848018038
471376434
640061341
179211339
791070051
35776088
355677599
835643871
258336735
343953356
223718754
373560056
156963469
938340825
376779249
449298424
512519979
145610534
352276603
861983746
946963053
908840648
546329441
429622960
179507173
299518342
634150775
137496634
558287057
661538133
405903729
665918490
742864637
577489933
321527550
548210180
