667
49
12 13 49 21 26 5 17 40 43 27 20 42 34 39 46 25 1 8 49 27 40 28 38 5 17 3 33 18 7 7 6 28 27 18 49 32 41 26 14 19 1 48 48 13 15 13 45 23 21
6
7 4 10 10 44 11
34
10 9 12 44 49 7 46 37 37 29 6 35 41 42 42 34 44 1 39 48 29 12 14 47 23 20 47 30 17 38 26 33 15 40
41
5 3 16 6 13 11 24 31 24 9 26 4 1 49 26 25 43 39 37 24 23 46 19 4 7 14 43 36 47 50 6 9 29 29 11 14 23 44 50 44 47
20
2 13 24 29 34 30 22 15 46 35 41 3 5 10 3 6 43 44 4 47
25
31 24 20 37 45 45 4 23 6 15 24 2 31 29 3 31 42 27 13 31 38 13 8 8 16
1
45
24
7 1 18 28 9 4 7 8 42 49 50 6 49 22 48 15 31 17 32 37 19 11 26 44
38
26 44 2 38 44 5 21 39 46 31 16 45 4 34 22 50 33 42 26 41 36 1 11 32 11 18 3 26 8 22 16 9 24 36 41 4 18 25
45
49 25 6 50 28 11 33 34 40 9 45 45 18 22 1 5 22 35 25 12 15 21 20 46 16 7 49 48 7 35 41 34 32 18 48 24 41 39 43 17 3 34 18 21 15
21
33 3 16 49 32 26 38 38 14 36 23 20 22 24 32 10 5 48 30 11 39
4
20 34 33 45
40
40 12 17 35 11 37 33 44 18 28 6 45 27 48 8 28 8 16 41 21 26 5 14 29 20 9 41 29 25 29 11 41 16 20 44 14 13 1 37 48
14
15 22 22 48 34 11 47 43 38 22 6 3 11 47
36
42 43 31 20 23 43 39 14 3 1 22 35 27 25 21 27 4 11 22 43 47 12 37 48 21 36 4 20 1 43 33 47 27 10 45 37
24
46 39 24 43 8 11 39 31 39 19 38 27 49 25 13 34 20 29 15 47 27 1 6 13
50
21 18 2 16 50 2 50 19 11 6 26 15 14 30 17 7 14 29 1 26 40 17 4 25 16 49 6 49 7 4 5 41 39 5 37 18 4 16 36 28 7 32 32 36 16 18 9 18 2 18
18
10 5 15 19 25 10 2 38 16 6 2 9 22 23 26 6 19 5
21
25 15 5 24 8 46 11 49 47 38 26 28 33 11 14 35 30 27 33 28 7
35
21 35 1 45 38 31 46 3 36 1 33 9 36 43 47 19 27 28 10 47 23 44 5 48 49 4 49 20 14 38 38 35 7 14 17
35
15 31 16 16 35 31 8 37 28 37 26 4 43 30 18 6 49 22 28 13 6 16 36 38 36 49 14 28 4 41 17 14 38 16 19
20
46 42 49 18 25 35 1 24 50 11 23 6 32 2 42 35 37 10 9 49
9
45 47 24 31 26 24 9 43 25
27
10 45 48 5 17 48 40 28 45 8 16 50 33 50 12 32 3 47 31 20 27 25 5 40 20 50 28
33
39 19 33 38 49 8 20 22 11 16 22 6 1 27 44 32 16 46 4 9 49 46 27 35 5 13 9 13 39 41 20 10 34
11
24 26 45 27 14 45 43 9 29 37 40
32
3 31 45 17 44 21 15 40 36 43 4 22 43 4 21 32 10 23 32 31 14 36 15 21 44 8 25 6 10 4 29 24
45
16 26 33 14 2 15 40 35 30 12 24 45 12 45 7 4 21 20 11 7 3 13 2 13 1 41 25 24 42 43 31 42 19 30 29 3 7 3 1 40 43 38 21 23 6
39
28 31 28 19 2 6 49 47 11 34 1 18 30 41 43 23 3 13 46 22 6 4 11 31 39 1 28 13 12 49 28 19 36 22 21 45 49 4 17
15
39 25 19 41 33 19 19 15 31 43 50 35 18 31 16
15
20 4 45 31 33 40 14 32 35 43 7 14 26 33 47
45
12 28 43 14 22 47 36 15 16 36 26 9 31 31 32 44 29 39 44 32 44 22 33 19 46 46 12 19 47 20 41 47 12 17 43 11 25 24 23 14 48 23 7 40 8
2
46 39
31
30 17 38 13 31 44 14 25 2 10 50 40 34 35 6 14 2 20 43 19 12 23 48 43 43 28 22 3 10 50 26
4
34 20 14 30
32
49 47 46 34 16 15 11 43 45 6 27 3 13 43 42 17 37 24 14 12 12 18 24 18 43 7 7 45 34 23 25 10
22
23 35 37 12 30 38 23 29 24 21 37 30 23 6 20 27 19 5 36 22 29 29
49
20 41 20 50 49 7 39 1 23 33 8 38 39 15 31 35 24 10 16 44 15 22 40 45 7 21 19 29 4 27 18 49 13 35 17 48 14 7 39 26 6 46 47 50 14 12 39 5 38
36
44 38 49 28 49 49 20 18 9 22 27 27 5 36 2 35 9 27 13 14 11 36 37 30 37 2 4 6 13 47 44 42 22 28 7 39
35
47 36 4 3 48 35 47 49 35 3 25 5 7 26 36 3 1 35 35 48 50 18 48 1 17 10 24 27 1 37 20 35 16 16 26
11
49 32 35 28 31 10 8 26 45 39 23
4
49 22 5 21
36
31 28 44 31 46 46 4 19 45 24 7 7 26 49 12 50 19 48 45 20 49 11 37 44 48 2 32 36 46 29 28 13 36 38 30 9
5
35 47 36 18 11
13
39 27 50 13 38 17 23 4 14 44 24 37 10
47
39 6 21 14 42 5 16 9 45 37 46 2 47 22 47 49 43 23 9 6 21 6 31 38 1 29 26 48 13 11 27 47 2 21 15 11 18 36 49 14 17 8 2 30 8 34 15
38
9 11 23 24 12 37 31 21 23 30 3 4 9 11 28 44 47 23 14 43 13 11 44 12 21 22 32 39 13 31 12 5 14 41 47 46 32 13
50
34 34 39 7 6 45 50 23 5 32 40 1 26 50 26 24 35 46 7 25 23 43 46 33 49 38 18 28 23 41 19 49 1 11 50 28 2 31 30 44 49 17 1 6 41 36 44 14 8 28
33
27 46 10 14 8 23 43 30 39 17 4 6 23 27 44 30 23 7 47 47 31 48 23 23 37 25 19 7 22 44 47 39 46
5
3 37 21 3 46
41
16 1 50 3 40 23 8 39 35 10 48 2 8 14 26 2 15 44 25 14 20 37 24 14 4 3 5 5 29 31 4 34 11 34 7 31 13 44 19 38 16
45
14 48 1 33 19 38 29 22 11 47 35 49 30 20 34 20 10 27 39 16 43 22 33 14 31 33 34 28 7 36 23 26 2 47 43 4 50 4 36 38 10 4 42 23 41
13
21 31 44 45 12 31 43 17 34 47 6 35 17
35
13 49 50 26 25 29 28 32 21 1 30 39 10 20 19 38 35 2 42 46 41 37 28 40 3 32 33 12 33 45 32 33 40 15 15
14
11 37 43 49 6 35 39 21 50 18 10 46 17 42
9
35 12 7 15 15 14 29 15 25
31
50 9 35 30 30 7 4 48 18 25 18 3 10 49 49 38 17 4 49 21 15 50 30 34 21 1 17 2 42 28 40
37
43 38 22 32 9 47 10 27 16 42 24 38 45 13 31 12 37 10 33 29 29 48 47 21 7 21 27 29 31 6 47 11 6 30 22 46 1
11
47 47 12 42 3 14 44 34 13 31 42
40
13 23 25 45 26 46 24 32 13 14 14 38 16 11 7 7 49 8 25 41 25 26 26 40 31 47 43 24 48 38 28 2 50 25 46 10 32 1 10 46
35
8 33 41 23 20 1 24 8 42 47 46 31 28 32 21 42 6 32 18 29 7 48 19 41 13 28 1 23 36 16 41 36 15 3 11
31
24 45 3 24 10 23 27 6 26 33 43 17 17 1 24 2 40 29 10 34 34 9 47 44 5 33 48 21 45 36 22
6
14 7 46 3 14 30
32
10 41 38 20 27 32 50 12 39 49 5 47 17 3 36 33 45 22 45 6 40 43 16 23 21 39 39 25 12 39 38 29
41
31 38 12 46 29 20 22 25 2 1 2 37 50 20 28 48 39 2 7 15 16 2 41 35 25 24 18 41 17 30 24 34 32 8 22 17 50 30 4 33 39
26
50 20 13 9 45 28 27 31 4 23 50 49 48 6 50 33 29 44 32 24 17 34 15 33 21 43
43
18 22 15 23 20 12 31 9 39 11 10 12 30 19 21 49 13 40 16 44 28 35 31 3 34 48 3 3 36 22 50 37 46 27 17 34 41 26 49 26 37 16 15
23
34 12 41 46 43 8 18 26 25 36 48 21 16 16 1 34 49 17 16 26 5 3 35
36
1 28 40 13 42 47 1 38 32 38 41 42 25 9 8 19 19 41 33 32 18 15 15 42 39 14 9 47 29 30 37 2 23 9 2 27
30
17 44 13 21 36 30 49 39 43 28 8 27 42 31 41 44 17 18 12 16 12 34 9 25 31 45 49 20 22 40
10
4 32 34 38 28 13 7 47 41 40
4
13 45 21 36
36
17 13 36 39 20 21 42 22 16 23 38 5 30 29 9 50 50 12 44 29 50 41 48 19 35 11 36 38 23 34 26 13 39 44 7 13
42
4 5 36 14 40 26 28 36 20 43 26 16 38 43 36 12 20 21 6 27 48 16 44 14 39 4 47 19 20 14 44 45 42 34 3 49 33 1 41 1 10 30
33
47 46 39 32 4 46 17 22 18 11 13 15 3 34 39 43 30 39 42 31 25 47 6 10 44 10 32 31 39 36 1 3 42
40
47 7 28 50 37 49 38 24 27 38 40 30 7 44 44 48 25 29 9 33 13 4 4 21 30 20 26 50 28 28 17 26 11 7 37 1 45 36 23 1
1
50
23
39 5 18 35 44 25 24 37 19 25 13 31 8 19 2 40 2 25 35 28 32 43 3
41
15 27 2 2 28 32 33 25 10 5 39 23 45 29 12 33 7 22 20 45 13 27 2 42 19 26 28 48 14 25 12 15 26 30 11 6 30 16 25 21 13
9
43 45 11 31 38 38 22 3 26
11
12 43 1 33 10 31 47 14 27 21 8
30
25 49 30 11 4 33 11 23 30 20 9 4 43 26 36 19 11 17 7 16 4 8 25 27 3 40 30 34 5 23
20
42 1 20 5 10 20 11 3 27 33 1 36 26 2 21 31 38 5 30 15
28
13 38 17 37 2 44 35 20 33 34 17 5 20 21 10 7 14 19 23 2 10 2 46 36 8 27 36 41
33
23 40 43 23 31 41 21 16 8 44 17 14 50 37 44 27 9 26 36 41 6 41 1 43 5 24 25 19 9 11 12 8 23
41
34 29 32 17 35 50 6 14 24 24 39 50 9 34 25 22 35 44 17 29 10 7 24 18 21 48 16 46 13 45 2 29 37 12 8 38 39 30 26 8 13
5
6 32 10 23 29
34
50 9 28 33 45 32 23 26 14 10 21 16 46 26 6 19 32 14 49 17 31 4 47 48 30 29 22 26 17 49 25 14 9 30
21
38 33 27 2 25 13 21 28 14 26 13 13 7 41 40 6 37 25 3 29 22
36
41 13 45 14 25 6 43 45 12 11 10 50 32 18 44 20 4 3 9 45 5 12 15 42 25 15 7 20 22 15 13 40 46 4 31 27
34
7 14 30 7 20 8 19 27 29 36 23 9 47 10 29 34 18 14 41 37 24 26 40 11 8 41 3 24 2 13 33 15 46 31
10
8 25 47 39 38 19 41 10 40 5
2
23 19
5
14 49 22 42 45
4
20 50 23 50
4
43 35 4 7
29
34 16 4 23 5 18 19 13 35 17 40 11 16 18 23 34 46 15 40 10 20 44 46 13 22 2 31 49 45
33
35 17 34 27 19 20 4 22 6 40 22 32 4 49 14 28 8 50 24 47 48 46 2 18 16 50 46 42 27 2 43 11 15
31
22 3 25 12 43 34 8 44 43 10 40 50 28 49 4 43 6 39 39 24 45 34 8 41 9 38 46 33 3 22 32
3
8 15 27
39
32 5 43 10 31 29 4 21 5 12 36 37 44 50 25 25 13 10 22 31 38 45 35 47 27 26 34 1 10 15 46 8 13 41 22 16 26 12 21
44
36 48 16 38 26 42 21 12 27 38 13 3 26 1 46 12 8 16 3 50 21 37 48 18 40 36 7 24 26 23 46 5 49 33 9 19 22 14 9 41 12 37 24 30
19
4 23 23 12 18 8 47 24 23 47 32 27 11 22 17 38 12 5 41
10
44 46 7 43 11 47 8 22 21 21
11
39 37 34 16 14 16 34 34 7 13 24
32
22 17 45 50 1 5 28 20 42 45 8 40 49 49 14 27 11 1 8 39 13 39 23 39 20 4 31 39 2 19 16 44
30
28 46 2 45 4 46 47 18 30 16 31 49 8 17 16 22 41 40 45 15 8 12 22 20 2 46 15 2 44 47
43
49 16 23 3 15 29 28 17 30 30 15 27 3 9 35 13 34 15 8 29 37 26 10 35 12 46 13 7 8 38 43 47 10 42 9 47 37 35 49 14 40 18 48
18
43 7 48 47 31 6 36 47 3 26 47 46 4 25 36 23 40 31
1
19
16
27 2 40 15 28 44 8 3 40 25 6 15 50 32 28 22
5
46 14 17 35 20
36
18 21 6 35 48 4 1 32 35 5 29 39 17 25 2 4 44 18 26 24 33 32 29 38 5 1 7 28 25 19 16 25 41 29 46 26
45
34 47 20 13 18 46 23 11 49 38 7 37 10 34 34 13 30 32 42 10 2 36 18 28 46 49 25 35 38 2 39 14 41 13 3 11 5 15 6 7 4 44 39 40 28
21
2 48 41 14 49 4 10 1 23 1 13 37 13 10 26 18 30 33 50 7 37
15
3 12 40 14 14 37 20 50 6 30 22 12 15 41 11
22
35 30 39 26 39 6 30 37 33 30 37 6 7 3 33 19 2 13 8 32 49 29
35
7 35 48 16 16 36 36 50 30 4 32 32 47 14 41 24 17 44 6 4 26 28 28 16 33 20 2 33 35 12 10 23 34 17 13
50
23 37 5 25 16 18 42 33 43 36 35 4 40 22 20 21 48 29 37 6 45 30 24 9 8 48 45 4 2 30 27 9 13 16 40 41 9 15 48 27 18 6 11 1 19 31 39 26 23 20
14
24 29 29 21 47 46 3 31 50 13 39 17 9 28
45
27 16 20 14 18 12 29 21 7 1 17 17 9 41 12 23 29 11 36 17 50 27 49 48 32 2 15 31 11 43 48 40 6 4 22 46 43 40 21 17 5 18 34 16 20
41
36 29 1 37 12 50 25 19 44 8 40 25 27 18 27 17 24 33 43 10 36 33 16 4 16 34 36 8 50 25 45 1 2 16 43 40 20 25 50 37 3
47
44 33 44 16 7 25 43 2 1 23 49 25 3 32 12 25 24 46 41 33 3 41 22 12 43 3 21 13 23 19 38 19 23 10 26 28 31 27 1 36 4 13 48 38 38 30 20
25
30 9 16 33 30 19 6 40 7 10 17 6 26 25 29 7 9 29 29 45 11 25 5 50 14
37
23 1 12 42 37 32 38 3 26 45 17 44 37 35 16 23 50 22 15 10 4 1 32 28 12 43 16 15 20 8 16 43 39 13 22 26 23
30
4 23 37 21 10 35 10 27 26 4 1 32 17 16 7 19 37 30 8 37 13 50 4 36 47 43 42 2 42 34
8
26 14 7 6 50 29 14 43
21
10 29 26 17 18 7 35 15 31 16 5 15 30 36 49 49 47 46 48 31 32
35
31 21 32 23 9 22 13 29 23 13 19 24 5 29 41 24 20 5 36 2 25 49 19 44 39 47 43 1 18 13 29 41 14 19 14
47
50 4 49 21 36 29 15 50 12 30 40 2 46 19 36 42 35 38 45 34 27 29 37 22 3 2 14 33 47 9 21 33 11 11 19 13 12 49 40 5 33 43 49 9 34 12 14
30
12 41 20 12 32 16 15 45 19 22 37 30 38 19 25 31 46 5 29 37 50 49 9 18 18 47 12 5 15 42
37
36 40 46 37 40 32 18 29 1 40 9 30 50 13 9 23 50 1 40 7 39 15 29 49 36 44 22 49 43 13 28 3 18 39 25 5 16
30
27 27 47 25 20 6 49 4 10 34 16 15 45 47 46 47 18 36 7 31 2 50 32 17 35 47 12 26 36 38
44
5 24 5 47 35 20 48 4 12 31 2 25 26 34 25 11 48 20 28 13 6 10 6 4 41 17 35 1 6 11 32 41 21 46 42 17 6 45 4 18 38 18 9 20
1
9
36
42 25 23 40 15 36 5 31 14 29 46 41 28 11 40 14 47 44 41 36 27 1 12 20 25 8 13 26 30 34 10 42 15 3 2 3
1
9
25
32 4 4 26 22 23 7 50 36 41 9 9 41 23 18 41 11 47 16 1 29 49 21 49 29
37
44 42 5 37 21 10 17 36 39 40 21 6 13 15 38 17 12 39 32 29 49 34 30 13 33 3 6 10 11 16 30 23 2 43 36 19 49
37
48 42 13 27 16 10 16 13 30 37 19 24 36 38 23 15 43 15 49 35 39 48 41 24 20 35 12 40 31 37 21 29 39 18 48 27 21
50
44 5 28 11 6 12 1 4 49 10 16 47 37 1 12 15 42 15 25 41 35 47 10 27 3 20 30 16 6 37 13 26 39 32 22 15 31 25 38 19 5 19 10 3 10 10 43 3 34 50
47
12 41 42 28 6 39 2 21 43 45 10 11 26 28 50 27 47 14 8 16 24 43 29 50 37 16 41 1 20 47 20 45 37 42 33 4 16 31 14 7 15 38 26 31 39 26 11
27
22 40 29 9 26 13 10 32 7 3 50 50 9 35 33 32 28 31 50 45 14 43 10 28 34 24 19
1
24
21
32 21 42 27 44 7 31 49 13 42 14 44 15 45 5 45 25 50 50 33 1
46
27 44 31 43 9 39 6 26 45 21 38 14 46 30 15 20 5 43 26 15 27 18 11 47 30 38 41 14 15 36 25 14 1 16 14 12 33 37 1 7 28 1 39 22 34 41
28
29 27 20 7 48 36 47 23 38 11 46 9 48 47 24 10 22 24 14 21 41 24 27 24 23 2 15 12
49
34 14 3 29 24 8 22 7 27 43 12 12 38 32 4 8 5 34 40 12 7 43 24 41 49 38 47 29 45 40 15 38 42 15 1 40 6 5 45 12 23 39 43 11 37 35 43 48 32
19
4 14 20 33 28 1 32 24 48 14 6 21 2 42 10 46 37 23 23
44
24 20 30 31 1 18 14 45 7 48 36 15 1 9 5 4 22 8 43 22 31 15 36 27 20 23 24 43 5 28 12 18 10 24 5 5 33 24 1 10 37 12 15 2
5
20 36 43 48 34
45
24 19 16 5 5 24 27 37 5 33 27 46 37 5 12 33 41 1 23 4 28 24 47 8 25 13 13 9 16 10 27 41 18 42 34 35 26 9 8 33 42 40 39 19 23
40
18 30 1 42 12 42 34 25 11 32 33 43 4 40 43 35 13 20 40 47 5 39 29 2 11 45 33 10 3 4 5 3 33 24 17 38 28 33 33 44
34
43 34 49 44 28 24 48 39 1 2 22 11 42 36 26 7 23 44 50 32 27 24 28 48 12 12 3 17 43 33 45 13 1 30
49
3 29 21 20 26 35 20 19 45 2 39 48 23 3 30 43 10 40 16 27 7 32 27 24 35 31 45 39 47 35 14 17 2 12 6 16 22 21 27 48 14 11 11 44 11 19 34 17 7
26
3 26 46 21 42 8 15 44 15 14 20 38 49 39 2 36 10 5 14 25 1 23 32 36 39 1
49
45 47 22 37 24 10 47 42 48 27 1 9 36 43 41 2 2 13 50 39 43 37 16 5 32 8 4 13 42 13 19 20 23 36 27 9 46 20 7 42 6 9 47 11 48 41 21 40 5
48
10 43 33 14 39 7 8 29 36 26 41 49 22 22 14 28 29 32 34 13 36 6 12 28 7 13 27 1 26 33 22 47 15 15 48 32 22 22 23 27 45 32 15 38 5 20 46 43
26
16 21 28 6 26 27 45 2 23 26 49 4 47 14 31 50 46 1 25 32 26 6 36 32 47 47
23
15 13 48 12 10 8 20 3 40 37 40 29 32 7 34 22 22 39 7 12 40 18 31
17
18 16 16 11 46 13 8 38 8 1 8 24 2 38 18 4 15
6
9 32 15 40 2 6
36
37 15 8 47 19 43 9 38 23 19 22 39 23 34 41 12 10 35 27 49 4 12 38 9 13 34 40 34 32 16 2 12 49 35 34 26
4
29 47 32 21
30
13 23 8 21 1 42 15 4 5 17 46 19 4 27 38 4 40 10 40 9 4 10 26 18 17 9 46 23 44 27
15
23 18 8 26 30 29 15 37 48 28 14 32 34 33 38
14
5 23 29 7 11 2 50 25 18 5 26 31 42 41
30
10 24 49 33 29 3 19 37 30 50 3 7 26 35 14 18 14 34 35 1 49 7 35 20 1 27 2 15 41 16
17
5 50 48 12 23 40 11 31 43 40 45 31 40 45 25 50 15
46
20 50 1 4 13 50 7 34 28 17 32 1 28 27 42 15 36 36 32 44 47 22 11 39 49 44 31 25 16 40 39 16 47 49 6 14 5 38 9 4 6 3 5 1 29 18
20
9 3 15 43 35 42 5 13 24 39 11 30 38 8 46 47 25 45 36 32
42
36 3 47 31 47 28 23 24 43 8 42 21 43 17 49 28 3 38 24 2 38 49 5 29 42 45 30 16 47 49 47 19 47 15 38 36 3 27 44 5 46 38
46
40 24 43 32 23 49 49 41 12 34 50 12 37 45 35 42 25 14 8 40 20 1 26 20 6 27 28 32 4 12 3 42 36 24 20 20 18 23 5 35 44 17 22 14 18 27
24
14 12 28 21 22 11 30 15 21 17 40 21 26 25 16 27 49 44 28 26 20 50 13 10
41
36 19 27 8 11 32 39 17 22 13 50 25 40 18 7 10 49 2 13 41 30 17 40 42 21 37 38 28 32 43 19 2 35 35 16 12 48 17 49 29 8
18
42 31 48 17 44 19 1 31 33 45 3 15 13 11 21 31 20 20
2
46 7
13
25 6 12 40 29 33 8 28 24 33 8 33 7
46
45 5 10 26 33 17 50 47 10 46 42 28 44 46 36 27 40 10 25 12 40 9 24 42 34 6 16 38 42 8 40 40 49 29 16 16 27 35 29 16 32 36 50 23 25 12
1
36
48
32 10 28 28 17 31 42 16 34 31 17 24 10 35 11 2 24 44 13 34 25 23 42 30 6 32 23 40 20 42 27 36 13 6 27 30 43 36 32 31 19 46 26 19 34 42 32 38
41
6 5 37 1 29 31 45 36 5 12 20 29 7 41 15 23 49 1 31 36 6 19 47 29 13 5 13 32 37 31 19 47 10 15 14 5 31 32 44 6 11
39
25 47 8 31 25 19 34 22 25 38 7 41 31 11 6 23 23 18 18 44 32 49 9 42 1 9 19 1 28 15 43 24 37 3 46 23 40 14 35
12
17 5 49 47 9 41 42 22 6 15 41 37
46
39 36 2 39 48 28 48 10 48 12 29 32 18 32 39 3 8 5 22 9 2 17 15 33 15 17 47 34 42 45 32 3 31 30 9 39 16 45 19 42 47 44 28 17 24 41
46
13 39 47 15 25 14 38 15 40 31 44 33 21 47 30 13 6 26 30 18 5 5 14 8 14 26 35 43 25 1 14 30 36 40 40 17 41 5 22 34 25 49 6 10 36 44
15
33 19 16 5 48 31 50 43 49 43 50 35 20 10 9
8
46 34 20 1 11 1 9 44
25
50 3 25 28 28 20 37 34 48 40 34 1 28 40 39 29 49 14 9 30 18 19 12 1 34
19
7 36 35 19 35 34 21 40 39 50 9 16 14 31 49 1 43 49 27
17
14 6 21 22 6 17 34 8 30 33 23 50 7 6 28 32 11
11
9 4 23 17 17 16 14 10 28 23 49
27
46 10 11 47 22 10 12 49 35 14 11 30 39 31 21 25 44 22 42 27 23 8 16 39 17 36 19
49
19 46 18 40 49 21 19 47 20 43 24 27 11 40 31 3 48 20 43 29 28 33 14 45 50 32 44 16 27 39 24 7 49 20 32 46 37 26 50 48 33 29 15 36 47 15 2 23 7
6
28 1 6 2 16 26
33
18 37 43 5 14 24 1 48 42 32 29 33 35 36 34 5 33 3 50 23 43 49 10 49 8 30 4 8 3 7 9 45 2
10
10 37 39 30 14 31 3 37 18 37
10
24 26 35 40 26 4 9 2 9 2
8
5 44 6 16 24 25 39 29
36
40 29 45 46 12 44 8 30 27 10 37 35 39 38 14 8 44 12 5 6 12 46 34 29 1 24 22 27 1 1 15 46 5 16 31 34
32
31 39 21 7 17 40 49 9 36 47 9 48 18 11 30 24 29 34 36 45 7 22 2 21 15 38 39 45 25 4 44 43
49
49 20 39 39 19 6 18 38 32 42 35 23 49 3 40 7 33 26 8 9 27 21 11 40 50 13 31 50 35 29 17 5 13 16 37 43 32 46 7 4 39 6 5 38 20 38 35 34 11
36
25 12 43 35 46 40 37 37 42 16 12 8 13 42 4 17 10 32 17 30 37 28 39 39 37 35 6 35 43 21 22 19 18 30 39 13
7
39 30 21 42 18 27 40
47
16 40 40 37 38 16 19 32 13 24 19 46 30 21 14 30 47 7 1 15 26 8 27 39 26 38 9 3 28 33 44 26 40 1 24 4 19 39 19 20 21 35 17 44 35 46 48
19
30 48 36 12 39 48 33 46 42 5 1 36 26 2 24 9 46 29 23
35
38 40 33 26 19 47 22 11 32 6 39 17 12 32 5 17 1 9 38 26 49 39 25 44 3 17 12 43 42 19 11 50 30 35 1
44
20 6 34 15 37 21 36 42 46 6 49 36 43 41 44 27 17 23 31 15 25 39 11 1 38 2 1 37 29 1 5 42 12 2 27 15 5 16 13 46 42 28 24 30
22
25 10 18 5 44 2 41 19 14 30 26 22 16 7 24 13 49 37 32 47 13 50
4
28 1 46 22
5
22 9 24 24 22
5
18 44 42 14 29
24
46 7 18 12 34 25 42 35 21 35 14 8 50 46 18 48 10 23 39 26 24 22 12 15
30
33 43 38 22 41 48 42 46 23 28 49 7 25 35 14 49 31 40 39 6 29 42 4 47 40 45 47 12 25 12
31
36 44 20 49 42 20 2 7 33 14 17 13 26 25 47 20 40 22 37 32 4 25 13 41 10 25 11 42 24 41 45
23
31 9 11 30 36 48 47 30 49 8 1 9 34 29 11 15 39 28 12 7 16 39 47
11
43 33 25 49 28 11 21 12 5 19 12
30
43 29 18 45 42 8 38 17 44 20 2 10 10 39 39 50 8 50 10 21 17 42 3 34 37 1 7 24 28 48
9
25 2 42 2 5 7 17 19 49
50
50 14 30 46 44 14 21 47 48 32 3 2 23 4 39 46 1 28 36 18 46 36 34 43 38 17 33 20 33 6 32 7 22 26 11 37 8 16 9 35 9 34 9 50 43 7 18 29 47 32
21
42 40 13 43 20 37 39 40 17 12 3 23 41 41 24 27 29 13 20 26 3
22
23 14 24 30 14 18 38 7 25 33 13 16 33 30 43 19 31 29 28 45 26 29
33
33 24 47 47 22 40 17 8 28 35 27 19 14 21 48 26 17 36 14 25 39 28 2 32 20 22 31 27 27 35 50 17 46
39
16 30 43 30 13 42 15 39 13 21 47 19 20 46 32 33 6 33 38 42 44 23 39 32 49 12 20 16 14 19 17 42 26 8 50 21 40 5 45
12
22 23 46 35 18 26 40 48 10 50 20 34
18
19 7 35 35 10 44 20 29 43 33 19 13 33 33 33 44 5 43
50
48 23 26 17 41 50 11 21 7 14 42 5 22 46 6 20 5 44 10 13 42 9 48 30 2 26 32 25 45 19 16 35 19 9 29 3 28 41 8 32 42 3 27 13 25 2 41 20 4 14
31
26 36 33 48 17 30 44 29 6 44 22 12 29 46 20 30 23 47 10 48 45 1 8 34 37 22 18 17 43 48 34
37
32 15 26 33 2 9 7 7 20 44 13 39 35 28 41 12 41 32 25 3 45 46 43 7 49 14 25 22 13 50 39 26 13 46 12 28 37
29
19 26 45 12 40 28 14 47 41 5 23 38 28 23 16 2 6 34 49 12 19 32 9 49 41 27 37 11 25
32
43 11 33 46 26 50 17 20 18 49 14 21 19 16 28 25 13 43 7 14 7 33 2 21 12 1 45 29 10 38 42 32
6
2 34 10 42 44 43
43
46 17 14 33 20 40 14 12 39 20 18 14 47 48 11 48 10 2 2 2 43 5 20 28 28 26 42 39 35 25 16 15 1 40 3 15 7 30 20 8 4 5 31
46
41 15 45 20 33 15 2 28 43 18 43 4 44 47 7 15 23 27 33 35 47 12 10 7 42 9 20 44 16 30 19 20 24 31 8 41 36 23 21 12 38 29 6 41 27 36
40
1 15 47 13 36 46 8 10 43 8 39 5 34 36 43 8 7 38 8 26 18 20 2 10 21 13 41 44 35 37 14 28 19 50 2 16 16 4 46 5
11
41 47 25 4 39 12 13 37 41 32 38
44
31 28 6 37 23 36 7 25 22 27 21 19 18 12 32 43 2 24 17 3 3 20 27 21 31 1 20 11 4 14 23 35 29 38 3 7 16 12 19 40 31 47 13 41
49
43 29 6 49 24 23 18 39 36 2 42 20 39 33 38 8 23 43 35 19 4 25 1 2 48 24 34 27 35 5 47 12 19 38 6 1 34 22 42 24 47 16 15 19 8 22 8 21 31
33
46 28 10 3 19 12 29 7 21 32 12 28 25 29 29 28 27 7 8 30 4 46 34 25 44 50 5 29 31 28 44 29 41
40
46 13 38 16 11 17 38 43 14 36 28 29 22 42 41 6 23 22 42 19 32 42 25 27 8 26 38 32 13 45 13 29 12 1 19 8 15 14 21 40
35
1 2 3 17 24 25 26 25 10 47 24 23 6 34 32 13 32 16 23 17 48 14 46 2 33 8 40 46 47 14 19 14 4 17 10
20
50 38 5 42 14 8 48 39 23 49 47 12 25 11 23 32 23 5 50 7
29
45 14 46 12 33 10 28 10 28 41 9 29 34 25 45 32 14 21 3 27 33 16 23 36 13 28 46 6 18
1
17
21
35 44 39 3 6 9 13 7 4 37 45 3 41 31 35 28 34 37 38 37 18
44
30 6 29 47 12 43 11 21 27 14 9 43 39 44 15 12 11 23 17 3 50 35 18 30 48 28 29 41 42 24 22 23 8 41 21 41 23 28 28 9 18 47 17 49
9
27 39 16 3 33 4 7 11 34
38
2 36 15 49 48 27 34 10 42 41 13 16 4 11 39 13 30 40 46 29 37 40 8 42 15 20 20 41 17 8 16 13 48 38 29 25 24 10
15
41 46 2 44 35 21 19 8 16 26 33 19 30 14 4
40
25 43 48 18 50 30 8 27 1 2 39 18 12 25 32 48 9 27 39 37 33 34 47 8 32 1 40 17 49 6 46 49 13 41 17 45 36 7 28 12
23
18 1 39 32 10 5 30 8 21 30 3 33 9 33 15 27 24 34 32 12 25 26 46
16
44 18 26 6 42 13 37 45 34 1 43 33 44 21 1 43
17
25 18 22 3 44 29 40 4 23 9 19 41 40 39 34 36 40
28
5 41 22 24 10 48 41 44 23 33 7 45 23 20 30 43 7 39 29 19 45 29 29 43 35 9 42 16
38
13 31 27 29 27 10 49 9 48 11 11 37 20 7 7 28 46 5 35 28 16 34 4 38 47 7 30 25 2 46 31 32 50 25 17 6 2 3
20
30 47 45 8 46 1 38 24 3 21 19 46 15 2 5 46 5 19 25 22
43
5 8 44 5 38 33 25 42 49 38 33 45 9 27 13 3 16 17 42 46 15 16 24 9 27 23 15 20 50 29 36 41 32 41 7 24 31 38 20 42 35 20 9
39
13 25 44 32 20 19 9 33 19 35 17 39 3 9 38 41 36 15 5 11 45 49 5 34 14 4 30 17 28 1 36 13 21 22 15 37 16 35 10
1
40
28
2 31 49 18 6 3 9 11 33 47 11 48 20 30 47 6 50 3 4 19 49 35 27 30 18 49 2 34
38
43 21 27 48 41 34 37 25 14 14 7 22 47 42 37 16 9 40 36 36 43 12 19 39 37 27 41 8 24 46 27 11 35 50 30 43 32 34
49
22 1 18 34 37 47 17 17 10 22 38 32 18 45 45 25 24 29 5 32 17 45 23 24 25 7 25 35 30 32 2 29 17 24 19 35 46 16 24 36 49 21 34 1 3 25 29 35 30
21
1 4 3 34 32 7 29 31 29 30 34 42 36 1 22 5 33 44 3 15 37
47
21 40 47 4 32 32 16 43 32 11 6 31 41 33 35 41 25 17 30 12 27 21 30 28 18 39 31 9 36 38 42 17 43 44 21 15 21 47 19 47 30 25 28 6 50 28 38
15
36 47 1 25 49 9 22 50 44 9 16 45 49 12 41
42
24 21 32 34 2 5 37 9 28 46 22 31 14 47 33 17 23 12 7 8 33 40 16 23 40 10 20 50 36 5 6 10 10 38 16 12 8 12 34 16 10 29
18
16 46 30 6 15 4 30 30 43 5 39 4 48 14 30 45 15 30
31
48 5 49 32 26 16 26 38 38 4 50 48 42 40 38 40 31 36 7 21 14 14 7 21 7 22 45 33 6 19 34
35
13 14 43 17 43 22 36 37 46 44 42 41 30 22 38 25 32 11 3 18 20 29 47 36 1 35 28 7 24 8 30 12 2 42 41
23
19 20 50 12 22 39 37 7 32 23 13 32 8 16 33 18 16 48 7 2 38 9 8
13
47 14 18 42 4 13 20 36 10 27 13 16 45
35
43 27 24 4 50 32 30 15 24 7 35 17 13 8 31 25 36 10 13 20 3 33 49 50 46 27 15 24 28 17 48 48 7 41 35
22
48 7 16 13 29 41 8 41 26 42 45 48 5 22 27 14 9 10 21 35 16 29
15
35 15 30 45 21 8 41 19 48 29 43 11 46 49 7
10
40 30 21 40 46 46 36 10 41 17
34
41 18 10 17 24 22 40 27 24 38 44 44 19 18 11 2 7 49 35 8 24 5 26 24 1 39 39 37 42 42 28 29 3 25
24
7 27 8 26 10 49 33 27 9 45 7 40 5 16 17 45 30 13 32 16 4 8 38 31
17
27 40 22 7 39 34 44 1 8 24 32 14 8 22 2 16 37
23
47 45 19 8 1 40 6 17 6 40 31 42 22 44 20 38 5 47 41 41 26 2 37
32
14 20 25 25 35 5 29 10 21 4 29 16 26 32 23 30 20 23 38 33 14 34 34 27 44 32 41 47 50 18 17 16
16
29 24 10 10 21 7 7 2 3 8 16 5 36 20 35 36
30
7 30 36 40 19 30 28 24 21 16 11 48 17 5 19 37 4 24 17 5 3 23 38 13 30 11 38 9 44 4
38
45 34 37 43 25 47 3 35 5 26 20 9 27 36 2 28 44 18 7 16 39 50 10 32 50 26 27 3 22 35 10 31 32 40 38 23 39 23
30
17 46 46 24 33 41 27 5 41 12 8 2 29 1 30 39 29 2 31 4 7 12 2 21 27 30 29 46 14 43
48
50 11 2 46 13 23 8 39 42 24 38 10 30 7 28 36 12 17 44 29 33 39 20 38 48 5 26 5 30 47 36 28 9 39 41 37 37 33 7 17 20 30 1 3 19 6 21 4
33
1 36 34 5 47 39 21 4 1 18 41 2 11 6 27 12 33 9 39 15 13 8 7 40 12 27 44 37 7 46 32 17 41
34
9 30 25 36 25 49 39 2 48 24 40 47 6 18 47 23 42 30 31 41 8 22 24 1 49 34 5 15 10 5 1 2 47 50
14
17 17 21 49 49 22 43 17 5 26 7 47 48 30
46
47 28 20 4 10 41 12 45 2 43 12 18 45 12 24 24 5 23 29 46 29 35 22 20 10 13 49 5 43 20 36 45 48 31 27 37 39 25 36 15 10 5 28 8 11 26
22
45 20 28 20 5 1 9 35 42 19 32 49 11 48 2 33 15 46 14 6 8 22
36
17 15 50 41 21 5 17 45 14 19 21 12 49 45 12 2 17 36 15 42 27 16 5 14 3 1 9 30 48 47 26 11 48 37 24 5
1
5
42
7 29 44 7 22 17 46 14 18 40 25 49 6 34 22 46 42 25 28 46 1 9 30 48 47 34 13 24 2 11 39 32 49 25 21 49 43 5 31 38 11 24
44
21 28 30 19 21 15 10 30 50 28 2 10 19 14 27 8 26 49 43 10 19 29 27 18 7 23 28 43 21 28 46 27 47 16 47 30 17 32 40 14 45 30 13 50
2
22 37
40
42 2 39 24 34 44 5 2 47 18 15 40 31 28 3 23 37 50 30 21 32 17 37 8 48 23 42 8 7 25 33 18 16 15 21 41 22 1 47 32
48
17 48 28 50 27 11 2 11 18 42 10 23 18 6 12 20 23 50 28 48 48 38 11 27 29 31 12 17 43 50 30 42 21 1 23 22 7 13 46 5 2 1 49 9 40 49 12 31
37
20 25 6 10 4 19 33 17 47 40 50 21 7 48 38 10 39 10 50 47 1 28 14 49 29 34 28 36 44 18 47 30 32 2 26 41 13
22
17 25 22 17 11 6 18 30 41 9 30 36 7 15 17 9 32 21 43 15 16 34
43
50 48 18 28 29 26 26 46 34 24 33 22 18 32 24 3 22 23 26 45 31 3 16 22 29 19 9 30 11 32 2 28 15 25 7 8 12 16 23 26 20 50 36
34
47 25 26 11 36 32 23 35 20 31 17 39 10 42 45 50 16 49 43 23 49 45 1 18 50 11 10 17 23 39 48 16 32 34
33
11 24 27 19 34 48 26 49 35 17 32 7 43 27 35 32 43 48 40 9 40 28 40 36 33 24 28 30 20 35 13 1 5
21
1 33 38 33 18 11 12 11 29 7 30 31 12 27 28 41 17 26 49 48 15
4
37 15 33 27
48
36 23 46 21 24 46 4 46 11 7 10 28 22 11 13 36 8 27 30 31 1 30 19 45 48 15 3 25 34 42 39 38 21 26 12 49 9 10 37 48 30 5 15 19 36 9 43 23
24
40 16 13 2 1 24 36 47 26 15 19 26 9 10 22 33 16 12 15 32 44 21 6 43
5
38 8 14 24 44
27
8 9 36 40 45 6 41 13 18 16 36 27 21 24 43 33 32 32 35 21 46 27 15 46 35 4 1
22
11 4 40 21 7 4 14 38 11 5 13 35 49 16 26 15 42 47 1 1 42 19
46
48 22 1 41 18 22 34 3 27 39 3 48 20 27 19 8 11 36 22 46 18 30 47 14 13 46 17 50 35 40 29 27 18 8 6 34 44 23 30 21 22 35 24 28 28 46
28
40 26 2 10 15 37 20 7 25 42 19 48 24 29 13 31 22 41 38 21 50 5 11 21 29 27 7 34
2
47 35
42
8 18 25 15 27 28 20 40 13 19 25 33 26 13 29 21 8 18 49 25 37 14 38 37 3 50 11 9 48 22 46 50 24 32 16 30 44 25 26 41 7 32
32
17 37 3 23 3 33 14 44 34 26 33 2 10 26 9 46 22 34 46 19 26 26 42 46 41 8 7 14 3 15 3 45
42
11 25 7 32 46 31 17 12 28 38 7 29 46 46 25 37 22 47 4 10 29 48 17 50 6 23 49 30 17 27 41 40 26 35 11 41 45 27 38 30 11 14
16
20 14 19 12 26 47 25 29 9 48 49 32 15 24 21 26
24
28 13 36 26 43 8 50 17 36 35 10 7 1 41 42 35 15 3 7 10 1 37 24 43
29
19 35 14 24 3 27 40 5 19 27 18 21 16 43 42 17 40 25 1 23 48 45 14 37 50 1 12 30 50
18
33 17 17 48 15 22 31 6 9 1 3 3 46 10 6 50 36 10
32
50 8 26 50 24 27 20 6 35 22 41 4 30 6 46 29 29 47 6 25 10 1 28 42 26 2 32 28 15 13 45 15
20
43 20 21 10 20 3 24 14 36 29 3 34 50 34 3 6 4 34 47 22
18
48 14 38 14 48 22 6 38 43 36 27 5 48 1 27 28 9 35
15
4 20 12 26 15 28 17 27 4 13 14 18 29 35 10
46
8 13 40 35 2 14 16 17 12 42 35 17 33 36 49 41 50 25 2 17 6 3 45 31 50 41 34 42 49 44 29 12 9 1 26 8 29 33 43 15 10 10 1 24 32 42
35
3 12 21 13 7 16 47 45 44 13 19 37 23 46 42 31 20 43 42 40 6 13 47 9 36 34 45 3 5 39 20 33 1 9 26
21
35 3 46 28 42 7 32 48 50 20 9 22 16 9 27 39 1 13 34 19 24
38
22 45 15 46 4 3 26 7 30 25 26 11 31 44 28 5 36 38 29 38 18 17 48 24 5 41 49 20 34 28 39 1 36 17 40 21 25 49
18
24 49 34 20 31 43 14 25 6 17 1 6 27 17 27 12 20 6
27
45 26 23 14 12 40 19 45 37 8 44 49 47 23 30 2 21 31 22 41 43 42 30 15 40 25 6
20
9 41 46 17 4 24 40 22 46 35 49 36 23 13 38 45 30 37 12 31
4
27 4 7 39
19
15 33 28 28 10 4 27 40 26 19 26 42 36 28 45 14 42 36 12
1
32
6
2 44 21 42 29 9
10
38 2 49 43 4 48 45 26 50 37
3
35 37 14
50
5 40 31 25 31 8 36 44 15 40 7 24 50 38 35 27 25 36 13 13 17 32 46 29 3 7 26 37 1 25 16 18 16 39 33 48 49 29 43 5 10 23 15 40 30 29 21 31 13 26
23
34 6 10 37 40 41 25 48 1 10 3 48 38 40 30 32 33 8 13 16 37 19 46
23
37 19 11 44 46 34 23 5 8 9 8 40 34 40 48 35 6 39 44 27 34 47 33
34
32 50 36 6 10 46 34 36 15 29 11 1 19 7 20 39 10 5 4 27 10 6 13 46 47 19 2 36 23 25 8 35 42 10
13
6 36 44 25 40 9 16 2 41 10 15 37 34
50
9 32 20 11 4 24 9 1 4 40 40 39 11 36 2 34 33 19 10 23 6 30 11 39 7 38 37 21 34 38 4 24 47 36 22 5 1 36 48 30 38 8 15 40 9 4 39 32 49 18
50
12 38 4 40 45 29 1 43 35 16 46 34 2 5 40 28 26 39 50 31 23 42 14 19 33 3 34 1 2 25 30 25 32 30 29 10 50 20 22 17 36 42 15 36 46 40 15 2 11 1
29
50 39 9 27 48 15 1 24 25 19 15 46 47 11 1 7 33 43 3 14 24 7 39 18 50 48 38 45 10
41
23 40 29 36 37 44 25 48 35 29 50 40 35 16 41 48 31 8 48 6 4 15 24 13 21 41 21 9 46 8 27 30 33 18 23 10 32 8 21 3 43
34
39 41 8 22 9 8 45 45 25 35 43 39 38 48 44 9 28 29 25 11 30 10 34 14 6 4 9 37 6 28 20 24 9 40
23
50 33 11 30 23 14 35 36 47 3 28 39 45 32 3 3 49 44 12 31 30 21 49
45
11 38 43 40 32 41 40 8 48 3 29 16 30 22 27 31 18 27 12 15 6 49 45 26 46 32 39 19 38 9 47 10 4 26 14 12 1 41 12 41 26 1 18 37 31
4
28 44 36 18
7
4 17 43 13 47 14 25
13
8 39 30 48 12 43 9 37 36 14 3 34 14
35
33 47 48 50 24 11 16 29 49 37 23 21 40 17 24 38 50 45 8 46 34 26 42 3 5 38 40 19 40 44 27 43 50 29 22
35
32 29 45 12 13 34 14 32 1 23 1 39 39 33 41 35 12 34 15 46 39 30 32 3 17 33 16 1 44 30 27 11 28 23 14
24
48 35 19 27 25 43 16 47 38 17 28 26 2 19 9 43 17 41 28 34 34 4 18 30
38
13 15 33 16 13 47 33 48 20 9 13 36 22 21 9 18 14 30 44 24 32 48 35 31 47 46 16 37 37 23 38 46 9 11 16 32 44 8
43
4 21 1 10 49 22 24 21 18 49 13 11 20 19 23 6 25 41 27 30 3 34 1 23 28 46 1 30 14 18 23 1 42 50 1 18 28 31 12 13 18 38 38
8
20 28 2 6 37 2 11 11
31
38 13 6 12 50 12 49 43 7 30 30 22 27 3 16 17 24 49 26 22 27 9 12 14 40 44 31 35 24 21 29
7
7 36 12 26 38 15 19
24
38 15 30 30 18 48 6 12 24 10 1 27 19 4 25 1 5 38 2 34 28 48 46 1
22
10 17 16 50 19 3 31 28 29 7 14 36 17 22 25 11 16 35 24 29 20 41
31
4 8 34 24 44 30 39 10 24 43 17 9 30 29 2 31 47 40 14 20 6 14 28 32 32 43 2 29 35 40 33
25
4 32 1 31 18 17 43 22 27 22 20 17 48 40 18 34 41 47 40 17 12 19 46 50 18
7
16 28 41 37 24 8 5
47
28 4 27 13 30 32 19 8 7 5 32 29 6 24 45 2 37 1 24 25 36 45 39 23 21 16 42 17 12 24 11 22 34 22 34 25 22 11 11 47 31 23 18 36 18 40 14
5
15 35 39 5 47
28
1 33 28 6 33 24 49 1 4 35 25 39 42 28 20 49 14 34 25 41 3 5 8 45 32 20 21 32
3
33 11 33
48
23 20 12 34 6 16 17 47 32 47 39 13 43 33 38 50 25 21 13 29 27 24 45 28 13 40 40 37 7 35 42 19 29 1 4 47 46 22 41 39 11 18 13 5 14 17 15 9
30
27 3 31 37 4 8 16 24 32 3 4 5 16 18 23 49 11 15 19 23 27 22 5 50 7 14 26 5 32 29
8
38 4 17 29 11 38 27 14
12
35 34 22 21 46 48 46 25 49 42 35 21
31
15 3 47 47 6 43 25 47 32 34 2 8 8 45 27 49 37 23 21 22 2 7 21 19 47 7 50 50 45 1 37
25
46 7 50 36 48 21 30 37 36 39 16 18 20 19 22 35 12 44 19 48 33 24 29 43 49
38
4 14 14 11 45 45 1 32 12 5 28 28 49 14 24 15 24 49 40 47 30 8 28 21 41 19 13 50 44 39 46 25 46 44 44 40 19 30
9
48 14 23 40 42 24 19 21 9
20
43 32 19 22 23 18 46 26 17 19 5 3 14 46 46 7 14 2 23 10
37
38 18 46 8 48 26 1 38 1 50 48 22 30 6 45 3 27 35 18 31 35 9 34 6 32 45 45 6 50 22 45 34 23 43 16 30 40
43
32 9 10 22 8 23 4 36 9 28 29 18 12 26 17 3 34 42 5 50 10 11 7 27 23 33 5 19 27 17 44 27 19 49 1 37 41 12 8 40 36 7 25
25
37 22 29 25 43 7 9 38 23 50 9 11 50 18 26 6 34 38 11 33 14 39 1 48 25
6
32 6 29 6 43 3
5
5 47 41 37 11
5
21 41 38 14 7
18
49 34 6 1 32 35 23 24 27 4 14 42 38 25 48 45 5 39
32
36 30 5 29 33 10 45 32 16 42 23 17 11 40 27 6 14 39 44 5 1 17 6 7 35 19 37 36 24 6 24 46
16
37 50 41 12 31 1 49 46 3 27 9 44 23 26 39 6
6
23 43 40 6 26 45
21
34 23 30 34 5 9 10 36 43 49 41 50 14 23 34 23 20 36 18 32 41
8
10 38 8 1 13 28 5 24
31
20 24 33 18 4 48 32 17 25 21 12 6 21 15 15 40 44 31 6 23 45 41 9 9 46 45 4 47 19 32 3
4
46 14 1 17
18
48 45 27 11 29 29 15 50 14 43 26 50 45 12 35 38 49 4
12
48 49 33 40 41 43 36 20 32 18 29 21
11
19 4 26 21 35 41 28 26 25 22 31
40
36 19 33 17 7 26 14 19 2 42 46 44 1 37 31 1 42 27 5 8 49 11 23 24 38 6 13 47 48 2 29 12 46 25 32 50 26 43 39 48
1
9
31
11 13 48 36 19 5 27 42 34 23 16 49 22 31 47 3 45 36 12 24 24 12 22 25 46 18 45 44 47 49 13
8
15 36 3 37 9 9 22 12
14
22 26 26 25 4 41 50 11 25 14 22 45 3 41
12
44 4 15 36 12 12 41 16 8 29 36 5
37
39 2 15 3 18 45 34 9 25 26 39 26 14 50 10 43 29 25 11 37 33 7 31 28 21 22 11 49 37 11 15 39 36 50 5 30 16
7
18 39 9 8 15 18 32
45
25 41 41 8 7 23 35 31 27 20 7 7 20 49 7 38 5 6 12 12 13 15 19 19 33 26 3 12 30 37 3 2 25 4 29 48 5 14 30 29 6 10 14 5 15
50
11 26 39 23 1 18 8 4 13 8 31 44 35 44 48 46 3 20 3 30 29 38 5 46 23 31 19 26 6 33 40 34 46 10 2 26 28 30 18 32 12 4 11 14 35 17 28 26 16 15
22
29 8 17 26 2 17 37 19 21 21 47 3 14 34 38 35 7 35 34 38 6 42
45
1 47 44 20 23 23 19 11 10 12 47 23 26 5 50 42 35 24 44 10 16 6 31 22 25 30 40 24 31 8 16 34 29 19 5 12 37 47 49 50 3 29 8 36 19
31
42 12 45 21 2 30 11 16 32 1 11 7 3 41 11 32 39 32 46 2 22 44 2 1 49 29 41 4 39 45 14
11
42 40 35 36 7 41 15 6 16 16 48
18
40 17 38 21 1 33 11 48 39 21 25 18 5 27 47 47 50 41
36
1 19 11 10 44 24 24 20 6 21 45 19 38 25 31 30 23 13 25 12 46 27 18 12 24 13 8 24 26 37 4 9 13 47 1 10
40
14 34 42 38 17 38 50 37 33 48 22 9 41 37 39 29 23 31 49 15 2 31 50 35 44 30 33 50 18 22 4 46 39 37 24 49 37 14 47 33
25
10 19 20 35 20 44 21 19 2 34 50 22 32 46 3 24 46 25 21 5 41 37 10 19 42
35
23 50 48 11 1 43 7 44 6 50 30 13 23 37 48 33 12 34 13 6 28 25 23 6 9 49 28 23 43 36 29 11 43 34 18
21
14 17 21 35 39 15 26 28 45 12 33 16 5 6 10 30 45 19 37 42 18
46
15 12 28 19 24 3 43 21 12 19 48 22 37 12 24 45 32 20 17 25 8 6 10 49 1 28 19 31 48 9 2 48 48 6 5 23 14 1 43 48 11 7 47 10 46 8
38
10 18 33 7 38 12 20 17 12 4 28 34 28 27 42 41 16 1 32 48 10 46 35 37 18 27 6 36 6 10 21 43 34 31 27 25 33 7
8
18 28 38 6 26 30 41 40
8
36 50 1 32 23 25 48 43
3
39 3 12
13
48 50 13 33 44 13 21 3 21 20 30 8 21
39
20 22 16 3 22 6 44 12 7 15 49 13 43 11 50 32 3 5 31 29 35 50 49 22 46 11 35 45 42 41 33 37 1 18 42 11 45 24 25
7
30 28 42 41 2 29 48
31
38 16 25 50 15 24 50 26 42 27 48 7 8 17 33 23 23 22 36 27 40 18 4 22 36 12 34 6 34 50 45
5
23 23 36 17 16
47
8 23 4 3 28 3 18 39 50 39 16 3 21 24 9 44 18 50 41 9 50 30 18 10 2 27 36 20 18 32 17 34 40 14 48 44 37 28 11 40 30 29 6 32 41 16 22
9
7 3 49 8 9 21 49 10 50
31
40 41 10 21 49 1 30 36 44 9 28 20 30 22 18 4 50 29 34 3 8 18 29 44 1 8 37 14 11 44 37
29
20 20 43 41 23 24 18 11 4 14 35 49 25 21 37 9 27 38 39 38 44 31 49 38 10 23 22 34 40
28
25 34 49 33 31 26 28 21 2 38 32 15 20 26 30 30 9 45 2 7 33 40 13 6 9 15 50 42
29
11 24 45 17 47 24 42 25 23 41 30 34 17 2 39 9 16 20 19 4 12 3 22 24 5 29 14 35 1
35
4 23 26 30 38 44 22 34 50 46 42 6 3 14 2 21 45 42 19 4 38 32 34 32 13 46 31 2 12 25 1 4 43 20 31
43
47 42 25 42 49 14 35 37 23 7 6 23 21 15 25 2 21 18 39 24 7 32 11 40 36 29 49 38 13 33 4 37 6 5 21 50 42 7 6 17 18 33 28
5
33 5 5 24 30
31
36 49 28 19 2 44 24 17 13 7 2 24 8 17 50 36 40 33 12 43 3 49 4 46 48 33 34 4 5 21 5
33
46 32 40 21 40 5 31 10 45 17 47 31 28 20 50 32 41 19 39 9 20 29 4 15 48 13 39 37 12 16 17 33 21
2
50 12
7
35 5 12 47 19 31 42
25
38 16 37 11 20 41 14 32 7 43 19 23 2 8 25 47 40 38 1 44 29 35 29 10 29
43
28 31 34 8 19 14 29 40 13 28 19 9 34 27 10 25 4 34 15 35 10 39 8 21 29 42 31 45 23 22 27 34 25 10 22 31 8 24 44 33 27 12 3
20
16 34 34 37 44 10 35 2 38 33 23 1 35 41 45 30 42 3 29 38
29
46 49 1 48 32 25 30 17 50 24 16 7 16 24 41 2 2 4 35 24 44 34 6 15 37 41 21 42 33
30
9 42 18 46 38 35 38 24 48 30 7 14 41 45 3 9 43 29 29 26 46 7 33 41 8 45 46 13 9 44
41
25 40 32 39 18 16 11 15 29 46 31 27 44 24 48 35 45 47 21 36 27 15 5 12 3 15 24 45 15 8 3 46 5 30 50 29 13 7 19 11 34
1
19
40
19 21 40 12 4 13 38 9 2 33 2 19 16 4 26 1 43 1 19 32 42 41 21 8 37 6 20 38 49 48 11 45 15 28 38 43 9 25 7 43
12
21 41 37 36 22 17 8 1 42 6 3 2
47
44 31 3 22 32 33 9 25 40 31 35 31 21 39 43 44 47 24 21 37 48 22 38 3 44 29 48 47 9 18 43 37 7 50 40 43 14 19 50 47 35 18 23 48 29 6 10
44
2 32 36 35 43 5 11 32 32 44 50 12 41 14 24 50 32 13 50 16 2 40 47 48 10 36 5 19 39 47 48 47 15 8 8 48 14 13 37 18 27 15 34 1
18
21 34 32 38 46 33 18 50 1 7 16 43 28 14 9 46 17 10
12
40 23 5 17 25 44 36 49 22 38 11 10
14
37 19 11 43 17 44 9 27 4 8 12 23 39 27
10
16 30 18 26 15 3 29 30 20 40
17
15 8 23 43 4 44 15 48 40 40 42 48 17 36 21 36 31
49
5 29 1 33 20 17 15 7 28 28 37 36 38 29 27 49 10 28 13 11 44 35 19 48 2 35 8 26 46 1 29 25 8 23 41 17 27 10 34 39 47 11 25 48 11 2 45 33 12
19
11 11 24 26 1 49 23 3 1 36 17 34 8 45 47 34 38 23 26
12
4 41 17 17 29 10 17 22 3 18 31 22
25
24 4 16 7 47 46 17 35 1 6 48 49 8 37 9 10 36 16 36 40 49 24 36 41 26
14
42 29 23 38 22 44 33 8 44 34 38 16 2 44
2
42 25
33
21 32 34 30 18 13 1 13 16 19 7 33 29 9 37 17 35 21 42 6 11 16 19 43 11 33 4 17 47 1 20 8 22
46
22 19 16 48 26 14 45 16 25 28 45 40 41 13 12 50 23 29 6 49 13 39 23 27 7 28 35 47 26 14 37 26 25 49 33 24 41 13 44 29 40 3 45 36 46 2
13
6 22 26 2 24 48 13 7 47 18 27 20 33
3
34 37 31
5
38 5 27 44 35
31
17 2 6 14 42 43 36 36 10 10 40 14 37 10 31 27 35 4 32 10 32 43 17 26 17 33 34 42 25 40 14
28
1 25 33 8 45 3 48 45 7 30 23 11 42 44 3 35 23 23 5 20 20 40 19 13 8 20 46 16
23
44 25 47 3 42 25 5 20 2 31 14 47 42 42 19 50 47 32 6 29 9 24 23
44
25 16 35 33 18 11 24 43 6 8 28 5 24 41 18 22 46 25 47 2 6 27 32 22 37 21 16 39 29 38 45 32 43 33 48 42 19 24 1 19 4 29 26 18
23
45 11 32 50 30 32 28 33 34 35 46 25 26 34 35 32 3 31 44 29 25 28 6
26
45 29 35 39 23 33 41 40 9 29 50 15 28 16 36 41 20 37 38 45 11 20 26 28 28 47
49
25 44 14 18 10 46 25 45 41 3 47 9 39 8 39 46 39 6 21 29 31 34 14 1 41 29 41 46 17 29 15 40 39 17 31 26 33 42 22 21 29 40 9 49 18 37 46 31 34
21
17 21 4 37 42 2 20 24 4 34 34 28 30 50 14 34 35 4 34 35 24
30
48 6 36 6 31 38 33 45 25 34 31 27 46 39 36 13 37 9 26 7 28 7 23 45 48 41 12 18 37 18
39
48 22 13 30 49 28 5 11 17 5 41 28 24 9 4 17 14 21 31 44 31 19 8 47 37 18 23 11 4 44 32 46 12 47 13 3 24 13 3
19
18 36 44 44 43 7 40 29 32 18 48 3 48 11 49 2 10 2 41
43
16 34 31 23 20 34 1 48 4 25 19 49 18 29 44 6 35 33 6 44 40 38 40 43 15 49 45 14 45 38 25 24 4 42 49 6 18 30 4 20 21 16 21
39
23 38 41 27 7 26 13 29 18 19 18 41 18 23 24 25 27 20 31 28 45 43 15 33 6 5 46 3 33 13 19 22 10 41 4 41 43 35 9
31
46 32 15 50 37 20 41 2 12 2 2 28 28 31 14 40 48 31 36 11 1 6 46 38 28 33 7 14 6 20 48
26
13 2 3 24 22 9 12 22 1 22 49 39 41 26 46 43 42 17 36 25 36 19 23 50 11 45
16
6 42 15 33 8 38 17 2 27 5 4 21 25 6 13 48
25
40 8 33 11 25 27 10 38 50 32 36 13 3 21 17 32 26 5 37 6 7 18 19 28 36
37
50 13 1 5 45 14 50 30 15 38 39 40 6 40 21 21 25 23 15 9 40 1 10 2 16 11 30 43 43 31 8 15 31 33 11 21 2
1
26
33
23 37 9 33 30 6 42 34 25 16 3 38 29 3 26 37 19 7 2 26 30 2 13 31 40 28 13 4 25 46 34 35 16
48
13 3 38 14 46 20 25 21 28 19 29 45 12 3 36 20 16 34 12 17 42 11 40 42 40 22 24 4 34 26 31 13 14 33 19 46 29 49 25 39 47 50 28 15 30 40 31 43
6
26 22 8 18 29 41
30
29 39 19 38 7 21 22 42 11 44 7 47 14 42 31 32 7 29 45 23 20 20 31 7 40 21 14 13 11 24
46
26 15 17 39 36 26 49 25 15 47 31 46 22 11 29 4 36 1 31 13 9 43 14 41 2 26 13 1 47 3 15 19 2 37 11 45 6 37 42 35 2 3 38 21 23 2
10
3 38 38 43 16 39 41 42 36 46
16
12 40 50 17 21 28 36 1 24 7 4 26 1 6 30 26
25
7 14 8 19 14 8 21 19 46 45 44 2 35 46 8 38 34 15 13 33 29 22 22 24 16
14
20 10 1 43 16 15 34 16 46 18 41 36 6 25
38
8 45 16 43 17 20 6 26 23 17 18 50 34 18 40 48 50 44 25 23 38 34 37 41 50 8 3 49 48 21 44 46 34 3 14 43 7 3
45
35 44 15 33 47 31 3 5 17 10 48 5 26 41 19 29 30 30 30 13 9 28 31 7 44 1 40 20 43 34 6 9 4 50 3 36 21 27 26 49 10 17 20 3 38
4
23 41 31 50
6
6 43 38 4 29 2
30
35 33 26 47 41 33 47 36 13 11 46 48 18 4 32 8 41 45 6 11 2 14 2 28 10 4 35 1 13 17
16
30 29 49 22 21 30 5 18 6 14 41 31 9 19 35 45
43
19 25 22 22 38 8 21 32 4 44 28 31 17 32 32 13 22 45 21 28 14 9 8 20 44 1 30 3 38 14 45 12 29 27 13 27 8 22 26 44 41 27 39
19
34 13 45 26 36 30 48 20 30 30 2 34 38 3 47 38 5 19 3
26
6 7 24 33 19 9 36 27 45 11 12 48 44 36 39 20 13 30 6 20 48 21 36 42 29 3
16
15 34 2 4 6 50 5 18 32 27 27 19 7 6 7 47
4
28 1 39 42
14
1 11 15 13 7 18 34 33 38 5 2 31 17 14
10
19 24 24 7 17 12 5 6 21 12
1
31
49
31 24 13 18 12 10 9 5 28 35 37 28 19 50 17 40 42 29 22 26 44 5 40 36 27 7 3 1 8 21 10 31 31 50 40 39 30 39 6 8 6 33 49 13 14 44 5 29 24
4
21 14 29 42
5
8 47 18 23 38
49
27 24 2 45 19 19 18 37 20 49 43 7 17 47 4 37 3 17 43 13 12 3 47 20 29 2 7 6 48 50 18 49 33 43 49 16 37 11 21 21 44 17 41 20 28 12 27 7 16
45
34 28 23 15 33 8 48 21 1 26 6 28 8 21 14 1 18 16 33 42 40 24 26 16 10 46 20 16 20 25 47 43 46 18 21 50 39 35 26 4 21 22 3 8 43
46
19 33 24 9 42 29 47 3 30 45 12 5 29 49 31 43 22 21 46 43 43 44 38 39 49 48 20 40 42 35 19 20 28 9 42 42 40 22 24 17 28 18 14 2 24 46
26
43 3 41 21 13 46 43 6 29 30 35 35 4 40 41 12 30 41 33 25 14 28 43 31 3 26
31
43 35 20 5 2 28 40 41 1 38 8 4 39 26 48 14 22 42 36 22 3 33 35 5 16 49 21 40 39 13 26
19
33 50 13 32 29 39 43 30 35 17 18 48 12 10 17 35 9 14 10
7
1 17 37 17 50 39 9
17
32 41 46 41 18 44 33 23 46 24 37 30 39 19 30 9 28
44
29 34 27 42 3 3 24 20 17 49 40 33 24 24 29 46 35 25 21 34 37 40 42 1 30 3 39 4 10 27 41 2 31 5 22 49 27 10 3 46 7 22 42 6
31
34 24 2 1 49 29 25 28 39 17 7 7 30 6 7 21 35 35 36 39 40 23 30 13 17 40 26 34 47 34 48
18
35 21 10 22 24 50 17 40 41 19 23 16 8 49 37 36 24 23
11
35 13 24 35 5 12 33 31 15 18 21
15
13 33 32 49 41 43 50 36 45 28 25 23 47 35 47
24
5 36 44 48 39 33 17 38 17 49 19 5 28 27 7 28 32 13 21 41 21 6 10 6
8
1 19 19 38 32 12 20 44
35
16 37 13 24 48 34 4 7 23 29 43 5 41 10 49 30 18 50 40 21 29 48 10 9 28 8 33 17 18 7 24 8 29 34 33
11
7 23 19 33 32 33 15 30 30 3 34
8
26 45 23 15 45 37 23 4
19
7 10 44 19 48 16 48 30 49 48 32 50 28 9 9 3 21 41 37
40
47 50 48 43 26 40 35 12 31 41 32 33 20 44 2 26 22 38 31 4 16 25 43 40 30 34 41 43 31 29 11 39 15 39 18 3 41 39 27 33
1
21
3
19 13 33
30
36 22 34 21 9 35 16 28 49 49 32 20 45 9 23 20 10 32 4 32 13 4 43 17 47 39 15 18 36 17
20
19 27 16 38 31 19 33 3 15 48 39 17 47 13 49 14 34 6 2 2
12
2 27 27 24 6 5 45 40 6 31 15 44
14
28 26 38 9 20 3 38 25 13 44 18 40 50 15
8
5 9 9 8 34 50 31 39
38
12 37 4 12 3 38 2 49 3 30 4 25 44 36 18 46 18 28 23 34 18 40 34 45 44 23 22 28 50 27 38 20 25 49 50 13 27 23
38
12 49 40 25 40 38 15 35 11 16 43 42 49 34 31 7 49 28 20 13 5 49 47 17 11 13 31 44 1 2 28 32 32 47 17 40 37 5
9
24 14 15 38 49 36 10 21 40
21
29 15 29 49 14 45 33 9 2 36 3 28 14 33 13 6 33 22 27 20 15
14
32 47 44 29 34 28 22 5 4 40 8 17 3 28
34
47 19 26 44 49 15 37 36 35 47 13 21 41 19 1 8 16 7 17 40 10 8 41 36 49 2 37 15 20 47 2 11 26 7
27
3 50 45 27 25 10 44 24 19 7 35 23 41 34 17 16 27 35 21 33 12 5 41 15 38 31 15
42
47 20 27 23 46 1 20 38 21 41 7 34 27 16 4 31 7 22 22 45 1 24 47 15 22 34 42 39 8 41 42 33 19 13 26 30 38 13 36 4 26 50
47
16 7 26 35 6 28 26 39 39 19 41 25 18 25 29 13 4 38 48 3 7 21 24 17 4 39 33 5 15 19 27 2 26 22 36 27 37 29 36 33 24 29 7 32 44 19 34
34
27 14 6 11 1 38 16 36 30 12 31 21 6 37 10 27 47 28 25 39 33 42 42 8 2 39 28 4 20 11 17 36 10 28
24
6 23 19 41 39 9 19 27 43 10 30 29 20 39 44 9 15 25 17 12 27 45 43 44
45
4 35 13 33 21 47 32 44 41 13 41 15 3 46 50 14 16 42 18 13 10 45 34 27 15 43 9 41 48 47 18 10 4 5 23 42 27 32 34 37 31 5 19 9 14
12
24 28 26 38 30 17 49 37 21 50 25 29
29
24 16 39 35 26 7 47 19 38 36 35 16 28 35 20 48 19 31 18 32 8 32 9 9 9 49 48 47 9
34
45 47 24 15 2 17 41 48 31 11 27 49 26 32 30 15 1 50 1 11 31 5 33 3 41 36 50 44 22 18 44 13 23 4
49
20 17 35 19 3 39 42 3 47 10 4 41 30 42 26 28 38 7 33 23 7 16 15 32 3 46 42 39 46 1 10 6 34 10 43 31 36 36 9 7 30 28 7 42 18 31 24 45 37
10
20 20 7 27 34 9 42 45 36 35
21
41 11 10 29 23 13 34 16 22 6 12 46 50 25 19 28 7 30 10 6 44
37
13 24 15 31 45 3 41 35 1 23 21 30 47 27 17 15 28 36 13 47 26 2 10 3 24 28 46 42 25 7 14 49 8 22 24 10 1
38
17 27 7 39 24 18 36 28 6 37 2 45 20 47 45 39 17 34 27 44 31 4 25 27 39 8 11 7 36 47 42 15 20 1 21 47 48 41
28
27 23 35 26 34 10 25 30 49 42 46 6 6 1 8 25 3 11 26 12 3 26 41 40 46 36 29 10
29
9 49 41 43 33 22 50 38 37 1 37 22 19 3 35 24 46 41 13 41 31 12 11 19 29 12 39 46 17
3
22 2 2
19
9 6 14 36 31 8 10 45 16 23 10 15 41 38 40 25 17 25 49
33
34 32 3 4 30 29 6 38 42 43 50 25 44 15 16 37 44 42 40 44 25 28 35 29 4 33 44 10 30 26 45 3 34
29
28 46 6 31 11 13 7 16 1 15 35 35 18 12 41 41 17 7 22 14 34 2 23 17 12 35 41 33 40
8
1 6 49 1 9 3 26 42
13
5 35 49 31 10 15 40 42 23 3 18 25 8
47
7 20 30 8 37 42 16 1 37 32 39 27 9 16 26 21 45 26 5 39 23 24 46 39 41 46 16 38 29 33 5 26 12 13 17 4 28 35 41 3 22 44 47 36 21 49 26
44
49 25 11 16 9 13 6 6 44 30 9 7 17 22 48 6 33 41 5 44 26 39 11 40 48 27 8 8 48 6 6 3 11 23 15 46 6 7 14 19 46 11 1 15
35
43 6 12 23 29 32 20 16 1 27 40 24 9 21 12 18 37 42 25 21 18 45 8 42 18 26 43 48 18 28 28 45 1 30 36
26
38 23 19 45 11 13 9 49 13 19 23 39 24 44 6 21 26 10 46 46 30 18 36 41 32 26
21
7 48 12 1 19 10 43 3 43 25 35 46 46 35 36 7 1 9 7 25 14
20
36 20 9 9 2 10 30 36 30 27 30 20 40 25 22 39 40 47 17 36
38
50 30 29 38 26 1 5 46 44 19 21 28 21 9 46 44 38 21 4 19 48 25 38 31 12 2 41 4 8 41 21 37 41 22 47 9 25 32
44
22 10 4 33 21 2 36 50 33 28 39 7 19 38 8 33 37 11 48 21 37 4 25 2 4 14 6 33 32 5 36 22 9 12 7 38 11 42 41 19 47 28 24 45
37
17 9 13 29 9 11 32 4 25 10 45 31 15 10 19 8 28 4 2 45 1 20 19 22 12 37 10 21 12 13 26 25 46 33 18 42 30
38
14 38 4 19 39 29 24 43 44 12 42 41 13 16 6 27 33 35 31 20 14 7 42 42 31 25 14 13 11 32 18 18 46 27 35 29 17 45
26
22 38 4 4 49 23 23 26 40 10 21 26 24 7 31 34 41 17 18 1 19 12 17 24 47 4
2
36 30
35
29 48 17 48 16 5 10 15 43 23 50 44 6 15 49 11 37 5 41 2 5 24 27 5 4 7 46 22 9 33 26 33 49 23 32
15
37 37 18 13 20 22 33 30 12 19 24 44 33 22 39
36
14 14 36 14 10 43 10 48 30 40 49 26 32 5 34 43 37 50 8 13 37 8 33 40 26 34 28 45 9 23 26 32 49 41 41 43
1
4
1
6
41
1 26 17 9 32 3 6 15 43 23 6 30 27 49 49 33 26 10 9 28 14 10 37 44 11 2 48 25 11 1 38 6 47 16 48 40 18 38 7 14 35
19
17 15 13 12 28 3 6 4 26 26 4 31 15 13 8 13 20 11 9
11
23 19 6 49 13 11 24 42 20 4 10
1
7
39
8 46 45 50 1 14 3 10 3 1 24 8 45 49 40 33 22 5 49 11 25 17 41 31 3 17 5 25 8 46 21 49 35 43 36 5 23 13 3
35
50 41 13 22 47 29 36 6 46 37 41 26 47 21 25 25 17 31 16 49 42 38 48 6 25 32 45 37 30 37 20 7 34 8 25
45
46 23 44 7 18 41 43 47 22 12 9 24 23 17 11 35 17 49 5 31 33 6 44 14 31 37 28 40 33 10 46 45 41 27 3 1 13 11 23 18 8 22 47 39 47
36
44 48 43 43 6 7 3 15 25 34 21 46 45 4 33 18 21 31 2 44 21 25 25 11 6 39 14 42 2 21 41 32 40 37 30 29
46
25 9 25 8 34 30 8 4 26 45 18 18 22 37 29 1 50 36 40 11 34 23 12 43 29 34 9 11 24 29 46 1 29 42 29 4 1 33 7 14 47 32 6 9 34 14
38
24 29 17 36 1 35 33 24 44 1 5 12 36 33 2 4 19 30 28 28 28 45 14 36 11 23 28 32 7 45 39 17 8 28 9 16 14 4
32
37 21 29 49 10 40 21 42 42 43 24 46 34 46 4 27 25 20 11 33 38 47 6 16 43 45 39 8 39 6 24 24
4
33 2 42 23
9
10 10 1 2 35 10 43 32 27
19
31 32 34 38 4 23 6 16 49 32 45 27 43 25 23 50 16 49 11
14
17 11 7 34 49 6 34 26 24 37 41 27 39 35
50
20 47 19 29 49 33 28 42 16 2 20 1 45 36 15 26 39 5 2 33 42 40 32 36 32 18 10 10 2 32 33 39 45 45 22 27 2 41 27 47 25 26 28 27 42 33 31 21 30 19
49
18 25 44 36 25 38 19 43 32 27 43 47 41 47 34 39 3 11 20 19 43 45 6 31 20 21 28 4 35 40 18 27 12 14 6 6 26 26 2 2 24 49 31 39 9 37 9 11 46
22
16 28 18 5 15 24 34 42 29 41 21 35 23 41 1 43 31 15 31 25 5 10
28
19 21 17 6 31 29 35 46 23 22 45 32 43 9 31 34 10 39 46 21 26 49 25 44 36 3 12 48
1
22
39
43 19 13 45 50 21 20 4 20 46 35 19 6 35 41 22 17 17 12 37 10 29 31 35 44 6 3 12 43 15 6 36 50 18 39 23 26 31 23
17
50 21 39 3 5 24 20 49 1 34 18 45 18 38 36 48 8
22
26 17 6 50 18 12 15 8 38 15 45 23 32 18 32 35 42 15 25 11 6 32
44
26 26 5 19 28 11 20 24 20 4 25 39 44 32 47 6 47 2 8 37 21 3 32 35 46 47 37 44 26 1 41 50 35 21 30 2 48 50 50 10 32 37 40 29
47
8 3 45 4 20 48 30 12 26 41 44 29 33 46 23 5 8 41 6 25 41 13 8 23 17 33 35 44 43 39 36 33 9 35 10 30 33 46 47 3 13 31 8 8 26 32 44
47
45 46 43 7 39 3 3 37 21 35 21 32 35 49 16 17 50 24 25 35 33 36 14 46 20 19 32 27 46 10 6 47 42 10 19 1 25 5 15 48 23 44 35 34 50 18 16
18
11 4 8 37 34 34 31 19 24 2 35 45 26 21 18 21 1 8
33
7 13 41 29 36 45 2 18 46 50 32 33 6 18 43 46 5 5 48 34 25 47 42 46 3 31 5 11 27 40 25 43 9
16
11 16 10 33 38 18 23 44 30 21 42 40 42 26 34 6
50
41 10 17 41 31 42 3 34 40 4 29 31 11 23 7 42 38 13 34 35 15 14 39 3 29 35 18 38 6 42 5 16 12 27 43 6 33 48 26 43 44 37 15 37 15 9 4 35 21 5
36
20 26 35 21 9 7 19 29 43 42 48 30 27 6 29 10 18 22 43 21 35 22 38 10 40 7 10 43 32 2 5 18 31 17 24 28
15
17 14 10 47 33 40 49 35 47 24 44 43 44 25 47
20
44 47 13 18 37 12 16 1 12 29 29 26 4 6 12 3 8 21 44 5
42
36 14 33 12 2 20 45 12 15 16 6 30 22 39 31 6 48 25 27 17 31 1 50 11 14 8 45 35 26 34 42 47 39 2 17 33 24 21 19 35 48 50
20
11 25 48 3 30 5 6 17 25 20 34 25 20 30 9 27 49 41 42 10
30
32 24 35 28 15 8 30 13 24 44 4 9 20 20 37 28 23 48 39 43 27 25 44 9 34 25 49 36 12 9
13
48 38 34 39 33 19 10 6 46 4 3 6 43
15
27 42 20 44 17 13 16 5 1 17 45 5 25 35 48
49
17 50 18 27 30 43 32 22 44 26 9 7 31 10 28 5 40 40 12 37 1 46 30 38 14 29 20 14 32 22 31 34 26 12 14 31 3 9 49 29 42 4 1 31 42 4 2 11 22
32
39 38 3 11 49 22 18 37 25 9 6 4 10 16 9 21 34 26 25 12 47 35 43 8 46 30 15 46 39 15 26 36
26
28 2 36 40 1 42 46 5 30 43 11 10 21 1 43 23 29 43 44 44 6 23 29 31 14 39
15
34 38 12 30 34 20 44 37 12 48 23 17 32 26 49
32
21 10 42 11 14 35 34 16 29 2 13 36 50 8 36 18 2 24 12 28 11 19 44 15 25 18 25 25 24 20 43 2
38
27 26 37 23 32 20 28 30 2 37 47 45 13 50 5 7 23 43 16 25 14 12 39 37 45 24 16 40 18 48 45 19 40 22 30 26 8 7
38
13 36 25 24 11 13 28 18 17 40 23 36 18 42 6 49 7 36 5 41 24 36 20 14 38 25 47 27 14 14 42 50 40 38 14 28 47 35
45
42 5 44 49 21 19 22 33 41 34 3 15 31 44 19 48 3 50 12 47 21 31 41 41 38 29 6 15 40 41 36 49 15 9 21 29 31 13 14 48 36 38 32 2 30
4
4 23 28 44
29
36 9 12 19 26 18 28 44 47 41 17 6 32 50 34 45 3 44 30 42 15 19 27 42 2 36 18 1 45
32
47 43 33 38 26 47 9 19 36 28 34 26 44 21 11 36 35 23 7 17 43 7 8 20 44 18 24 50 38 50 46 20
12
32 1 27 47 13 42 5 33 23 12 36 31
3
41 9 35
32
19 7 7 13 25 39 24 33 36 26 7 20 40 24 14 41 4 12 23 3 29 33 26 16 23 10 47 29 32 29 29 40
33
10 30 23 12 19 9 39 38 28 5 46 12 12 6 3 8 39 21 46 21 5 12 49 44 48 45 34 46 47 26 27 30 37
20
4 29 5 23 16 44 6 29 18 39 48 38 2 14 1 10 39 37 7 33
12
22 1 14 24 6 47 1 12 4 17 45 2
19
35 45 36 14 2 32 32 33 8 13 26 43 19 30 48 47 29 5 38
39
7 1 44 43 13 26 12 40 30 24 41 24 8 30 24 40 44 14 45 3 48 25 3 29 41 15 9 39 33 36 1 28 20 50 10 11 23 45 43
43
50 2 42 38 42 16 23 21 27 27 12 38 1 34 16 11 31 28 28 22 27 11 8 1 45 50 32 30 41 35 33 25 47 27 23 16 3 19 37 8 39 48 39
44
41 43 38 35 40 40 19 38 28 3 22 34 9 45 34 3 39 4 25 46 12 36 4 41 42 10 13 1 31 45 4 9 34 41 40 9 11 45 16 50 40 32 37 5
8
5 34 47 16 19 8 47 26
5
9 25 6 50 5
10
36 34 32 33 31 38 44 8 24 5
46
27 30 27 15 12 32 13 8 26 17 29 34 4 35 8 10 8 29 41 11 36 2 19 29 25 43 21 46 49 23 11 27 5 42 23 23 23 42 30 43 18 48 24 21 13 32
21
43 43 29 10 36 2 31 32 48 36 26 46 29 28 21 46 25 30 44 18 14
37
27 16 27 10 37 14 34 16 23 48 41 49 3 33 45 42 8 31 24 32 3 43 1 17 42 6 17 13 14 14 12 10 33 41 49 29 49
10
18 47 22 23 22 34 38 18 19 38
17
15 47 14 44 44 27 17 23 7 24 38 24 23 19 24 22 18
45
35 28 13 3 36 9 21 17 23 44 32 42 45 32 6 43 17 39 35 43 19 21 38 18 27 16 48 26 36 43 48 3 12 43 13 7 24 4 28 19 32 17 36 44 35
21
9 45 27 13 32 21 47 2 6 7 10 27 46 22 49 27 39 25 11 39 38
43
33 29 15 10 7 18 14 11 41 42 45 8 38 31 46 49 31 32 31 50 37 35 11 33 27 26 30 7 19 24 7 50 50 5 26 34 32 22 34 28 24 29 24
24
10 28 45 9 18 24 39 28 6 27 50 41 7 21 5 41 2 10 44 16 8 44 47 22
11
41 1 36 10 23 6 1 46 39 19 5
1
31
23
23 2 1 48 39 31 50 8 18 26 20 8 50 25 14 41 2 20 25 24 5 41 24
38
44 33 45 9 32 39 7 42 40 31 15 5 35 19 29 4 34 14 41 50 14 23 24 37 28 50 43 23 44 40 21 42 30 19 31 46 26 13
30
6 21 42 39 33 1 27 31 42 32 19 11 9 20 24 43 32 48 15 12 30 37 4 47 24 9 21 49 50 8
48
47 7 32 2 27 27 21 49 9 46 10 47 46 16 49 47 17 44 42 7 48 30 50 23 36 40 19 28 28 26 11 7 35 48 26 15 37 41 11 5 17 36 40 42 10 2 32 47
5
1 6 35 49 22
36
3 24 46 29 17 36 4 11 4 36 27 50 19 26 3 35 26 23 34 32 43 30 48 17 44 38 43 37 8 50 18 50 23 3 42 20
27
1 44 26 16 26 43 50 15 26 29 36 12 42 16 42 31 39 42 32 25 2 9 18 38 34 38 19
14
44 11 40 33 12 43 32 39 36 25 36 16 38 1
17
9 45 26 28 12 50 20 8 11 7 36 13 13 21 43 43 30
44
1 23 7 20 2 24 29 49 29 18 26 21 19 14 2 1 41 41 50 43 45 50 48 3 4 18 18 13 4 42 31 50 25 48 42 5 24 7 15 11 47 16 19 33
28
7 16 39 23 19 26 8 39 42 8 11 46 12 30 13 35 2 46 4 36 42 42 12 13 41 12 42 14
50
35 18 12 25 33 38 16 22 29 28 9 24 2 48 33 49 11 20 34 12 47 36 20 27 40 21 33 9 50 47 23 39 11 40 36 48 28 29 9 15 49 37 12 9 8 10 3 40 46 40
14
11 11 1 33 19 14 46 28 50 45 18 15 11 14
