78 129
3 18
7 21
11 23
2 45
7 28
10 47
4 74
8 62
11 31
3 20
1 45
12 58
4 26
14 18
3 77
4 73
6 53
2 59
12 36
2 42
1 75
8 32
13 45
3 57
10 33
4 41
4 19
12 51
11 67
4 51
13 68
7 22
12 63
1 29
8 46
2 30
13 33
4 66
4 60
14 72
14 55
12 65
13 29
6 18
5 77
7 53
3 60
12 56
4 49
2 60
9 72
13 55
14 48
8 51
6 77
3 22
11 54
10 24
13 54
6 49
3 36
9 54
8 47
1 77
11 24
3 52
12 53
11 56
4 48
1 63
6 70
4 63
2 73
10 68
14 30
2 46
1 64
7 48
5 59
5 18
5 50
2 48
2 25
9 58
13 59
8 50
9 53
3 49
10 57
11 33
10 77
3 68
7 73
14 44
6 29
4 65
11 72
9 63
2 34
4 53
13 19
13 70
5 25
2 44
1 70
5 48
9 64
2 51
7 64
10 41
13 28
13 30
12 16
12 41
13 60
1 48
13 49
11 48
13 57
3 39
6 31
6 15
8 35
4 22
3 43
8 19
5 65
20 32
1 73
