100
100
99 87 22 92 93 21 51 69 74 10 97 11 28 51 58 5 59 49 100 49 27 15 17 15 67 21 84 77 62 37 9 75 46 82 6 75 25 7 5 26 67 25 44 85 5 9 37 30 84 16 82 26 52 29 47 42 46 87 81 39 45 86 63 45 10 81 63 31 54 48 66 10 5 70 53 97 92 77 3 6 3 11 94 19 16 15 35 59 91 71 82 72 33 13 71 2 80 43 25 82
100
63 54 16 50 92 96 43 42 13 54 4 70 83 52 59 53 47 73 45 52 88 76 91 33 60 38 5 76 64 97 65 28 57 69 82 87 8 15 32 45 60 100 49 47 13 85 77 20 18 58 45 78 24 62 11 65 9 24 90 13 91 84 52 17 47 24 29 54 84 95 55 15 85 49 18 25 3 71 25 48 50 48 88 27 79 70 61 48 40 93 84 57 32 64 75 86 8 28 65 2
100
40 75 26 66 34 44 24 16 94 81 95 9 79 40 51 46 94 99 75 64 9 82 58 69 75 50 45 100 90 19 40 66 81 87 43 49 81 33 14 59 8 39 24 18 47 13 96 44 71 49 65 13 39 4 97 59 98 41 67 54 71 82 58 90 34 12 45 41 87 29 41 2 13 100 46 56 81 89 73 38 49 36 36 18 18 20 68 66 98 53 39 39 69 4 67 79 60 31 29 35
100
29 63 46 15 84 57 69 47 82 37 27 89 72 38 27 38 97 40 27 35 12 47 92 97 77 20 55 58 27 89 99 82 42 24 63 21 80 16 92 21 21 20 41 40 4 38 41 85 39 95 91 30 34 65 23 62 13 6 3 20 6 72 6 59 15 68 87 25 51 55 64 74 24 30 69 74 12 53 83 59 73 26 75 58 53 97 11 9 23 53 43 42 39 85 60 22 65 42 16 75
100
75 27 93 2 71 47 75 53 35 93 63 98 39 37 15 69 11 76 71 40 100 32 96 13 42 22 50 84 42 27 28 9 85 14 78 87 80 32 82 73 55 61 46 21 34 98 92 14 37 58 34 55 20 79 8 9 87 96 21 89 9 38 17 35 85 38 84 28 20 53 78 4 71 25 60 79 14 98 68 71 62 80 83 90 37 6 71 2 76 89 19 70 36 29 31 22 84 95 32 55
100
99 12 68 13 94 74 90 97 50 46 20 20 4 3 16 18 40 65 56 35 16 88 93 62 67 46 93 59 11 35 89 62 96 95 2 94 26 55 18 26 99 17 24 88 70 63 84 4 60 27 48 77 28 94 63 33 54 63 79 96 16 93 65 65 80 82 23 54 61 93 44 45 10 61 66 67 57 59 98 74 6 22 78 92 12 60 62 46 75 41 49 21 82 64 10 26 17 22 28 69
100
3 84 19 99 52 80 13 22 97 60 37 42 6 32 31 88 88 66 12 93 51 69 49 90 49 46 21 87 85 53 51 3 2 47 41 23 55 98 66 27 6 61 55 22 79 3 41 13 3 30 92 74 95 5 88 32 34 98 59 11 54 3 44 67 10 15 49 12 87 81 29 25 31 47 54 47 83 61 98 4 74 4 37 82 95 97 71 95 65 52 32 27 59 58 77 55 58 53 75 81
100
83 64 98 41 30 53 86 60 36 88 11 44 46 9 95 65 2 42 5 33 9 47 10 84 21 57 23 54 52 84 19 99 69 74 58 87 12 42 2 14 14 57 63 31 28 13 81 17 21 21 66 97 69 11 88 73 79 15 81 99 88 71 72 68 92 21 4 8 28 70 37 21 19 54 41 89 2 38 12 100 40 48 57 47 85 32 49 73 7 49 68 16 89 14 15 53 11 16 4 86
100
15 78 70 17 62 74 78 37 58 57 99 70 64 4 37 53 33 100 14 38 100 46 79 100 51 11 43 5 17 31 66 49 11 92 73 62 63 95 92 21 95 66 72 47 99 71 45 4 78 41 54 17 8 100 63 18 76 84 27 20 70 6 77 71 72 40 33 2 81 24 36 73 86 88 71 89 91 66 92 56 68 50 30 52 86 11 90 28 70 83 61 75 85 84 61 95 71 27 39 28
100
79 52 55 13 21 76 10 51 21 78 12 97 40 59 26 17 22 46 49 64 86 97 28 44 85 65 23 3 36 88 99 83 84 3 39 31 67 31 60 78 37 88 76 16 63 78 58 8 58 36 5 93 45 16 100 57 94 5 51 86 99 7 81 68 33 64 94 44 92 89 23 37 79 4 22 27 27 52 95 64 21 53 91 58 36 34 28 54 34 41 54 53 98 30 61 15 86 36 61 41
99
37 100 34 74 92 95 16 47 36 83 55 46 53 86 39 20 61 70 69 72 32 3 93 24 65 26 44 98 35 4 54 12 30 33 38 52 94 45 14 6 87 77 84 97 8 51 23 76 7 49 90 68 22 18 67 60 99 91 59 96 50 29 17 82 13 66 58 57 2 63 42 48 89 43 81 62 21 28 10 41 73 64 85 5 15 56 9 25 40 88 71 11 27 75 80 78 79 31 19
90
51 87 24 90 88 72 68 91 18 64 77 25 10 85 76 4 34 89 31 20 52 33 82 9 53 21 36 22 86 70 75 44 39 59 67 42 97 58 32 55 6 15 56 3 48 37 2 61 29 38 99 11 40 94 71 26 14 12 60 69 81 7 96 57 98 35 63 92 17 23 83 13 8 45 41 19 66 65 79 73 27 49 28 74 93 78 47 30 54 43
91
62 61 21 49 92 5 86 98 90 11 75 39 6 28 22 54 74 32 30 43 38 8 44 4 33 58 94 57 85 72 42 37 41 71 91 40 36 34 84 77 67 25 7 96 95 59 76 63 60 47 31 79 70 64 73 87 46 19 17 89 51 2 100 15 16 26 81 50 13 99 93 78 56 23 69 53 18 27 65 24 12 35 97 82 88 9 66 29 20 83 45
99
30 24 56 22 80 53 95 38 79 19 78 94 58 69 39 74 5 32 23 90 65 76 8 54 77 64 2 52 6 59 27 86 36 75 91 51 97 61 48 87 62 41 83 67 100 20 26 16 43 98 10 34 35 46 72 96 7 11 93 15 13 17 84 49 33 40 14 70 68 3 12 89 37 71 4 42 9 47 85 28 25 60 99 88 55 63 18 45 57 21 82 66 92 31 50 44 73 81 29
97
75 24 37 4 96 85 12 52 38 78 99 67 10 14 33 23 6 80 30 32 57 66 59 18 22 91 84 44 86 60 16 25 29 9 77 54 43 53 2 69 62 56 34 89 31 47 46 50 13 28 15 45 82 87 58 76 8 65 93 19 40 73 71 72 74 26 100 35 92 61 70 3 48 11 27 64 83 79 94 5 55 98 68 36 42 51 20 97 88 17 49 95 81 41 7 39 90
99
57 11 54 96 26 34 68 41 7 48 69 46 66 39 98 80 20 25 6 61 10 86 19 76 15 100 31 5 90 29 23 82 36 18 33 47 71 72 4 28 49 62 17 78 13 77 21 79 43 87 58 16 50 91 53 44 89 84 94 38 9 83 93 59 8 3 81 27 63 37 14 60 64 24 97 45 73 65 95 74 67 55 42 56 12 70 99 88 52 30 75 85 40 35 51 32 22 92 2
72
16 9 21 31 14 30 3 99 95 69 53 13 75 17 13 4 21 50 78 39 75 37 77 12 34 4 8 68 95 37 79 46 52 46 36 38 32 90 55 38 93 35 35 76 87 3 76 22 26 7 39 9 70 87 89 11 6 69 56 17 36 22 61 17 78 11 54 84 44 49 73 58
71
46 20 55 6 82 100 48 26 52 56 36 94 8 71 25 40 7 37 88 7 96 37 2 94 88 36 7 32 42 68 89 85 27 67 72 3 74 7 68 57 17 55 13 22 26 94 15 57 28 25 4 90 51 43 34 54 6 4 3 4 11 41 48 16 86 12 65 43 55 52 59
66
16 7 87 94 85 93 34 33 20 53 43 70 5 47 95 19 55 46 65 3 97 19 57 50 84 23 4 65 83 71 56 21 39 97 23 99 53 12 34 39 44 56 28 79 87 44 25 55 22 15 23 79 95 40 61 59 2 30 40 85 62 61 52 25 33 56
77
50 57 94 77 3 97 31 65 13 89 35 99 89 57 94 51 53 24 43 39 22 60 66 72 70 65 5 97 79 82 95 76 68 11 15 75 26 60 43 70 89 49 97 45 99 53 80 86 83 2 8 29 80 40 17 7 57 92 2 71 62 13 82 38 65 7 21 52 93 42 30 70 84 4 3 61 78
76
69 15 12 11 53 19 80 81 67 82 90 23 79 88 8 47 9 95 91 76 35 27 36 75 73 18 49 2 11 26 21 29 68 12 69 99 15 99 26 94 23 52 47 55 49 83 6 17 84 78 95 76 73 71 92 42 91 46 72 92 65 54 52 80 56 39 62 9 94 35 55 54 7 18 99 56
52
6 50 98 49 25 98 39 95 74 20 38 67 47 100 63 82 18 83 20 35 53 16 78 33 19 4 57 14 78 19 98 63 98 46 77 9 32 24 67 89 100 7 60 87 97 79 34 87 8 31 14 23
70
75 91 23 73 76 61 62 12 72 33 67 87 41 36 27 51 99 93 21 71 54 28 87 37 93 95 46 43 95 9 97 67 7 88 22 42 87 50 42 4 78 85 52 98 54 33 7 41 6 42 69 14 67 77 23 93 5 66 20 73 29 66 84 57 33 78 65 60 4 21
51
79 22 62 65 23 77 10 88 67 12 32 7 32 19 58 54 43 87 100 49 19 63 99 28 94 19 54 28 98 5 72 26 25 20 67 99 94 42 7 33 83 93 100 37 83 29 86 54 98 59 98
85
26 95 68 28 91 8 56 9 54 6 76 92 62 19 22 46 28 91 63 58 70 43 14 46 14 93 28 90 10 20 79 35 81 59 72 44 33 18 31 56 93 58 6 68 59 91 75 8 55 63 85 23 85 47 34 7 65 100 86 20 20 5 92 88 14 24 41 41 76 59 27 34 19 32 21 93 41 6 92 52 47 63 89 36 70
69
81 51 11 56 60 15 73 88 25 97 58 7 12 96 93 30 33 72 69 28 18 21 75 36 36 26 4 23 90 11 47 72 74 13 22 89 84 81 27 77 75 97 21 37 82 73 3 85 85 44 18 92 60 69 5 21 81 62 46 89 61 4 27 27 99 19 47 51 32
93
74 69 53 36 59 35 50 48 84 58 90 90 29 90 98 66 23 62 13 96 63 8 21 83 50 40 55 80 56 80 32 88 83 74 90 56 68 72 57 73 3 55 66 77 8 95 79 98 66 23 17 69 72 92 34 3 78 13 19 37 46 66 19 20 53 84 35 80 45 79 96 55 83 18 54 23 2 35 20 34 68 89 50 89 53 58 79 82 91 53 61 7 45
92
67 41 28 33 19 97 56 65 70 80 72 71 5 22 22 62 61 76 13 7 98 34 64 72 45 20 27 50 79 54 23 63 53 92 49 72 4 11 99 69 91 13 85 100 58 40 37 39 48 40 53 96 4 35 42 73 92 65 92 42 89 45 76 88 84 40 67 26 25 96 34 49 82 11 80 67 27 50 51 81 72 24 19 8 14 43 48 44 84 65 3 85
87
93 6 18 97 100 38 5 42 60 68 40 29 39 11 74 50 85 96 89 13 30 22 64 47 77 25 31 5 55 27 67 66 21 89 79 3 93 43 9 98 62 2 35 58 77 32 90 45 34 25 37 31 57 35 70 31 11 7 73 97 94 74 62 45 11 65 45 58 6 62 67 8 53 91 71 81 60 53 47 26 19 27 2 4 55 23 94
73
10 71 2 29 67 66 91 73 68 39 70 88 94 28 76 89 93 68 91 19 48 25 82 43 45 44 73 98 57 52 44 51 36 40 98 64 46 21 58 91 87 40 53 70 41 55 35 31 24 91 9 80 24 32 11 66 67 71 89 31 95 38 72 56 60 87 88 70 32 29 65 52 69
62
78 10 21 21 94 24 5 65 25 21 37 33 78 43 20 92 86 94 14 15 49 35 80 31 3 85 55 35 15 44 38 27 68 72 26 5 71 12 98 29 60 28 58 96 41 93 17 16 59 71 35 98 64 93 26 40 53 6 51 84 19 30
60
55 22 32 90 40 16 4 10 41 23 85 89 3 95 52 53 15 92 50 35 2 88 61 83 65 6 70 64 85 37 14 82 46 87 90 79 64 12 11 3 42 43 95 94 10 81 71 31 27 17 91 5 43 10 66 26 29 82 54 9
94
52 64 11 88 81 37 4 76 63 67 70 2 70 29 87 40 13 67 7 6 67 11 5 15 41 46 77 25 66 43 64 34 12 88 34 35 84 41 57 9 68 92 18 63 16 50 93 44 35 88 78 3 17 94 78 33 98 15 71 65 67 90 72 53 15 9 24 73 21 58 61 32 93 55 33 66 81 24 9 96 42 26 46 84 58 20 32 28 21 85 51 25 29 81
80
99 63 55 92 49 94 32 48 54 46 7 66 82 38 4 13 50 60 40 95 82 97 38 51 23 86 90 99 75 33 12 39 14 16 94 12 46 41 16 34 48 29 96 65 83 43 11 49 55 65 56 74 46 72 11 45 51 81 94 13 30 62 68 95 64 51 59 13 59 87 95 42 29 47 54 53 55 62 11 9
79
27 27 26 17 12 9 23 80 25 4 47 10 73 33 57 94 67 39 92 81 9 64 71 61 98 57 5 70 71 22 86 100 77 20 21 6 20 92 92 56 13 50 39 8 98 39 77 46 74 52 26 87 97 35 79 69 65 5 72 86 34 63 25 65 48 52 93 59 75 99 38 90 16 85 87 40 82 66 96
51
23 8 52 13 74 9 33 31 71 47 3 97 51 82 50 66 83 11 98 84 86 41 21 82 96 6 6 77 75 55 90 4 17 98 94 38 60 85 29 87 2 51 70 11 55 80 49 18 36 69 52
54
87 21 87 64 50 79 4 64 95 40 38 58 21 27 88 51 69 72 58 58 93 25 10 36 8 65 45 39 90 29 5 2 30 69 46 13 25 54 13 98 55 55 2 95 87 29 27 2 29 95 30 3 65 15
69
67 5 82 54 100 81 19 94 82 74 93 57 18 7 36 16 47 42 37 87 88 19 33 45 45 70 12 98 59 2 69 87 85 35 8 42 98 2 4 14 27 32 43 60 3 91 67 39 84 74 69 93 78 50 94 42 70 37 33 81 56 42 60 97 37 89 65 31 3
58
63 21 95 77 84 11 37 81 75 67 29 54 14 14 16 21 15 69 8 76 72 17 70 46 71 93 50 75 74 25 20 91 46 55 25 52 42 32 25 57 6 79 38 5 43 86 40 87 71 68 3 39 50 46 68 6 15 79
66
60 50 21 76 20 41 49 77 89 53 60 93 90 90 51 47 12 87 62 72 24 49 27 37 63 8 68 7 7 84 38 15 95 78 13 14 4 48 18 66 36 56 60 50 25 74 47 18 37 32 5 4 86 23 29 89 23 93 47 13 61 9 97 23 99 93
50
33 84 77 71 37 74 11 39 30 36 58 75 80 32 7 77 39 69 16 47 2 62 11 5 91 33 94 16 52 54 4 44 19 26 76 8 21 87 93 96 96 68 73 79 58 74 68 18 85 39
55
28 90 68 81 9 57 84 58 81 76 75 26 14 83 46 41 71 4 65 11 36 99 68 89 36 38 99 70 16 65 41 97 41 22 84 98 54 2 3 17 51 87 45 90 30 47 3 55 92 5 45 26 85 38 5
91
7 70 17 60 43 40 31 3 48 91 79 81 2 15 70 54 8 38 67 17 34 22 13 80 6 41 50 36 40 41 49 37 32 68 27 66 92 39 53 18 4 67 38 71 7 76 46 54 27 93 41 26 94 6 74 48 94 38 18 16 7 40 58 31 30 71 61 78 39 84 95 81 13 65 22 23 78 72 50 100 90 87 31 74 31 97 83 60 72 90 19
59
55 97 65 73 44 44 90 11 43 15 41 82 71 17 96 44 9 4 83 39 36 20 83 88 21 99 26 45 84 53 21 78 35 50 74 15 29 92 63 39 79 38 58 6 16 49 56 67 27 50 58 88 49 14 10 10 14 28 91
69
8 33 9 88 71 11 24 74 87 27 24 3 29 23 44 44 13 98 46 93 37 9 53 51 78 86 74 21 62 49 22 79 89 52 75 97 26 59 8 45 60 57 53 86 47 60 74 21 55 26 67 76 56 88 24 6 42 49 86 76 31 42 59 42 8 99 55 23 40
83
15 42 74 96 51 19 4 62 85 88 14 88 60 62 81 29 78 71 78 62 99 25 13 48 27 70 16 22 29 65 88 2 78 60 97 9 13 17 4 8 41 14 75 55 29 50 15 41 66 46 73 3 87 82 68 10 90 70 36 90 74 84 10 37 5 35 30 83 3 5 11 53 86 11 94 19 20 53 74 11 63 12 16
91
40 23 19 69 81 25 36 12 3 32 36 40 100 43 66 12 44 95 24 11 75 62 5 14 22 68 28 100 71 53 71 19 90 46 56 18 47 51 11 76 80 26 60 99 32 3 12 2 61 61 69 87 6 45 76 45 80 7 39 12 72 45 75 28 44 80 17 27 10 57 79 44 75 21 82 74 46 79 13 45 85 22 41 15 22 6 85 93 70 95 53
55
76 7 7 82 96 52 36 57 80 68 95 61 61 62 27 20 6 57 92 14 13 32 76 65 93 82 51 30 62 95 56 66 27 91 67 91 51 71 93 90 39 39 87 19 24 3 10 90 33 73 86 74 89 66 37
89
82 13 28 19 91 83 93 41 81 99 7 97 85 27 54 87 59 55 83 88 54 38 67 19 63 53 49 36 77 97 64 85 16 39 4 54 30 100 23 66 9 67 8 16 20 64 19 59 76 85 40 26 47 98 4 64 34 97 38 85 11 75 56 10 100 72 20 90 21 20 54 71 29 68 63 72 67 64 42 57 89 12 91 15 30 42 40 61 65
84
68 11 23 43 19 47 67 78 81 85 4 6 86 80 82 3 90 49 75 32 50 60 56 82 27 26 15 9 64 63 6 32 9 96 66 53 59 38 51 13 17 4 45 58 71 26 50 14 78 18 19 79 30 95 11 37 24 10 10 82 38 40 23 64 76 91 36 48 37 63 88 36 60 59 47 88 42 19 68 48 77 83 46 15
70
7 87 27 30 23 84 14 93 37 61 14 84 12 93 55 41 12 91 44 95 17 63 79 36 78 7 76 75 25 96 8 94 45 43 21 91 25 36 49 30 44 18 30 85 36 57 19 53 81 98 88 90 84 97 17 9 19 79 98 5 29 15 9 89 24 31 46 28 41 50
77
81 60 98 47 58 73 33 64 5 51 9 85 85 61 96 77 75 67 71 17 88 43 99 93 93 25 40 96 78 10 47 69 49 91 55 4 66 94 86 14 76 41 8 56 27 41 39 94 58 51 14 45 53 11 7 70 33 24 10 63 57 53 3 11 74 70 5 49 15 71 15 10 35 92 58 24 30
90
53 80 35 13 73 15 58 2 85 69 92 51 20 57 33 69 66 18 17 56 99 3 23 16 67 63 29 97 27 66 46 4 23 8 47 76 41 39 56 64 2 12 19 79 26 9 30 41 18 55 97 28 31 100 9 20 11 2 21 81 74 9 78 67 37 84 48 51 36 58 80 64 54 72 28 73 57 31 66 70 26 47 5 5 94 23 79 86 60 68
85
76 8 68 6 30 76 70 74 88 27 67 28 4 97 33 38 14 36 97 2 74 56 43 5 22 7 72 10 18 91 74 92 25 54 60 72 61 30 87 58 100 17 97 35 14 99 87 14 30 99 78 16 21 98 54 23 68 41 6 6 77 67 43 26 5 81 18 85 51 22 25 71 15 60 57 52 37 19 77 19 16 79 92 57 28
60
81 3 50 94 72 94 3 51 25 76 88 39 24 40 38 44 50 6 99 55 3 51 91 62 68 96 53 43 68 76 71 50 22 86 8 83 57 26 79 69 58 32 17 18 30 12 28 12 33 84 3 69 38 59 19 87 88 62 85 6
64
8 37 24 35 6 64 17 64 29 66 84 56 24 7 8 83 82 22 67 2 77 62 95 85 3 10 44 99 11 60 20 77 27 74 51 13 71 46 100 19 97 25 61 83 66 67 92 14 5 94 28 43 26 20 34 83 30 61 4 89 60 52 98 6
81
7 25 73 59 58 98 31 80 80 75 87 6 50 61 24 63 50 17 18 15 63 19 8 11 94 53 16 64 14 54 47 74 15 41 24 25 14 72 38 37 60 23 11 99 71 26 40 12 88 14 26 22 9 45 32 41 19 53 75 95 57 64 7 99 80 72 18 81 37 97 76 64 2 73 30 50 30 21 71 62 98
78
97 28 28 7 73 93 51 55 74 31 34 19 24 17 39 46 85 93 65 2 4 32 39 76 100 19 38 30 12 22 71 20 94 82 19 67 22 6 67 4 26 4 24 7 72 68 77 21 39 84 4 47 26 77 99 90 100 52 59 95 83 26 27 55 69 38 60 47 20 78 54 80 27 60 87 46 3 2
72
13 87 10 36 93 76 9 3 19 27 9 23 11 63 51 19 79 68 99 42 95 60 23 17 44 52 64 63 99 42 76 91 18 37 60 90 100 71 56 15 6 58 36 58 76 65 13 41 34 64 79 59 13 90 91 37 9 24 21 59 76 36 98 91 8 15 60 67 14 20 55 77
90
82 46 21 60 79 45 72 40 75 10 89 76 2 93 34 21 10 87 81 35 40 50 57 83 53 50 40 52 99 58 78 18 53 88 43 52 27 71 70 6 30 18 41 33 30 41 78 50 6 15 57 14 97 72 9 42 30 84 59 3 71 73 59 48 65 2 96 38 39 32 75 23 25 36 29 48 57 81 28 22 93 30 91 30 78 84 12 49 28 46
55
88 70 80 66 38 59 85 3 51 79 70 69 74 75 95 79 9 88 7 99 28 64 77 71 6 3 71 53 3 20 95 4 70 16 93 90 88 92 92 13 35 9 45 40 6 6 97 47 59 72 10 56 11 90 32
94
67 54 9 76 80 8 84 94 35 75 29 19 27 9 45 5 41 45 32 7 92 89 42 85 2 81 15 19 3 77 31 3 71 88 61 73 59 67 82 5 63 14 28 65 93 92 77 29 24 53 72 98 43 86 86 94 41 17 61 46 91 4 62 7 79 95 74 36 11 27 10 60 35 2 92 98 19 43 46 63 63 89 86 58 86 26 52 66 78 88 32 92 79 47
96
19 37 62 9 35 100 32 89 16 41 21 92 97 52 48 95 31 82 98 75 56 12 83 42 68 47 53 67 65 46 20 47 68 12 84 37 60 92 87 92 99 95 85 41 98 22 26 73 47 40 88 77 55 100 76 92 41 42 58 73 50 5 17 92 42 68 65 17 98 59 22 52 37 5 62 84 31 23 27 59 76 99 56 86 44 7 24 89 25 17 56 44 51 18 7 3
70
31 43 49 40 38 67 74 47 7 64 50 32 52 87 60 13 41 25 32 23 4 85 53 25 16 42 68 23 49 34 76 62 30 65 51 42 82 62 95 46 69 47 60 7 45 80 44 8 75 45 49 92 80 14 58 42 24 69 69 29 43 95 8 96 96 12 61 29 34 77
93
72 73 11 3 95 73 99 42 86 4 67 90 57 73 86 65 95 2 44 35 82 88 91 80 91 77 21 64 19 25 30 34 52 7 99 23 53 2 47 3 9 24 67 41 49 54 41 11 45 19 28 70 69 98 66 88 23 73 20 87 98 82 81 4 19 72 56 81 68 85 50 50 60 78 66 13 67 89 40 84 7 2 99 98 99 98 38 69 93 69 33 94 24
62
36 22 26 9 6 47 98 21 59 70 26 16 100 60 46 37 6 32 39 45 4 14 36 89 30 3 14 74 15 2 32 96 53 53 27 64 57 66 39 42 38 89 49 58 45 79 29 20 28 56 54 74 4 74 53 12 19 44 98 19 54 5
77
64 8 2 21 21 60 84 24 72 53 87 41 90 63 7 100 50 88 100 40 84 28 96 69 57 50 33 84 10 17 35 6 28 100 56 91 95 70 67 95 14 52 41 24 39 82 54 10 13 81 46 93 54 90 21 77 88 67 24 2 86 44 18 89 89 72 30 65 37 89 38 51 29 45 33 44 46
63
56 93 52 73 94 32 2 68 99 4 63 66 87 50 34 13 45 99 27 14 92 78 22 87 23 50 90 82 46 24 29 87 70 27 38 4 85 94 7 22 80 23 73 38 30 29 91 89 83 15 3 79 6 11 7 86 16 85 78 65 50 54 31
82
78 41 67 76 51 9 78 95 56 38 69 54 49 39 18 39 13 64 66 70 25 69 57 70 29 79 45 94 9 51 88 94 73 63 61 75 65 41 48 62 17 51 46 69 87 16 7 65 81 86 75 99 49 85 13 73 99 11 97 73 21 64 6 6 94 39 68 100 82 79 38 100 32 5 21 70 95 86 84 100 44 2
88
35 52 14 50 73 2 42 58 92 27 46 96 70 20 88 60 28 63 27 2 19 30 16 30 2 65 61 82 54 71 69 62 52 68 94 34 92 52 71 47 21 39 94 67 50 80 72 36 64 41 18 17 84 10 88 55 23 2 66 61 13 26 78 86 29 59 47 43 11 19 67 67 50 59 79 50 72 44 61 22 13 65 31 3 21 62 37 45
50
54 92 8 86 9 48 20 35 68 89 92 18 4 100 62 54 49 100 94 66 51 76 82 27 27 37 64 99 94 4 53 21 70 8 79 8 36 86 75 6 19 48 89 67 18 12 86 77 37 50
67
61 92 73 88 91 22 96 93 47 21 35 47 90 66 89 57 82 48 58 16 59 33 17 75 100 41 18 15 6 63 7 92 93 46 58 35 50 68 66 94 4 93 76 55 100 75 50 46 52 24 43 11 87 84 31 34 45 65 88 64 83 23 22 17 63 46 14
67
69 69 72 95 74 36 68 67 2 49 64 95 98 93 24 99 99 10 90 53 89 89 25 25 72 79 91 10 40 28 25 81 20 82 49 22 85 88 38 61 39 13 97 72 85 12 4 32 3 48 50 73 3 87 4 99 20 32 100 73 83 85 36 97 20 93 14
68
96 5 51 48 11 14 30 41 38 3 24 22 20 25 22 83 5 93 16 63 94 20 69 86 61 44 83 15 87 19 12 24 98 41 91 82 57 7 8 13 26 48 88 76 88 72 85 6 89 12 34 98 20 70 47 95 68 85 77 29 20 31 40 67 97 5 32 71
50
52 20 89 14 97 79 82 19 6 79 67 25 40 88 7 71 24 68 9 85 49 87 87 13 100 73 32 16 84 45 37 76 10 78 77 69 44 36 23 10 36 11 38 2 95 90 4 92 100 86
61
26 17 63 48 2 27 10 91 22 61 70 6 93 89 28 74 69 99 27 59 53 33 66 49 85 76 39 20 23 94 36 8 34 50 41 4 87 24 23 3 54 88 42 54 7 44 61 12 59 19 34 32 77 55 98 47 79 72 9 45 45
95
88 23 68 95 91 48 59 93 55 94 83 54 40 35 92 22 53 54 55 57 50 56 4 99 49 14 46 80 57 94 89 88 33 42 12 49 94 14 98 46 6 49 100 64 94 66 66 50 8 100 18 80 53 61 14 49 6 15 71 67 88 23 26 69 99 51 31 18 83 34 50 87 59 49 65 71 6 10 8 56 43 21 76 36 34 35 78 2 82 49 7 85 60 72 23
85
57 89 75 76 43 82 8 87 33 68 74 60 62 64 54 7 67 40 50 83 91 34 73 26 48 45 100 87 79 39 44 100 56 54 79 13 20 37 51 25 62 19 82 37 18 75 15 24 86 71 53 90 30 37 79 18 70 57 73 94 77 82 44 42 26 25 15 5 54 19 82 6 27 73 55 15 13 2 21 84 10 9 20 34 20
96
86 5 8 48 31 90 6 46 32 85 42 65 20 49 20 16 49 35 6 65 54 81 6 15 19 52 25 87 37 34 95 45 18 25 93 56 37 70 23 100 79 78 8 32 79 31 59 99 49 57 35 97 15 85 33 11 69 93 83 9 66 22 14 75 10 36 93 6 61 66 3 44 64 93 29 94 86 5 82 9 85 84 72 32 51 20 52 61 5 94 29 44 55 70 68 27
94
32 39 98 100 99 92 48 3 75 8 62 34 95 24 29 67 45 23 89 65 5 38 29 39 73 85 84 52 90 50 72 17 88 70 83 51 67 38 64 5 58 81 45 53 88 20 44 41 39 6 35 32 58 62 87 39 21 78 84 46 45 7 43 88 58 30 51 22 25 45 73 62 80 60 30 45 86 33 73 58 55 37 29 70 88 69 55 10 96 83 63 2 38 16
72
17 16 94 4 43 46 96 71 33 3 46 50 60 70 70 25 15 54 11 60 22 60 23 92 76 45 51 17 9 52 51 82 84 97 99 99 28 62 7 44 28 14 46 20 73 29 17 53 63 69 22 6 34 14 21 79 66 35 3 19 15 6 3 41 97 43 44 61 100 77 53 47
93
97 40 22 71 35 91 14 84 81 88 32 62 65 3 69 10 67 11 77 34 6 40 56 6 25 3 9 94 75 32 49 18 66 49 45 83 91 59 74 43 33 97 78 74 89 100 94 93 79 87 75 54 36 64 45 30 12 90 55 95 20 77 63 41 67 33 88 5 12 29 23 64 22 76 12 37 24 83 21 79 89 16 47 100 59 58 47 38 97 36 60 21 5
61
50 49 41 37 59 2 33 85 54 53 72 26 97 18 98 84 99 61 93 87 63 18 5 4 27 89 61 87 42 50 30 15 70 54 67 19 11 60 9 18 86 15 56 99 82 73 52 57 16 64 93 66 31 9 36 78 34 90 99 24 39
87
37 75 91 58 71 74 18 12 43 72 53 51 55 31 69 87 6 94 63 23 10 92 43 42 82 86 19 79 51 44 55 88 32 43 14 75 70 56 51 91 66 56 86 60 82 86 39 73 50 80 13 70 17 13 42 7 85 79 83 61 92 94 60 55 72 17 95 71 31 99 11 46 69 76 50 69 77 50 82 90 18 52 12 100 39 70 74
90
99 30 14 84 18 35 59 51 95 34 87 83 64 77 90 95 63 12 6 18 67 40 61 33 64 8 24 93 70 56 73 20 13 13 74 60 23 85 20 44 36 38 33 77 71 6 83 77 58 84 25 97 77 71 17 3 41 37 37 61 27 64 95 10 99 59 92 98 40 84 93 54 49 69 42 74 22 66 73 72 95 3 100 24 43 18 27 66 2 22
59
49 98 32 14 15 98 9 74 68 100 16 99 72 89 29 33 63 28 42 81 5 93 57 46 83 94 70 39 67 53 95 56 12 59 88 42 49 56 8 16 53 12 27 85 24 65 50 50 65 3 54 40 83 54 67 55 11 9 55
98
9 56 67 40 6 77 70 24 20 77 46 43 40 83 95 47 35 34 57 14 45 38 91 28 23 58 45 65 15 74 28 62 72 4 84 32 76 46 38 89 70 6 30 20 7 27 40 97 20 17 97 23 64 55 89 68 47 61 69 89 96 19 92 43 73 9 17 55 28 93 12 20 44 33 52 15 74 87 62 72 4 98 17 78 99 90 45 71 35 24 59 92 24 53 91 94 25 35
70
24 16 8 14 87 62 25 48 29 91 29 89 68 2 94 46 87 64 58 55 2 10 83 7 6 67 23 36 43 46 72 68 56 26 59 83 49 55 73 79 71 30 42 30 7 2 90 73 67 98 24 19 24 15 18 71 4 22 33 21 25 56 15 71 9 67 78 90 98 93
60
69 78 32 92 50 60 12 5 83 63 43 51 5 3 69 71 36 48 85 31 67 85 89 24 32 77 50 55 83 27 3 10 2 30 99 98 58 62 85 9 96 59 84 20 36 25 43 44 85 12 60 87 89 24 41 44 6 44 80 52
95
59 66 97 69 84 60 6 50 76 86 97 88 42 18 12 38 82 28 33 31 81 20 16 2 66 7 49 94 97 5 49 100 56 10 72 16 51 64 9 88 17 29 58 85 84 60 77 83 28 13 84 28 62 65 45 31 53 89 58 94 56 57 11 23 50 43 71 61 55 24 26 20 6 19 39 24 14 84 34 83 49 78 40 19 20 28 3 26 14 56 78 47 5 85 83
72
43 19 93 91 35 48 17 30 77 19 66 49 73 37 43 29 99 4 17 72 92 34 57 36 81 50 8 45 72 83 18 36 18 61 76 92 33 48 35 21 55 77 11 60 22 36 10 54 2 25 53 87 71 48 43 32 36 5 24 33 19 23 57 33 40 78 66 74 45 51 55 46
63
53 54 87 89 13 23 10 83 22 77 53 90 37 16 98 67 11 46 85 28 89 42 45 73 87 94 58 42 90 46 56 31 45 77 22 49 22 35 30 42 57 13 82 56 38 85 39 40 42 8 79 21 23 5 100 14 36 48 12 72 56 94 5
61
16 59 84 37 39 38 6 6 78 86 26 97 3 8 100 35 20 86 26 23 33 19 65 92 100 30 56 26 35 70 94 93 50 28 75 46 90 99 9 25 89 95 80 43 72 30 42 96 58 28 26 32 78 90 31 54 47 71 86 81 7
97
52 38 47 60 60 59 24 75 32 79 18 98 11 40 91 33 67 11 97 55 89 81 32 98 76 28 32 54 72 74 71 33 86 70 45 57 62 35 92 41 38 89 40 38 78 27 71 31 83 29 46 49 79 65 70 4 5 81 23 98 13 4 22 56 94 97 55 35 41 25 27 96 12 58 63 44 4 37 6 99 59 38 72 19 57 44 80 63 34 84 96 68 91 44 91 20 2
86
89 84 60 99 55 78 73 18 45 21 74 14 55 48 99 27 62 97 39 78 10 33 35 74 35 9 61 25 47 60 85 67 7 81 47 99 30 99 2 24 27 11 52 19 39 44 55 10 91 93 90 47 84 55 78 12 67 11 78 58 91 27 89 33 13 27 4 96 85 70 75 2 66 12 76 86 10 92 85 99 34 23 23 88 71 69
70
38 21 29 11 93 65 48 19 21 97 76 54 24 36 53 56 9 10 83 35 99 6 17 49 63 35 42 88 19 55 30 10 71 53 7 53 74 10 61 13 80 37 76 17 81 53 88 98 93 85 39 84 65 47 49 10 80 43 46 53 36 60 61 31 8 62 65 38 76 83
68
6 57 64 78 70 57 56 14 92 67 52 64 60 78 19 69 12 40 48 45 3 75 75 22 22 41 97 6 84 60 66 39 63 39 72 93 86 80 73 60 65 38 92 45 43 81 16 38 34 14 81 61 27 9 92 57 8 17 31 18 36 55 4 19 71 87 26 13
58
99 72 84 28 30 53 22 74 28 41 32 33 75 88 4 2 79 64 95 84 23 77 10 86 22 50 33 27 75 47 20 27 75 93 89 85 85 64 49 76 62 98 17 100 43 23 7 96 47 98 25 8 80 60 80 68 14 38
62
52 14 24 57 51 19 72 48 17 55 45 38 91 68 21 42 31 15 62 86 74 60 33 5 73 82 67 28 87 35 48 15 100 22 63 19 13 5 97 95 11 60 57 52 49 72 85 46 37 2 11 78 14 51 17 2 85 32 33 98 47 61
100
40 52 23 76 32 88 13 5 85 76 47 89 14 42 44 71 47 30 68 51 13 3 95 13 15 25 61 31 24 38 97 97 8 31 9 51 14 48 39 63 74 30 66 98 87 76 23 51 21 89 81 6 85 41 64 43 58 80 50 78 85 71 60 19 97 72 65 77 65 89 32 61 65 49 8 43 43 36 70 19 7 58 11 73 11 72 55 47 22 42 96 3 85 91 66 42 80 65 9 28
