50
49
7 82 51 36 16 37 39 25 30 29 16 76 85 93 81 49 95 46 90 4 99 70 80 78 63 65 63 35 4 28 58 6 15 76 95 82 24 41 50 56 24 26 9 99 51 97 5 99 29
28
84 40 55 47 33 22 20 83 48 51 86 33 67 67 13 31 90 74 26 19 14 77 89 84 89 52 17 59
23
42 89 55 69 13 42 7 74 31 8 81 32 45 39 48 93 13 17 100 94 55 18 48
45
61 35 76 6 70 63 98 21 14 46 43 78 53 25 73 96 7 90 46 53 77 63 19 69 76 96 57 73 98 86 21 20 96 9 77 98 24 59 27 82 36 55 17 60 79
41
12 68 24 48 89 25 25 47 83 11 89 51 60 49 19 20 70 36 64 18 90 31 57 89 98 13 34 40 75 81 16 45 97 39 57 59 11 49 49 77 81
39
29 69 75 20 19 99 92 55 78 37 79 53 86 73 94 27 89 66 88 5 96 33 67 21 23 95 38 70 9 46 60 82 8 35 11 87 93 57 100
38
4 36 63 6 100 9 20 46 16 7 52 43 47 3 75 87 54 80 72 60 93 40 33 34 53 2 25 26 77 49 88 65 82 95 94 28 13 61
44
8 81 6 62 44 26 96 23 84 46 37 73 83 30 69 38 10 16 42 17 98 3 24 67 64 93 7 12 13 97 88 15 66 4 54 72 90 60 65 45 87 19 85 22
20
73 50 14 31 9 58 75 99 93 57 34 66 51 90 19 30 78 27 100 8
18
15 80 20 8 24 73 9 94 38 59 69 60 32 74 88 4 35 39
39
97 57 21 50 80 81 34 27 92 84 61 20 64 12 36 31 52 23 31 100 29 32 50 92 10 84 22 47 66 57 97 29 55 6 8 37 86 19 83
33
11 28 46 97 90 99 64 83 18 50 15 30 78 30 8 48 97 39 56 65 11 2 69 80 39 31 20 66 43 33 70 66 84
27
83 85 85 36 47 33 97 32 9 14 65 9 40 71 10 22 86 41 39 24 19 64 48 52 53 39 13
16
25 80 87 84 98 37 16 83 71 70 52 67 51 85 70 78
59
99 96 91 13 3 57 29 10 8 34 90 27 45 64 87 49 28 3 94 84 75 28 82 42 15 43 30 41 68 90 67 26 83 8 45 56 48 47 14 78 61 18 84 52 6 22 11 58 83 92 26 37 22 59 85 58 69 4 41
52
91 24 5 52 43 95 67 45 29 30 24 82 68 45 98 35 70 88 39 73 7 13 73 24 17 59 26 39 86 32 49 75 25 13 45 41 99 74 11 21 45 83 83 58 13 34 5 17 10 60 3 28
30
90 99 76 57 71 10 44 80 84 11 71 70 26 52 15 57 5 14 48 88 89 84 65 28 65 6 39 82 37 41
16
30 21 13 97 81 96 86 93 43 70 52 90 44 52 54 5
47
79 36 78 73 30 38 44 62 63 81 59 83 100 60 67 24 93 2 86 23 99 86 67 84 100 52 22 61 40 36 34 11 9 85 74 99 56 77 57 26 49 41 11 2 70 40 85
19
32 88 62 98 84 12 64 12 30 33 40 61 79 39 2 38 38 85 30
33
5 79 62 73 3 44 8 68 68 83 88 73 44 77 36 31 47 57 52 22 82 4 66 93 36 72 9 26 33 53 77 8 38
35
30 26 47 57 20 54 39 7 34 34 74 36 79 17 20 92 73 53 81 37 83 66 23 93 42 80 61 70 87 22 73 51 28 77 32
27
98 15 75 57 58 48 19 67 100 82 83 59 56 86 51 12 96 21 38 91 96 93 26 17 22 29 98
9
43 76 61 55 91 11 6 14 93
15
26 47 72 4 4 17 77 73 49 68 52 51 76 39 19
8
94 97 16 84 30 72 69 49
50
66 20 43 87 25 100 51 87 41 20 83 79 98 22 37 52 7 82 23 87 16 30 9 69 41 91 34 40 35 18 13 35 14 96 41 59 82 62 37 12 5 22 37 47 60 87 68 45 74 41
60
46 33 17 51 21 26 81 27 71 43 84 11 35 23 71 92 14 95 47 51 45 34 60 69 57 50 12 34 61 75 63 7 19 60 36 17 33 9 36 69 96 54 13 14 46 43 61 25 14 37 38 57 41 56 39 60 55 22 63 36
19
42 77 88 90 89 59 50 47 86 57 59 20 31 41 47 18 42 83 34
33
77 9 17 15 24 100 86 45 50 28 95 49 44 58 73 54 11 54 57 5 21 77 9 37 2 37 37 9 5 32 23 62 35
46
92 46 98 6 42 20 42 18 97 39 65 53 53 43 73 49 88 9 19 100 96 52 83 61 21 63 8 61 42 74 61 45 54 56 5 6 80 75 81 87 98 20 9 50 3 16
36
58 84 17 81 11 94 18 82 30 54 41 54 58 51 24 93 49 48 50 64 77 71 73 25 8 88 94 70 62 85 72 78 94 11 91 13
22
78 58 72 34 52 27 99 91 56 30 2 68 37 45 48 45 90 48 38 2 54 40
45
36 83 60 57 97 12 26 3 62 33 19 63 18 9 71 4 13 37 53 68 96 68 42 42 60 25 36 35 2 61 81 47 24 50 88 97 76 86 48 27 71 2 73 28 39
45
81 82 52 34 43 76 30 77 32 77 62 18 61 55 91 33 69 8 79 16 27 61 83 65 69 72 26 95 74 54 66 100 77 22 50 8 87 7 57 89 88 78 29 94 66
25
74 91 45 90 38 13 16 43 32 53 35 80 76 63 92 48 4 7 82 61 54 90 25 52 91
27
74 56 62 28 43 62 23 81 15 76 28 20 84 86 33 91 4 31 65 86 22 26 80 85 65 95 7
10
21 87 37 59 96 91 39 27 32 71
9
6 3 48 31 80 15 12 63 64
25
51 82 94 36 10 55 55 17 27 79 64 100 63 56 94 67 38 84 15 23 63 75 3 53 85
43
11 27 95 92 13 67 88 10 63 21 59 97 66 41 39 67 65 53 54 32 97 30 40 23 54 28 50 77 30 64 48 47 61 7 98 10 14 47 61 41 11 75 36
9
94 12 96 38 97 44 93 87 86
31
32 39 52 2 82 36 33 81 93 52 30 64 18 27 78 31 9 53 88 100 46 63 80 14 95 86 83 77 86 5 84
18
84 77 45 61 26 5 34 71 28 38 67 20 26 26 70 10 46 78
14
72 49 88 58 84 23 45 100 63 27 64 9 6 92
16
96 55 75 65 66 59 69 38 53 31 35 78 60 80 58 92
50
25 100 8 59 94 77 42 23 3 76 61 96 4 37 29 33 35 36 76 64 27 10 86 70 53 96 96 100 34 59 85 59 20 42 39 45 94 55 52 49 99 21 20 99 40 9 33 27 40 78
29
86 3 92 10 62 20 10 92 48 86 58 59 53 58 16 82 55 27 17 81 72 34 96 69 10 40 70 49 52
58
62 48 83 54 88 36 61 63 52 85 72 11 8 90 33 60 54 7 63 57 81 66 100 30 17 77 18 66 95 25 16 48 41 21 83 71 10 76 87 27 64 64 16 91 93 15 6 3 43 84 89 70 79 94 26 5 68 94
6
81 83 24 92 56 73
