145
13
30 83 82 15 52 4 19 65 87 9 54 94 28
41
96 35 25 79 33 32 44 1 11 58 45 2 67 90 28 3 72 79 37 65 1 4 62 50 71 100 65 72 26 24 71 77 99 1 91 93 88 7 96 66 72
27
34 59 19 69 90 67 71 87 77 47 86 61 22 23 1 95 73 65 10 86 96 60 7 10 45 54 25
46
98 27 67 83 12 60 96 92 69 69 36 66 55 56 11 16 38 55 92 32 57 93 16 10 34 10 73 3 22 71 99 99 86 75 98 18 40 88 38 87 50 47 30 100 98 24
41
8 100 30 57 25 84 21 83 46 25 19 43 95 19 26 82 43 70 82 43 41 44 64 82 88 12 67 9 14 5 79 57 78 59 53 46 22 59 40 35 37
24
28 27 22 49 89 91 59 76 84 49 63 18 39 6 9 23 68 10 82 39 29 55 72 72
10
17 37 51 19 16 64 35 67 16 28
40
7 89 67 7 50 65 96 34 81 97 9 79 11 31 66 33 19 73 40 5 16 89 12 33 60 35 65 50 58 3 14 66 85 4 73 51 74 22 12 82
18
20 88 93 57 86 18 97 52 45 16 36 77 22 82 16 9 63 22
24
97 74 66 25 45 16 67 20 22 55 40 40 34 36 7 27 59 23 68 86 48 26 76 92
44
49 59 88 9 12 78 68 34 55 26 32 21 46 60 71 2 79 75 90 78 58 49 63 72 12 34 96 16 76 54 6 7 25 20 90 89 87 94 34 23 73 86 9 76
49
44 79 100 55 57 71 81 17 90 1 33 39 83 19 3 95 68 28 17 86 87 17 43 98 56 2 83 37 16 79 71 28 47 28 26 81 38 16 91 30 70 19 24 59 39 24 57 16 21
23
79 8 30 17 13 91 6 76 46 41 18 62 73 98 98 43 15 88 43 47 93 19 86
46
59 60 98 74 98 22 78 57 43 16 21 6 18 90 72 86 44 27 51 43 65 44 52 15 35 88 39 66 61 54 48 4 9 67 61 41 43 17 53 7 63 12 74 24 42 89
10
42 30 26 7 1 26 4 61 44 91
24
62 52 45 42 34 78 7 14 11 42 94 41 44 71 63 47 43 96 66 38 40 3 47 27
5
44 25 13 94 14
43
84 72 26 96 68 44 30 15 47 72 59 9 7 74 4 89 6 23 17 97 60 99 29 3 32 18 84 60 35 46 9 72 84 18 14 99 58 40 83 31 46 1 30
43
6 68 86 95 50 82 27 67 71 49 32 47 79 72 14 41 51 40 10 5 33 59 3 37 74 76 9 30 93 36 19 89 6 84 45 12 36 45 75 48 27 18 45
28
47 85 37 71 16 75 72 34 48 7 33 94 19 27 4 81 82 31 68 30 75 84 98 76 83 70 100 53
17
11 47 88 53 74 97 31 42 12 75 62 63 26 88 30 93 5
32
82 60 9 99 58 78 39 64 91 96 35 86 93 84 31 86 97 35 50 54 71 45 5 64 65 48 5 49 5 33 39 70
25
27 27 63 5 18 77 35 54 25 92 53 68 100 50 26 33 99 77 61 26 45 77 9 83 22
38
43 32 26 40 53 35 32 35 16 40 59 71 15 92 72 51 25 62 74 52 48 13 12 79 12 8 47 100 52 44 6 44 38 66 20 4 26 87
49
31 54 34 69 100 29 45 20 6 83 80 17 10 55 52 19 49 26 73 38 27 61 49 38 93 34 55 27 63 51 13 60 7 94 3 37 88 80 57 41 100 94 76 48 67 67 38 38 5
40
94 66 92 30 21 84 24 8 32 64 38 30 3 5 61 67 95 50 59 72 65 84 53 75 44 50 11 36 8 7 49 31 38 92 21 69 41 36 75 87
45
42 87 78 48 50 67 69 22 72 66 97 100 64 90 8 44 32 6 79 73 33 89 16 85 99 2 33 27 44 61 19 58 77 88 59 1 33 100 93 21 88 88 68 82 1
24
51 98 40 37 19 17 97 19 86 11 99 61 42 61 74 75 68 36 73 89 14 24 97 88
21
71 4 21 8 76 11 4 11 60 77 79 72 8 49 93 90 33 72 84 45 22
18
95 83 98 75 12 46 67 42 67 3 8 42 13 5 96 39 63 68
40
59 68 71 58 71 26 58 94 63 82 52 86 9 51 39 7 38 19 91 81 49 58 46 85 49 9 63 96 83 76 11 58 87 65 70 40 70 99 96 22
49
71 1 98 42 58 8 87 26 37 61 75 96 20 75 37 46 4 95 27 73 89 34 53 87 64 23 33 59 46 75 21 31 99 12 85 73 93 82 38 59 66 81 95 69 61 17 20 55 2
38
66 73 37 35 12 57 83 69 61 8 37 47 96 26 67 7 71 1 86 34 4 90 55 45 99 56 30 96 38 10 67 62 47 65 44 98 74 100
30
81 1 67 47 69 34 5 42 24 52 10 71 27 26 66 63 16 46 27 65 56 11 38 60 1 20 39 15 93 39
30
47 98 3 87 24 100 7 94 52 58 61 45 71 29 3 3 10 67 45 48 72 49 12 36 24 70 85 18 60 98
15
11 75 79 93 53 5 52 19 20 6 61 76 24 63 28
19
17 52 7 34 94 2 44 4 74 47 100 40 67 77 52 52 14 31 83
38
19 41 41 19 59 34 21 59 81 69 49 43 17 81 25 91 89 96 36 40 10 85 3 67 16 42 19 95 86 42 71 43 55 48 24 54 92 50
20
10 95 99 3 5 1 82 32 31 38 69 53 14 16 83 95 45 11 93 72
18
3 69 29 51 64 78 32 92 26 46 74 31 99 72 38 3 3 74
10
11 23 40 16 76 66 64 21 74 23
18
53 79 90 34 64 58 27 60 13 77 85 84 2 68 59 5 34 84
23
98 78 5 6 76 31 81 6 48 19 42 48 14 80 28 62 71 32 20 54 68 95 50
16
54 84 100 9 96 68 69 43 92 17 27 63 58 68 13 90
27
8 50 7 3 53 36 63 40 81 22 83 37 71 42 66 43 63 27 37 87 63 69 5 98 13 44 44
33
30 21 97 58 37 29 87 88 18 39 70 39 76 14 89 20 11 89 45 99 31 26 25 57 43 8 52 35 54 24 63 93 42
44
52 63 52 55 12 4 21 78 37 38 48 34 89 58 38 12 81 59 72 72 51 35 100 30 57 47 21 12 59 97 7 45 9 41 19 4 50 95 33 68 6 12 73 66
46
52 61 57 42 5 50 77 66 79 83 43 82 59 45 11 16 60 36 15 11 97 97 85 26 9 26 53 73 5 99 48 87 29 49 6 85 99 58 21 14 15 87 76 89 50 6
45
27 83 28 3 18 56 15 85 18 78 77 45 32 5 51 70 62 58 95 86 37 76 67 49 11 58 76 72 37 88 72 22 30 17 8 55 14 23 62 36 16 15 97 29 9
21
12 7 75 5 38 62 22 73 97 75 54 5 14 3 3 29 95 95 87 58 94
30
100 25 27 91 16 3 46 15 79 52 66 83 12 64 3 4 20 65 89 10 54 30 46 10 81 89 52 79 66 83
10
44 23 75 77 80 16 50 44 93 38
45
66 75 67 86 20 14 88 96 5 23 7 31 3 75 61 29 62 70 17 78 33 50 71 67 5 1 2 29 47 15 14 23 6 9 99 67 43 39 36 26 59 15 45 19 73
34
34 56 54 16 46 81 78 63 92 31 93 49 69 3 72 19 56 12 12 75 61 52 75 100 74 91 39 31 53 27 4 20 40 62
14
50 48 47 9 3 87 62 75 69 49 52 50 71 7
31
19 53 87 80 40 91 94 80 71 74 10 37 33 80 24 84 76 87 63 77 53 70 31 89 38 71 99 32 93 54 47
48
52 21 63 95 55 38 26 68 49 5 12 47 71 39 41 61 79 47 44 14 50 84 64 2 99 5 74 19 78 85 13 9 1 53 32 1 99 60 60 15 16 46 96 36 58 5 35 69
11
54 65 78 77 58 42 63 88 87 54 54
38
10 83 39 36 48 63 75 84 86 35 98 60 71 8 73 99 30 34 56 29 13 20 9 36 11 58 51 63 31 87 36 11 87 83 84 16 22 74
44
98 38 87 31 30 3 82 60 76 70 59 87 72 99 5 15 5 15 99 55 55 55 70 89 47 39 61 8 86 67 39 20 14 42 41 12 64 26 6 99 43 34 65 4
42
56 70 85 48 67 37 53 97 2 6 78 92 86 63 68 9 52 77 51 59 21 96 69 72 33 98 29 39 65 92 81 5 4 17 66 15 70 9 63 63 52 47
19
75 33 15 74 20 44 37 82 53 60 52 4 46 19 44 59 97 71 76
10
59 72 45 62 96 60 9 68 51 65
41
53 71 63 64 56 10 23 93 23 52 73 25 71 92 52 75 39 83 77 54 29 7 95 58 53 34 33 47 32 40 54 81 67 68 88 54 57 36 26 87 84
12
82 55 25 12 12 99 19 15 65 93 84 8
47
88 12 21 62 94 32 83 66 13 60 75 56 53 74 44 24 10 89 30 91 95 50 37 16 64 34 52 69 73 54 75 66 56 26 21 81 43 71 14 5 55 93 87 100 86 73 29
20
55 28 2 54 16 19 75 46 99 57 51 96 54 31 82 35 21 95 59 44
2
57 55
19
7 53 24 35 68 68 27 97 44 79 98 25 67 34 82 68 27 98 54
46
21 88 27 87 11 60 98 63 47 14 25 9 67 16 2 45 35 26 10 96 79 37 79 98 18 41 79 10 92 63 11 1 92 28 65 30 99 55 34 88 23 79 45 10 85 11
7
22 24 76 15 75 67 30
2
64 95
40
25 98 14 39 5 46 10 63 88 8 12 18 56 53 33 19 77 26 4 89 98 75 94 65 9 77 49 95 18 8 93 89 84 26 6 11 17 62 4 73
44
70 50 89 10 53 31 94 7 22 92 38 24 11 28 100 60 22 75 27 52 68 92 94 1 17 71 61 89 9 15 99 11 95 29 74 42 64 35 28 82 40 6 30 84
4
9 88 72 19
14
94 34 27 37 82 87 55 1 63 67 76 60 31 94
6
57 63 67 75 96 2
50
34 1 53 28 16 70 10 70 59 52 72 46 21 86 9 2 85 29 48 14 74 50 95 90 90 31 27 90 32 51 99 28 55 25 52 98 98 33 12 97 78 83 22 63 26 50 7 62 74 37
2
95 47
7
3 51 1 86 70 26 54
29
31 27 92 74 58 89 14 77 13 73 88 18 99 69 71 90 73 51 34 7 84 100 56 30 89 58 87 98 80
27
78 19 26 7 64 77 91 33 94 70 89 15 93 87 51 25 95 59 46 30 53 38 71 35 75 80 11
31
36 8 30 41 93 78 49 96 98 25 16 79 58 57 76 65 62 13 42 78 10 50 42 62 100 63 1 3 46 15 72
36
20 55 23 4 4 93 3 59 53 82 80 1 20 36 39 41 22 41 45 12 28 34 30 71 33 33 67 77 24 96 88 46 72 71 63 57
9
62 64 75 58 64 71 13 38 57
23
98 53 33 34 43 18 83 24 14 90 52 59 79 26 93 28 34 91 92 7 35 75 56
17
16 67 87 29 35 19 59 90 97 68 71 91 28 11 94 66 53
16
28 55 15 51 72 47 31 65 38 81 38 32 11 80 70 7
3
6 97 80
9
58 88 94 78 72 74 51 14 28
2
54 77
19
76 99 24 89 17 78 10 67 3 24 39 2 66 26 62 79 77 7 76
32
57 47 83 67 37 2 27 76 33 61 72 97 19 2 45 66 89 95 11 60 52 35 49 69 51 64 6 23 2 10 10 81
49
75 72 98 61 21 21 76 64 7 52 14 34 40 88 51 46 15 97 33 79 5 44 94 41 50 58 66 92 76 29 59 11 66 47 12 31 99 69 3 77 60 1 63 99 6 80 14 48 18
38
49 63 10 12 23 8 55 20 37 92 85 57 20 32 13 47 18 33 12 1 69 79 73 75 19 37 7 77 1 3 40 42 19 9 87 9 46 25
36
39 3 17 34 31 73 86 11 53 22 26 44 43 83 34 25 3 63 49 71 79 80 23 10 84 14 80 39 24 49 15 10 3 72 95 14
4
25 57 72 31
43
91 4 55 67 71 76 84 65 50 3 23 69 93 47 63 91 55 47 68 36 62 77 45 52 86 41 98 64 85 49 95 57 37 39 87 47 84 66 90 63 27 25 36
35
48 35 27 92 61 81 97 49 6 71 100 19 86 99 40 99 23 100 40 11 13 45 1 90 27 48 86 12 3 75 82 54 9 18 89
34
55 63 11 62 80 4 44 54 36 41 26 96 46 71 75 77 38 38 80 89 32 77 26 49 79 44 69 41 42 89 64 75 59 72
11
98 79 65 1 32 15 78 86 45 14 54
6
34 81 15 76 11 77
32
68 48 45 97 62 48 81 18 100 57 16 56 60 30 79 20 100 53 55 2 48 61 3 35 23 82 36 27 62 68 20 12
20
43 47 21 4 6 81 32 82 99 46 16 74 32 52 67 23 26 85 37 74
12
90 56 85 41 69 42 69 100 64 18 96 93
48
40 11 99 66 100 89 36 97 22 81 90 47 9 97 30 8 44 94 3 50 100 1 44 95 61 45 63 33 16 90 43 73 38 35 71 45 80 81 48 34 76 2 51 11 27 67 45 12
3
7 53 15
27
57 74 46 90 86 38 11 97 32 19 72 87 81 18 33 54 46 56 76 10 4 96 92 16 98 59 57
3
45 30 1
26
99 27 43 43 4 4 95 22 65 59 35 80 59 25 78 21 8 90 51 30 87 55 70 7 59 57
48
99 60 15 9 31 42 63 21 95 20 1 92 85 66 46 69 76 52 31 40 50 80 20 8 74 40 14 26 83 57 97 35 99 9 75 22 72 98 42 72 47 9 6 22 28 9 37 99
50
81 77 83 55 25 17 5 89 81 100 26 9 49 13 28 21 79 9 44 9 36 37 4 1 3 61 30 62 61 42 63 38 27 81 80 30 7 58 44 75 56 93 73 3 29 65 6 43 58 24
11
52 91 91 58 67 19 76 79 23 54 3
38
59 7 97 82 18 11 90 53 49 28 6 32 28 15 83 22 5 83 21 44 3 51 89 69 36 72 3 37 76 44 3 66 4 72 24 94 100 4
39
62 86 34 38 93 24 90 61 51 89 80 54 54 53 88 69 81 1 90 16 16 84 52 11 65 44 63 50 18 34 10 39 97 26 12 5 66 47 90
4
57 89 63 70
24
10 63 49 18 48 93 93 20 79 41 82 66 80 74 96 28 22 37 88 61 49 28 7 81
16
24 94 40 16 92 41 42 95 43 8 93 51 98 69 94 77
25
51 40 71 31 21 95 26 21 49 62 51 21 61 58 16 47 78 61 55 45 71 12 74 100 94
17
65 79 8 77 99 67 89 75 57 21 93 11 50 75 73 68 61
28
18 87 61 79 24 22 16 28 21 54 29 42 28 90 15 46 26 57 31 43 93 79 38 9 68 81 88 74
19
12 70 7 62 70 61 28 6 49 1 8 26 39 35 66 29 72 23 7
42
7 87 25 53 9 42 37 90 48 6 22 34 65 82 80 69 18 45 3 88 46 37 53 34 56 25 7 57 67 47 40 25 61 91 20 19 24 70 67 32 88 47
33
60 51 14 26 48 48 32 50 8 19 44 7 53 19 70 45 20 100 70 99 93 21 69 37 90 100 17 54 61 57 64 59 49
5
93 42 2 46 62
44
44 50 95 3 12 15 14 36 63 42 61 79 1 87 59 46 67 97 39 14 2 12 3 55 41 59 99 31 47 98 16 94 27 94 1 80 2 32 17 9 93 78 54 48
45
69 64 65 52 32 37 68 45 71 26 12 93 41 96 48 23 15 16 33 93 19 18 38 83 6 35 99 10 98 3 43 90 37 52 22 63 8 97 43 12 52 72 58 27 28
28
20 59 6 100 62 19 98 82 14 91 6 73 10 70 88 84 27 71 26 8 59 23 29 93 3 62 43 94
15
69 57 76 88 26 57 31 64 31 89 82 99 23 39 90
44
66 27 51 48 95 56 71 14 57 63 4 32 15 66 58 59 23 3 43 70 92 62 66 24 95 98 25 32 50 73 34 44 88 91 62 18 23 4 33 54 79 55 43 63
9
55 90 9 55 38 42 13 69 12
9
60 83 17 67 92 60 36 2 31
16
5 63 5 34 40 10 39 31 88 17 31 75 29 81 61 75
14
51 25 18 36 93 78 73 72 60 28 58 25 85 79
49
92 9 74 100 66 31 1 12 50 38 92 43 36 28 34 94 15 24 30 26 8 17 25 3 5 41 10 82 95 59 40 64 68 13 52 22 33 30 21 71 1 30 86 45 61 29 68 12 38
10
61 85 30 96 21 36 63 17 33 50
34
84 47 68 89 97 56 38 66 82 26 78 22 57 50 54 55 74 63 25 90 47 13 19 1 99 95 44 2 36 41 65 39 40 3
25
20 40 84 42 64 36 52 87 72 96 75 83 46 58 59 58 51 50 10 57 46 57 6 92 63
42
71 88 72 44 84 2 12 22 66 78 87 57 4 25 67 42 45 55 54 58 9 82 6 31 40 81 55 2 82 98 20 60 85 1 75 39 26 3 65 35 33 80
18
78 24 37 91 95 56 54 36 72 32 61 17 92 44 62 26 82 95
45
7 80 41 98 7 9 2 92 55 44 17 62 28 22 22 13 49 28 13 1 42 42 64 68 90 69 57 37 82 42 18 90 12 68 22 58 61 27 3 60 87 44 83 43 59
7
41 71 8 31 67 19 46
29
98 49 20 56 43 7 43 5 29 22 41 4 37 38 31 88 37 99 35 43 57 75 51 4 18 66 60 6 74
29
100 24 17 82 20 15 26 89 14 11 98 54 72 46 93 9 47 52 100 74 70 41 85 2 80 22 19 79 1
49
10 52 62 47 93 58 33 81 35 26 26 41 65 45 68 60 34 18 72 63 13 44 41 59 79 81 31 59 50 100 84 14 72 24 94 82 50 10 86 38 5 7 79 97 92 43 89 77 20
