139
44
88 78 46 95 84 98 55 3 68 42 6 18 98 27 38 43 68 83 12 69 12 30 6 2 54 74 45 41 49 21 59 16 6 32 6 11 64 66 26 19 50 37 79 100
17
81 77 15 50 83 62 25 76 27 48 66 61 46 4 78 96 61
16
64 81 20 6 86 9 4 55 67 65 34 49 1 43 18 81
47
22 9 61 83 10 47 99 17 65 9 33 83 96 80 99 63 30 36 96 16 75 58 41 57 66 83 68 49 16 27 22 9 35 90 66 41 84 7 80 31 22 96 62 58 41 74 15
20
19 71 27 30 10 15 8 79 72 87 96 100 74 35 25 99 10 43 19 94
42
77 90 81 49 29 69 85 59 96 40 14 87 74 99 91 23 20 80 84 4 30 78 11 93 66 28 64 66 23 18 63 38 31 97 58 13 42 85 56 39 41 38
28
59 64 53 71 33 20 22 65 4 69 73 13 25 88 13 84 34 35 90 74 28 93 1 58 14 82 71 93
39
85 30 55 76 61 23 18 16 74 5 65 86 43 13 18 86 34 44 44 41 1 44 41 48 33 2 1 37 22 50 42 62 64 47 94 19 49 59 33
25
1 77 40 17 84 42 26 53 71 95 78 72 15 62 12 1 29 37 8 76 36 97 90 21 55
42
37 91 96 17 2 78 46 87 94 26 36 28 74 85 11 100 12 97 32 86 89 79 28 73 22 45 22 67 81 30 69 96 98 24 95 71 87 81 91 1 7 67
47
92 77 78 3 54 46 51 61 15 82 39 94 90 27 7 48 53 44 24 10 41 79 75 29 95 16 65 70 81 20 14 2 25 67 53 1 25 6 90 24 94 54 84 92 69 99 31
28
73 65 59 66 54 27 91 42 72 23 75 6 82 72 58 32 76 48 97 63 13 82 70 11 61 61 66 20
28
91 92 84 82 38 23 98 37 51 64 95 22 14 69 4 97 99 75 66 47 69 54 77 31 37 44 29 30
18
77 64 6 9 70 42 80 27 21 76 30 93 74 38 29 44 41 58
3
90 86 70
31
36 52 13 78 83 99 47 28 45 54 48 100 80 81 77 95 78 40 46 43 43 94 41 38 9 18 14 69 3 14 10
48
8 43 9 50 61 35 59 71 86 40 18 24 85 29 66 60 85 92 64 46 48 6 44 60 86 73 3 3 40 27 41 89 74 72 44 76 42 16 35 56 22 31 20 56 21 59 23 86
15
13 76 46 73 96 85 79 74 89 50 51 84 93 23 34
32
10 62 10 78 95 54 54 85 87 57 70 29 34 79 41 12 44 60 88 36 8 14 92 17 58 5 67 76 89 29 32 52
11
91 46 37 63 88 49 68 24 5 46 20
18
58 89 53 32 55 42 39 20 10 46 67 40 26 73 63 62 94 39
23
34 4 19 3 56 2 29 30 87 49 42 91 28 4 51 96 85 1 98 5 6 85 45
19
51 8 48 25 64 14 19 84 32 20 74 93 26 71 43 7 3 95 36
37
78 42 46 79 83 43 31 59 29 20 57 5 84 44 17 30 67 85 56 3 35 75 50 62 26 39 30 100 65 13 43 33 54 35 6 70 91
11
65 51 93 57 30 17 66 28 26 38 80
10
3 12 35 81 83 99 71 34 38 43
38
83 23 33 96 59 20 15 44 4 41 71 7 94 45 53 21 2 49 98 58 81 27 29 76 7 1 66 1 65 11 18 47 99 57 53 66 66 22
40
6 75 70 95 2 66 77 51 57 49 13 25 89 82 93 46 39 16 36 57 36 67 94 84 16 59 83 55 82 97 26 28 33 34 28 97 18 58 62 9
40
58 87 27 77 59 7 81 83 80 49 7 97 80 58 50 90 42 99 21 67 47 27 95 2 36 71 11 83 65 65 2 66 95 37 9 79 22 15 16 44
36
75 16 43 32 59 62 18 80 17 70 73 88 50 61 44 21 84 99 37 15 64 74 54 54 57 73 1 81 68 66 95 2 6 9 30 76
4
58 91 2 83
28
60 72 61 27 7 25 18 100 93 76 69 58 8 6 90 13 2 99 42 88 51 52 94 80 87 79 53 26
10
90 31 86 25 84 62 8 39 73 29
12
18 84 84 61 38 56 81 96 47 100 6 76
43
10 88 71 40 89 26 12 92 70 44 37 99 79 5 64 81 35 53 78 56 64 27 3 78 50 100 23 54 21 59 92 46 42 83 82 15 2 8 2 21 38 2 79
25
29 84 40 60 29 67 16 56 99 80 48 39 79 93 17 29 9 61 19 17 62 75 3 27 71
3
27 6 40
2
96 35
37
73 83 88 87 41 57 33 13 42 61 86 75 67 54 10 32 4 82 34 53 1 92 37 43 48 79 46 46 74 53 84 51 71 13 69 43 61
2
79 95
3
1 82 18
28
38 65 74 4 67 20 83 55 28 91 74 30 26 14 43 84 77 3 7 26 66 24 75 79 41 34 55 58
47
42 9 59 97 24 51 58 60 7 32 23 55 27 60 17 13 11 11 28 44 52 62 58 54 11 54 33 60 39 11 7 34 73 11 57 100 85 48 89 60 80 5 85 74 28 78 85
8
62 39 60 30 93 29 84 22
20
49 61 70 48 87 86 55 72 68 40 74 11 40 50 4 26 17 19 40 43
27
87 4 6 57 14 88 84 10 99 41 63 78 14 87 27 37 98 72 33 36 1 83 7 27 3 78 9
32
3 25 62 99 54 84 100 91 29 84 16 55 31 31 27 91 49 88 36 31 44 12 39 92 35 36 23 98 10 100 49 55
23
41 35 90 50 60 98 57 37 53 41 88 64 65 19 91 12 100 29 4 75 96 62 63
34
63 13 88 18 45 86 68 82 52 97 45 27 15 50 77 15 56 99 71 39 74 2 30 45 27 44 52 11 42 38 61 94 22 80
38
19 86 1 77 33 59 73 18 42 9 3 5 98 34 51 6 71 94 85 17 39 73 44 24 64 64 20 86 67 56 88 1 98 73 85 89 90 65
19
63 1 55 69 60 14 36 64 60 52 85 38 11 6 55 5 98 82 29
8
75 62 6 50 21 46 84 38
26
28 94 95 64 63 71 57 74 47 41 26 1 38 11 63 20 27 80 80 100 22 45 39 67 69 27
45
87 99 22 37 20 11 19 39 31 77 91 2 56 1 82 46 61 2 45 71 56 53 40 88 25 67 37 5 38 7 87 89 73 81 16 9 41 52 15 7 10 69 38 56 40
18
81 59 57 83 82 47 60 36 7 21 50 13 56 27 60 53 14 94
39
72 84 78 19 93 54 81 44 53 61 39 44 66 80 5 92 65 46 69 82 88 70 27 42 77 6 23 22 37 80 29 47 1 96 92 11 68 40 92
19
72 74 24 48 88 38 52 82 53 50 39 17 38 20 50 77 10 99 12
6
50 26 97 27 63 55
29
43 1 58 64 94 79 75 97 38 4 36 8 83 77 29 48 86 21 37 23 55 44 28 91 3 84 95 2 18
30
78 4 18 86 46 25 98 95 80 92 88 41 80 98 16 79 11 73 26 57 41 29 88 15 99 86 62 75 3 96
44
75 63 90 84 37 70 80 65 21 99 33 77 39 88 85 40 34 96 68 78 14 65 89 69 71 26 19 93 16 27 32 54 17 68 89 57 5 30 80 80 16 86 18 13
23
15 25 55 39 24 7 37 73 60 61 1 97 17 98 51 42 1 33 31 16 72 74 38
45
12 61 9 13 80 57 9 2 37 91 17 56 72 57 40 64 70 79 48 80 26 13 28 77 7 71 91 84 4 44 26 84 10 23 14 34 37 65 56 80 95 81 95 43 27
18
93 13 71 66 31 60 15 94 84 97 84 10 90 46 98 95 77 68
18
67 22 85 93 59 46 87 92 45 24 96 13 95 50 84 28 98 44
24
95 80 88 79 61 59 5 29 28 39 24 93 95 68 66 41 1 97 3 100 64 58 96 53
7
31 26 83 8 88 5 64
31
47 7 78 25 37 70 57 25 100 37 15 23 14 52 15 16 57 15 17 95 57 4 64 55 74 13 88 91 26 34 40
16
35 69 94 12 24 27 94 94 87 66 87 65 13 98 57 86
27
83 96 10 77 66 96 47 89 48 66 6 95 37 50 15 85 42 79 38 12 28 24 41 51 34 99 55
49
47 69 91 4 66 84 64 58 96 37 51 26 90 46 39 96 48 64 92 32 31 78 19 70 7 96 28 4 90 45 97 32 51 26 4 24 64 29 89 28 21 27 85 59 11 18 84 30 82
13
60 96 75 98 36 8 46 65 26 11 1 60 85
16
11 65 20 1 30 36 25 23 70 55 91 31 47 60 92 34
26
33 84 30 46 95 40 16 4 44 35 75 47 57 81 7 42 32 7 71 15 15 33 48 29 24 20
15
19 23 12 95 43 91 63 80 48 37 47 66 33 95 92
27
4 71 72 89 64 53 46 70 23 12 35 70 28 30 48 33 82 83 82 37 71 47 29 40 2 1 2
6
50 84 56 10 76 54
28
100 77 87 83 11 74 79 22 69 22 9 24 19 8 45 68 57 2 47 18 73 7 90 39 12 98 98 15
31
12 22 4 60 74 15 48 40 92 6 43 58 8 90 6 36 49 36 41 18 24 1 46 32 87 60 40 49 81 5 69
9
79 91 25 14 58 83 48 3 22
5
3 99 60 20 68
12
2 76 10 32 14 12 30 35 18 75 88 88
10
66 79 92 89 82 89 40 13 41 12
4
91 41 75 30
2
15 14
32
25 93 81 87 75 21 81 4 69 76 12 43 65 60 88 23 42 86 96 60 59 60 3 45 39 100 18 35 16 92 86 23
13
16 56 68 15 99 100 43 55 34 83 4 5 99
12
68 63 15 18 29 49 37 36 76 51 37 45
31
98 49 78 41 99 40 70 93 38 34 37 66 68 61 21 46 49 27 7 50 75 90 48 80 26 34 66 88 86 38 54
23
76 84 61 39 84 29 24 80 36 58 26 55 72 53 82 46 1 1 82 49 50 33 73
26
26 21 74 17 44 97 99 11 21 12 47 75 49 31 56 69 22 7 54 61 76 95 6 2 79 95
36
49 21 46 9 60 25 5 2 64 37 90 63 28 1 46 5 87 45 95 32 6 35 78 77 48 71 66 10 60 5 87 1 30 90 20 9
22
52 86 69 32 37 83 39 66 4 48 9 82 24 99 83 29 95 42 68 32 89 74
7
7 18 89 33 25 27 72
21
50 90 65 63 65 21 70 85 18 39 80 53 93 27 70 66 81 23 79 62 14
49
31 31 95 78 43 17 9 56 25 90 22 79 21 16 55 68 78 71 63 57 77 44 34 65 37 64 90 81 14 19 41 43 86 53 33 54 71 28 66 67 46 95 12 31 2 33 87 18 79
32
21 94 40 35 99 50 49 64 89 31 62 51 61 47 10 69 84 53 76 22 37 42 18 60 11 91 32 33 20 68 86 24
32
54 16 29 34 26 3 57 61 61 7 39 30 66 67 69 20 15 46 3 77 48 62 83 48 97 36 8 10 37 42 76 25
37
100 94 35 90 34 40 26 9 57 17 41 44 9 56 53 68 42 64 90 33 44 30 62 4 29 50 9 1 95 7 63 17 71 42 16 13 19
22
88 1 24 99 53 82 41 7 4 20 87 28 80 97 23 81 76 85 75 16 10 12
3
81 91 99
22
25 39 99 64 17 39 80 89 57 46 31 42 21 68 36 57 75 15 85 71 98 89
25
42 17 43 62 32 2 15 44 83 8 51 56 19 98 20 46 11 61 1 63 4 98 81 47 4
35
40 48 32 35 50 77 83 69 98 88 81 59 13 89 17 70 89 13 3 30 30 35 58 41 20 30 75 86 87 78 9 15 94 66 63
32
53 96 53 77 67 9 99 55 88 17 8 99 75 40 100 2 33 48 23 72 97 69 68 89 91 95 22 100 49 84 11 74
3
7 56 71
16
85 18 18 76 32 68 40 71 35 3 37 66 76 60 38 72
42
38 52 40 16 81 32 10 36 56 73 90 20 84 29 87 53 71 64 85 71 30 40 52 18 95 19 72 19 7 40 15 72 49 38 50 84 26 11 76 100 31 95
41
41 34 74 35 100 97 62 20 56 81 47 31 31 28 56 83 94 80 65 84 36 5 71 49 35 35 34 99 39 58 48 4 1 93 39 64 26 20 38 88 93
35
37 54 24 26 13 15 72 97 49 46 84 63 20 30 34 98 20 7 22 87 24 1 65 13 3 39 7 20 31 93 93 18 30 51 88
21
77 93 41 32 84 25 75 22 19 31 52 26 1 4 100 2 79 47 91 22 9
13
23 5 14 36 89 33 43 97 100 67 80 87 97
47
83 81 1 70 58 91 81 35 13 35 28 49 42 30 81 61 80 48 91 72 56 8 87 69 15 77 46 97 46 99 56 41 96 27 22 28 48 39 65 26 25 51 89 90 52 15 50
32
65 50 10 4 98 60 13 22 66 17 8 84 100 25 99 84 94 50 55 46 78 88 84 26 4 4 96 32 25 89 63 34
44
58 84 5 3 31 26 29 97 23 93 9 61 19 17 51 90 82 95 22 51 7 75 19 58 83 27 71 22 80 58 28 58 91 78 16 28 26 59 88 99 22 33 38 13
18
26 96 97 15 6 27 55 63 9 9 43 62 25 3 62 68 69 56
9
65 7 16 31 95 2 41 56 71
29
66 8 52 47 54 4 10 28 38 78 33 63 17 28 67 38 5 73 74 83 73 19 64 63 33 46 57 49 95
14
52 84 82 63 2 90 50 30 46 18 81 84 75 23
32
76 50 98 36 31 49 20 43 25 100 14 11 36 92 32 35 99 11 54 39 13 46 61 87 12 27 75 94 18 27 39 71
45
77 90 92 36 21 81 82 62 18 96 23 98 29 61 43 82 23 31 94 10 99 16 57 92 94 63 68 83 4 58 79 21 14 85 90 61 26 65 27 22 41 94 75 90 98
39
29 72 97 84 34 82 57 1 60 52 25 6 32 35 71 4 75 27 40 95 64 33 49 44 32 69 46 31 69 18 73 30 80 25 31 43 68 62 84
26
20 35 62 77 100 79 50 18 13 76 19 97 16 45 29 98 72 72 7 31 73 57 93 29 81 34
5
43 54 73 84 66
21
65 64 3 14 57 71 46 92 32 28 77 5 99 58 36 36 54 50 67 17 3
50
11 23 21 64 45 14 31 62 1 57 75 100 76 73 95 49 31 44 3 41 5 64 29 1 13 26 71 62 42 15 53 62 61 1 64 71 62 67 24 73 67 97 72 37 24 54 12 40 90 22
7
52 100 84 30 92 21 32
42
27 8 82 18 86 90 46 71 78 91 89 45 62 69 15 32 67 8 67 29 89 92 37 76 5 95 13 38 57 96 4 83 62 85 90 42 87 42 75 88 71 63
12
17 23 14 46 51 2 87 98 57 43 30 65
2
14 9
9
2 79 91 82 22 6 66 56 33
14
65 98 61 61 99 30 8 26 74 9 49 86 85 74
40
26 63 46 21 89 78 70 60 15 33 32 36 15 33 54 92 81 28 82 29 57 61 72 59 2 22 51 71 64 50 40 74 38 75 77 73 49 26 95 26
15
42 8 58 9 32 98 86 82 18 23 48 85 47 75 88
35
13 53 80 75 91 94 51 40 27 24 51 90 53 61 24 93 46 21 91 45 55 60 39 72 99 81 71 39 60 28 61 62 55 53 77
5
39 54 92 51 70
23
30 17 24 40 64 32 38 84 43 2 60 54 59 68 83 49 8 86 76 74 25 25 84
21
28 60 54 39 76 47 60 100 87 100 2 73 68 73 37 23 74 16 97 42 75
19
19 18 9 47 40 17 45 10 52 76 15 75 56 74 27 64 29 19 20
