132
4
1 95 93 25
36
73 43 43 59 99 87 44 91 2 38 95 20 60 48 6 19 72 10 37 9 61 93 80 50 51 92 31 39 98 1 11 96 33 72 52 95
6
59 21 95 66 60 97
30
84 46 54 87 96 13 9 92 63 65 52 41 16 100 87 16 50 21 82 3 50 53 46 62 63 25 55 54 56 66
24
14 41 76 12 70 54 47 34 75 15 41 73 76 82 75 38 72 84 3 95 62 36 85 13
20
7 39 19 36 70 30 98 18 35 12 15 44 85 49 48 8 19 41 43 46
44
69 25 44 43 25 88 4 28 24 2 9 24 64 56 94 94 2 4 25 63 92 19 97 33 29 27 89 49 15 58 95 94 34 2 14 7 35 87 21 69 18 32 34 98
49
42 99 15 41 63 72 60 19 32 54 51 1 4 46 12 97 67 100 75 31 64 60 92 99 47 21 19 99 51 49 70 11 61 67 74 87 8 21 70 77 15 86 65 24 34 17 44 50 73
16
62 59 3 30 35 63 12 53 2 28 100 56 55 22 2 23
35
5 33 66 53 86 55 98 81 23 77 4 90 46 68 11 3 62 83 18 99 58 15 32 27 20 77 39 25 8 72 41 74 30 24 74
44
11 20 76 38 4 37 54 5 94 65 9 20 32 9 66 40 57 83 86 100 3 96 52 40 49 87 23 8 66 49 93 59 67 83 50 21 77 63 3 73 84 75 3 23
24
28 37 74 18 92 43 3 58 21 37 5 85 8 72 16 37 30 96 22 70 82 63 56 53
4
3 26 82 26
25
39 67 56 31 18 31 22 64 20 11 98 33 75 9 29 69 32 76 97 78 98 1 59 95 9
16
74 83 61 36 42 28 60 79 61 9 3 71 58 80 33 72
29
28 94 76 4 53 74 73 93 99 96 86 94 83 3 19 75 54 56 36 15 95 2 14 24 89 69 2 83 71
9
57 37 59 27 50 52 40 97 66
46
19 23 31 85 85 39 85 22 36 85 8 74 42 42 65 36 81 88 9 65 61 4 16 10 41 92 91 34 10 89 83 17 91 23 59 34 87 79 50 54 89 48 19 14 40 3
42
53 41 61 39 64 35 57 83 21 14 59 48 48 51 7 46 17 30 16 59 72 65 89 22 67 58 47 97 35 77 77 40 36 99 63 44 61 8 4 65 72 98
2
88 8
3
62 29 66
7
54 2 95 53 80 38 49
5
8 47 90 5 89
50
51 5 86 40 82 36 88 54 33 94 97 7 13 24 46 95 72 41 90 55 75 97 41 97 93 65 26 43 82 45 21 24 40 42 58 56 94 8 33 26 87 48 16 85 80 11 87 8 84 14
38
97 85 36 63 31 66 36 81 51 99 75 35 35 6 10 24 11 26 42 95 18 55 38 68 59 43 54 46 93 80 98 93 25 72 94 65 40 24
10
58 51 17 37 27 17 10 86 83 21
4
84 2 53 96
5
49 100 56 91 10
9
26 61 13 85 80 72 78 61 75
15
80 1 61 31 75 75 98 68 79 34 22 33 83 23 66
40
83 100 50 24 11 24 14 23 70 96 66 9 75 17 60 14 79 27 69 55 97 27 92 78 60 62 54 38 65 49 21 24 15 99 34 56 25 82 6 17
13
46 68 61 38 12 81 26 83 36 95 35 20 59
17
64 79 90 4 57 36 78 77 95 68 50 50 32 9 59 20 94
46
95 16 52 66 34 33 48 33 24 23 42 60 14 36 44 79 49 30 56 89 62 39 66 70 32 48 3 2 40 79 78 95 88 1 42 7 60 69 38 40 84 15 41 25 5 14
32
92 84 46 46 63 41 90 59 65 41 23 77 20 12 79 73 9 84 44 48 93 93 79 92 52 55 13 46 36 91 13 59
6
77 63 72 14 55 18
14
66 25 60 94 31 40 85 88 76 15 76 89 13 45
46
52 5 45 84 11 48 11 13 29 18 18 41 64 98 13 56 4 56 5 65 22 100 38 64 46 80 46 33 5 54 24 94 4 99 58 60 19 33 12 18 22 15 50 9 76 12
27
71 19 67 64 8 66 37 68 4 27 38 51 95 97 48 51 39 43 15 66 38 82 24 35 45 99 17
20
62 35 22 14 59 42 32 54 24 85 9 61 93 15 32 72 34 72 71 88
13
5 64 98 60 85 8 74 53 47 68 76 100 62
41
58 76 20 37 7 22 99 85 53 40 67 72 88 3 34 80 54 29 10 15 21 80 11 4 56 62 90 17 74 3 87 36 80 46 53 68 80 16 57 42 81
34
94 6 68 9 27 62 54 58 47 70 19 66 44 47 37 96 81 67 51 16 76 30 38 22 69 76 24 72 25 49 84 52 16 36
7
76 88 69 34 17 23 63
21
48 44 22 77 76 27 22 27 66 41 30 12 11 24 46 15 17 85 97 86 79
45
64 5 85 99 85 24 16 26 69 90 64 20 43 81 37 36 94 3 9 4 71 60 5 55 9 29 28 64 11 23 38 26 93 46 46 86 7 90 77 24 44 42 17 31 77
7
43 20 4 34 89 35 25
9
1 73 69 27 83 27 13 23 83
5
67 26 9 13 86
46
83 22 97 93 27 93 80 62 54 83 91 36 23 80 73 19 77 63 34 4 8 77 65 59 65 73 83 98 85 18 34 28 15 7 75 91 39 78 33 51 95 26 35 41 29 54
22
33 75 11 56 12 66 42 90 98 72 59 39 17 35 83 11 16 35 35 18 25 44
44
74 80 81 84 68 90 78 34 48 10 67 83 56 59 66 82 13 93 73 5 97 7 66 7 50 35 49 31 22 22 18 79 65 88 36 81 71 73 19 50 39 75 43 46
37
70 3 37 44 50 59 58 13 16 41 10 82 58 68 49 8 82 25 74 21 95 33 26 27 4 5 1 99 59 93 68 95 44 4 88 25 35
2
90 5
25
23 97 71 55 53 11 11 46 57 52 19 9 30 18 24 63 5 31 45 42 44 46 62 85 44
38
91 39 14 13 87 45 57 62 50 76 18 88 95 85 19 58 78 87 9 5 54 32 46 12 72 65 76 43 91 85 96 63 62 66 64 52 50 92
30
43 53 20 53 49 96 7 34 38 70 4 69 15 74 93 49 9 9 83 2 15 33 13 54 72 83 29 14 54 10
43
22 52 54 96 17 48 6 88 22 26 7 48 11 48 7 25 48 57 34 47 72 66 12 36 84 87 93 66 66 87 52 28 96 79 96 50 39 83 58 8 24 10 89
41
13 37 57 21 33 8 45 24 60 29 81 74 5 26 76 64 52 27 22 45 39 2 92 80 17 46 83 12 75 92 41 74 41 85 12 71 7 62 5 15 17
31
78 87 62 100 96 44 90 3 50 90 76 12 52 41 77 55 90 19 7 18 86 52 51 36 33 17 58 64 50 82 88
35
85 28 49 82 22 63 18 18 20 49 90 85 74 25 78 28 69 53 88 91 52 17 9 87 51 54 51 33 29 24 8 92 49 36 61
45
61 66 55 52 2 96 5 30 33 57 9 48 34 27 98 12 8 78 97 48 42 86 5 77 84 29 89 87 7 79 34 63 53 32 29 37 94 46 94 46 66 80 32 19 20
13
18 83 96 41 74 21 86 58 28 56 25 58 55
11
46 61 72 42 14 21 21 98 27 55 71
44
47 74 65 17 7 88 19 86 26 12 68 46 24 45 64 15 24 9 94 100 89 7 80 32 5 54 30 90 21 47 70 31 62 71 19 79 20 31 41 36 74 18 7 1
16
35 86 29 87 16 39 73 63 36 9 98 13 98 84 81 37
28
47 60 54 24 82 88 30 29 21 9 2 16 56 64 43 100 29 86 100 59 25 54 89 8 67 63 62 17
11
59 13 70 28 57 76 32 71 68 25 15
50
26 92 77 14 50 16 97 9 62 86 12 76 62 81 3 6 3 76 75 84 45 35 20 91 73 39 19 97 99 53 12 24 62 91 72 73 35 3 24 14 58 9 65 17 41 62 66 51 43 12
31
41 18 55 74 67 76 14 77 48 74 79 88 19 73 35 56 93 16 27 3 61 25 66 25 67 87 44 16 13 65 68
27
17 66 95 54 76 99 52 95 72 64 61 24 80 47 16 18 99 23 8 58 64 79 92 24 18 41 83
26
72 47 87 17 93 81 5 74 90 85 50 68 2 73 42 11 73 89 11 4 66 54 26 35 98 40
45
26 82 86 12 9 12 36 22 69 50 80 24 93 70 82 90 44 5 98 51 1 16 90 91 73 70 69 34 84 64 21 87 100 27 6 50 41 42 29 50 43 41 89 12 96
33
22 83 35 69 97 9 10 21 14 96 37 48 6 19 80 75 93 72 17 70 29 45 84 61 97 36 89 97 63 18 46 97 6
44
50 18 84 89 38 26 81 87 32 30 99 13 28 48 28 19 21 58 63 10 70 1 99 59 38 26 35 100 78 21 8 44 4 73 66 54 90 73 12 50 91 10 79 28
2
22 70
20
65 83 81 43 83 30 2 28 66 85 7 24 55 49 10 85 1 85 32 89
4
97 86 35 81
36
86 33 92 18 28 93 99 86 90 34 40 81 99 89 26 9 1 22 82 75 68 55 49 26 97 60 99 54 83 2 82 54 17 19 65 18
37
31 25 85 15 74 8 85 12 60 41 22 76 84 77 27 64 38 57 40 20 21 73 85 39 1 86 81 70 42 21 24 1 31 75 58 66 76
5
22 20 28 3 96
13
28 19 15 84 78 32 4 92 55 38 48 15 62
15
46 39 6 9 51 57 20 11 21 49 15 41 52 47 62
8
20 34 25 60 37 63 44 62
14
18 42 38 69 5 40 77 100 16 88 8 11 51 58
10
64 19 18 35 16 41 12 41 49 73
48
80 12 25 95 91 15 16 27 85 96 67 51 99 76 51 71 50 25 69 62 70 97 92 8 16 45 83 8 4 3 40 91 44 76 95 87 96 58 13 5 19 15 73 71 8 25 94 95
4
96 18 34 60
6
49 66 96 79 56 21
20
6 35 3 31 25 92 32 31 87 61 32 77 84 77 93 81 54 88 60 8
7
75 85 66 34 61 26 3
39
48 47 50 14 68 5 33 64 44 19 83 57 76 20 62 38 37 16 89 10 73 19 8 1 42 48 6 82 76 63 98 75 28 75 91 60 21 25 7
24
99 39 33 24 87 98 95 1 32 36 8 6 57 23 11 80 69 76 14 76 30 49 80 97
6
32 4 23 45 53 75
50
53 48 54 8 65 32 66 62 7 78 83 20 21 68 5 48 63 22 81 27 52 56 61 24 80 54 32 40 13 51 31 84 91 58 75 14 18 32 33 3 64 41 12 99 56 42 6 45 21 97
7
59 56 61 81 80 94 85
20
45 15 6 70 19 24 14 67 73 66 74 99 46 45 84 25 91 42 46 83
24
93 37 2 81 12 11 81 6 10 34 50 80 17 42 85 24 16 63 91 69 26 20 100 39
40
26 29 64 40 79 11 23 45 75 3 48 20 94 60 45 54 36 40 40 26 8 31 6 100 93 45 18 37 28 5 12 84 56 69 71 41 5 43 31 100
30
15 32 90 91 82 97 9 55 1 17 27 6 60 2 75 25 99 21 39 73 76 55 91 28 11 67 93 32 29 26
46
66 46 89 60 8 7 58 71 15 81 32 34 38 64 95 45 17 76 24 25 92 91 27 13 69 77 8 12 1 23 37 8 43 1 87 93 87 84 33 16 29 53 20 29 60 11
24
58 95 25 14 49 99 62 28 78 67 74 46 58 71 96 57 9 74 71 99 89 47 24 13
44
4 23 5 51 42 74 52 39 14 44 20 45 88 15 19 30 99 19 94 84 6 8 15 53 33 68 80 97 5 87 54 81 100 57 39 69 82 44 16 14 23 35 40 24
36
56 43 82 91 19 23 65 50 20 18 1 66 81 94 68 59 1 76 76 65 95 18 49 15 49 98 41 24 37 44 47 17 36 16 85 1
23
5 21 60 63 59 88 81 4 94 78 7 39 96 99 8 87 7 45 65 13 33 100 47
14
30 45 30 63 6 43 68 76 85 41 91 5 20 81
40
3 83 83 17 28 37 33 51 15 37 48 49 13 45 5 35 87 30 93 32 46 13 84 37 37 13 16 47 38 7 87 81 86 72 80 7 36 31 77 93
46
45 99 1 4 74 6 41 95 70 42 91 79 82 85 7 26 19 22 44 79 75 55 7 51 72 47 35 19 2 30 15 32 5 96 95 46 5 18 91 38 36 93 23 36 88 53
12
98 82 7 59 91 88 87 94 84 4 35 48
47
23 57 67 30 75 85 3 92 85 13 71 48 23 8 57 37 67 48 42 61 31 75 35 54 35 62 75 52 2 65 34 68 89 20 19 31 58 53 39 56 74 56 53 94 100 30 15
16
52 62 63 31 80 23 48 12 3 72 53 83 65 78 85 13
37
14 21 83 38 57 97 72 65 17 75 79 1 63 43 39 42 76 78 57 23 34 22 30 80 45 56 74 37 43 18 77 61 43 29 78 84 83
21
64 76 74 79 95 28 79 61 73 9 48 74 46 20 80 82 62 46 30 60 39
16
7 4 69 54 75 49 8 79 61 52 90 65 67 91 18 16
30
7 94 25 100 63 34 17 74 63 58 34 58 69 60 53 47 11 8 41 99 39 94 63 14 62 64 52 74 62 93
46
70 43 35 82 84 14 73 96 19 13 98 95 29 96 100 61 5 15 22 33 46 54 87 72 35 76 69 51 65 41 63 76 32 4 66 17 46 33 24 72 90 96 40 81 95 16
6
3 87 49 47 83 48
23
20 6 54 24 61 76 59 2 20 36 93 58 57 45 60 90 30 65 62 21 14 56 89
30
43 73 88 96 60 81 46 28 99 58 45 42 72 38 60 80 88 77 62 58 88 27 1 81 39 95 48 51 3 61
27
48 25 77 36 92 44 17 79 87 98 7 47 76 99 65 85 79 16 16 90 83 89 5 82 96 15 23
44
94 92 38 30 24 14 82 100 50 27 34 58 35 24 82 9 68 9 57 25 51 11 43 97 5 90 49 9 21 47 28 55 46 7 82 53 37 98 16 75 20 57 33 94
31
97 61 81 77 86 75 16 89 61 96 80 56 58 6 20 79 58 38 15 64 2 94 48 7 78 67 9 72 3 76 28
44
78 74 93 59 83 26 46 60 82 82 61 69 57 68 10 38 8 81 43 43 76 51 34 3 9 68 78 98 56 45 6 31 58 60 64 87 58 26 27 100 15 42 26 27
46
68 55 58 78 98 21 3 69 86 35 23 83 2 82 20 92 7 55 40 61 27 31 91 21 100 4 29 55 82 86 2 69 100 12 32 14 28 27 76 58 46 91 13 21 25 62
5
75 91 15 58 79
24
8 69 59 94 64 36 38 12 50 86 38 74 8 59 58 15 9 35 94 36 7 33 5 26
44
37 2 23 66 10 56 2 85 37 9 22 51 40 32 35 45 60 7 82 79 31 65 19 53 67 41 50 70 9 77 100 64 71 52 85 1 63 29 73 97 5 53 76 74
24
42 47 83 2 14 82 33 97 60 49 29 28 83 30 44 43 81 19 73 38 33 4 3 97
15
53 92 67 29 98 100 15 42 1 16 66 81 76 95 79
50
92 100 30 77 75 41 94 39 95 14 63 66 77 84 92 100 34 95 30 65 2 17 27 15 24 64 68 59 67 36 75 82 60 82 38 69 13 62 98 5 12 78 89 45 66 5 73 23 13 45
45
83 75 29 64 34 84 8 34 24 3 96 57 39 98 48 59 50 21 22 64 22 19 81 72 24 9 45 87 13 53 34 75 25 25 29 74 61 81 27 94 25 49 15 67 54
15
32 97 5 98 61 11 30 91 92 12 86 41 91 34 58
