6697
968528605
257298398
110826661
226605811
33397030
833819891
614010092
192356712
391920786
968208541
144732791
473669234
316315058
317927535
981047874
209051418
183078538
70728332
68348923
121842753
428676370
197525552
684375173
790438683
283729336
115233319
802750070
322034095
838028765
788729172
831898776
394659672
635950163
246657836
172061291
276324167
460043237
555760696
346687650
611620094
483141584
899973783
723351970
927620310
122714690
336859769
486471174
119033978
891347170
644797605
457401629
799657834
836437319
259699444
418936682
366440825
865477503
989081299
765397796
362938192
368515722
481491397
790407860
103483625
161655517
691789279
569533753
877868564
667285728
731689035
330926855
637032693
456790896
420743109
790579747
508019844
578053726
471010081
212782281
316394763
667188973
597490627
331696103
123579052
352964696
225584165
434195871
268884953
669011018
708585557
98338761
181747674
721482084
47639668
972323438
98008907
352209338
135748408
29362254
830014618
918148438
798609002
584674139
968179341
625630388
883091817
791993660
41439419
838350148
764987814
146553291
972870670
545030636
465733414
60668311
208397639
250831235
15391491
275865187
428013434
566156631
757350891
893201829
692387469
47266216
312530591
892140808
545215422
605621803
170075254
111619818
409548826
237097607
68114391
275851487
685800711
51549403
49867970
325874732
515327675
975853110
625609032
653574732
885587650
309691678
246461967
743373679
8233596
334260746
504702671
95344374
723629468
900733416
300552407
637261817
670723754
394356888
663714184
652109761
889820034
471556974
596562649
855000142
676374483
203936180
151969234
733882065
30438305
685849894
954416401
242307635
100885444
757054068
589825864
424170893
782442599
255290819
813709244
926208686
340984201
911251244
317184712
185656473
107664255
722981692
619277912
493161987
586272624
274530675
285415023
144106457
19706328
226604229
383816609
301866424
343564038
392478748
564544921
670323827
21679517
899395795
710207380
248749713
407643415
853357884
299638501
81371341
987223613
524161820
668048751
51891348
330988464
96816682
736304686
819882634
307640932
859185811
513856942
562067205
683067935
390401913
698524818
253011601
272573439
283237231
639498767
722307690
922177777
541372671
326763630
401009413
687538234
504787236
86637453
15156359
155017714
745623504
340820831
795107660
423999364
880822887
133142119
316381794
725430320
185518658
382328897
246871563
259272074
164797742
608042010
618640959
734548472
374404074
881491763
889257255
31900471
446017196
452407649
72910243
358107350
304541
53916048
929874373
458641593
20162392
608487484
948875092
377179543
428366191
587227638
152213578
152078205
400086758
210623973
388729175
860660298
319584438
150263362
616152667
884351537
11037771
942750939
103332079
627882042
155982343
491244945
617333469
482929856
951156669
743597786
833343140
679463412
642005302
889836095
77706229
767893081
355734192
940422879
169609784
634837318
704781657
794260970
384657160
46810471
951200728
666689320
103186099
557989180
850894533
726565744
241499323
819825561
976703276
144680753
162863191
117346340
431833871
692129004
488883954
484017115
515740129
819518903
88202923
370084235
788431115
490164668
930848980
254245978
374065770
483882680
75825780
735612989
137094863
359267964
634543301
957620866
321010302
962293616
972960182
926090824
19644848
756663051
322759273
109206274
169075985
40519260
622935478
486093561
412420674
977307268
174668967
727541703
703887448
717553465
428989178
211855580
822663259
121330501
559267746
351822332
771539400
970068741
532721991
875027902
254218512
904463083
517983425
245092879
789096471
598556157
648232352
936840365
331397301
427053651
23523495
762317741
918124344
425150364
872948813
939173878
127403744
708754330
517756731
236455364
255878754
149639329
456558800
561815845
625189478
612181532
645741472
264996479
576873481
836295433
119567856
107100936
683477340
586590328
768531004
128527181
39437795
57504271
479616434
602518444
246286102
652406921
882926261
696487641
215521507
575830578
528676186
793476189
306836010
603021677
888151022
805097234
713133888
217202478
472487278
436103592
409974893
360462209
513957901
486717732
59704942
675260929
302612402
790845788
69324531
195352161
943262839
918401916
840988962
563567335
991240491
686329475
934501394
553111276
198825425
751547847
218434385
61064541
122938911
52127085
851402591
646031677
342486528
335454962
809095729
959777313
671492626
6714789
282753966
773457074
567292969
408717610
77856821
101296431
577867210
814722552
468400918
519423976
569670833
463966172
759891732
428361156
214629195
309253236
446357225
597184700
728544573
795832245
630683074
418700381
137676251
279882342
214676415
204041802
680676529
533164195
437997685
136216760
193154046
384457818
694768491
183470833
127379764
234834897
736142496
723294673
43536762
434505758
608407811
597638732
741783082
494773165
299826938
336726502
845110611
401747135
567810268
123011897
518270008
285922789
700061047
241077875
94141902
906659465
812487306
988146645
210605890
868968293
830613836
451231797
274552945
921665801
332178148
29655933
832217711
461061721
679406318
452656938
712126465
786678029
793266684
6054605
452950050
399392304
13746707
21744781
538040962
829736098
621132586
551163812
443505666
678158742
33660847
812453598
180933433
53221140
244890369
325529373
623403250
823982200
58734070
982888407
376419500
65060593
140151127
23270806
650710809
769286659
309630048
30004855
349220511
791688198
753432897
849436332
541159898
676015268
620125599
966867194
558742552
126219103
809442579
965880636
848056795
88417800
622307754
264058078
363770715
363771209
271368803
749162338
54607617
177751837
225977268
890008798
470453741
88112466
201730566
574766716
930344562
496796686
465825332
933606138
924788884
712534087
464577040
192928040
826892433
12160585
288536798
464769644
778623317
533793332
652501463
199742785
314062084
18174588
354892968
295873971
627560820
323662951
542902768
379018725
538831024
546978963
816498117
612484747
791558006
514256749
306670640
17791856
690741178
165143994
570343852
181471730
727350561
778116370
717107115
828476289
414272903
164927072
976442641
560222243
676434297
863409252
751853751
178045171
832166076
324312113
396520425
743264925
958140612
85969839
666044137
176135652
491534654
983610906
751120234
635031069
110094982
224054913
311164693
922686385
458328625
185869384
122875399
233756319
834862469
175987622
86986577
541696759
978050044
739705896
595772791
187891040
302756805
54526764
335696626
152592275
556488259
780374119
160219822
728401117
83278988
587617376
795786380
449468065
901862891
984502002
41554401
407594708
307263582
593100750
255945717
950204031
748183832
507479798
348707974
655656513
423814912
886320451
319362114
483294923
959308593
546776801
57760080
511097185
672630648
682550734
645587400
58741855
153158361
881570398
299128886
340479922
953356811
568492474
999744539
274757979
341089271
763790940
215926892
13592048
934792765
669977748
415984145
219234075
254540206
541711110
691219559
709781017
125641427
75065130
458781631
10804283
999177829
749415371
416305117
274751848
368796627
734120329
424073337
892917914
492020671
275867991
741471169
352985180
794524801
856900349
290597589
576259923
606186146
798269847
462897226
40609970
699320162
218649108
49193128
546487492
817124148
906021815
265205996
658691430
265905213
596799130
578384647
220294281
343033048
385295398
816408668
133571253
764999700
5471645
213414470
338395521
224746548
33288848
135599248
119928348
207937838
972583273
530494971
671252423
881026349
354058723
768244411
38028889
836191504
790973836
516035322
458380474
862328040
740339274
120682836
717629800
949842557
474363091
945384282
42405621
489337290
225654067
233496079
785359494
140219261
611379530
802543214
895160918
845933944
48381260
418554850
782119985
943008595
457366591
613861067
495481337
91010775
77163648
732385024
294332965
35537028
865500222
787487816
86045245
33909260
243458046
74646240
667089759
217196246
610199317
273914872
749957309
664639100
620281393
582136886
78684189
24601933
214195153
959953457
623807063
691829452
418590408
690759415
72413659
2667055
649627838
670668935
183822632
484879584
505088175
858208856
652965206
519597312
328541034
724936145
38014605
499483103
504405522
284905166
799518860
382943365
536854177
982398498
698143523
661940269
157234272
543353871
221474489
660492484
112178289
357002959
671283399
346103150
896437829
260029711
74254426
154785538
279164966
815078511
840471189
278281865
82519983
798244355
829864237
389409218
387908686
794234581
24366315
446541729
920729545
818507360
828363310
416299724
848412342
730815766
482946406
245784605
223402753
465741020
539502490
453807907
435396202
524973449
490246883
439119520
269398276
151392106
440000751
354112780
30163896
789520833
664349055
536579345
833229504
577104193
610765032
37769229
145874988
879182484
278672022
387440787
178100832
864326869
824226181
547795178
60072084
286701590
141106374
715240332
163161427
447069660
563857920
527571880
447063804
643692958
397950444
637621665
635222596
721450825
40400088
923467662
98409138
281563583
324291877
892843960
745151778
14619987
852061130
609511198
515918915
60974670
838353614
942854132
59084057
266226030
848526801
386449439
75730811
893978210
447733892
819089339
194774166
904287823
689394476
16014229
249543016
813145166
527740195
775120818
527517510
166695915
428170071
444484550
313440854
774090663
364361418
399916478
662824470
976907640
474135312
210499639
420884947
296997700
557185748
529712388
608634675
946257257
195170387
678096811
182240428
833439544
87659999
214255593
323786250
576179573
763267165
236659754
236932333
412444377
646759879
766265361
431808840
139377808
546219948
405224694
299875812
732006588
170472875
920298083
512182490
720555248
976841211
328124567
216199709
130371253
269047782
950612739
936844782
12696584
248378442
433106127
361224550
566525914
866569751
686505814
209721071
188880527
767479507
789495461
445227723
792054400
412959513
791457280
965348236
240752249
572677397
850181214
460365466
766965307
322986762
437095144
412648113
593536763
517187020
709176190
766906976
532663265
641026374
561731890
484475018
83210378
320318198
653073098
579807465
221380487
708508780
842086722
428666502
931867356
862675407
650112584
745208898
6677634
297353815
327825599
378113361
810798821
182893268
427411772
331849146
945197926
180384294
742777996
707880664
818972378
276580290
760757804
205634524
4802057
192562228
211430095
460824136
52732464
584248215
49981148
250668149
765243775
262019103
804768494
25422350
539563932
645557903
912148050
802116755
57625631
480673475
37369228
567808471
362720020
165778472
100302034
108738691
536150908
951955007
302402703
857327249
346404299
357136158
169344482
644752849
109761131
727943150
969478940
204777063
457301048
935361390
476420166
943378763
696605443
665943150
712549785
636887751
12590095
668136533
326643203
784046333
211742871
272167324
612923305
146698335
687209030
504433233
787645535
753912373
980157373
779522197
546480178
816166682
565648144
168504094
270063583
495656831
802161225
751340470
854163801
787480615
235910628
280656314
911094855
961063081
967820626
853060763
178479747
602510834
718949750
694527073
684127900
946822848
892457771
620289059
222210645
489747496
931110331
592962704
481572644
741551632
32964969
337687657
972812979
188688822
177650665
560397572
151134051
183937063
296592611
503412427
98106564
67880137
929542771
389236155
79456798
414485970
436521388
429485030
79317740
794215118
164987664
871004657
124402012
896177949
9250585
555600278
869314768
102446706
873137844
703070755
762875487
738487637
768671169
853798650
291127636
281638818
208446356
319381007
554335662
324943624
963050871
156688493
364380319
755168651
449043238
316860081
442225422
564615683
148590417
177750413
394788373
926300315
606678045
61750343
538201475
969542994
319640996
647230263
726645850
460463229
56762480
84271180
882785618
162030915
898095108
458414472
740044629
37944352
605517139
940154751
388007425
538992482
514327367
542142429
177138217
170862511
33412411
861239773
466825812
57000573
104121729
462878418
750981949
574894745
271316958
684154018
926687825
731434145
741467657
857350725
142700596
124676490
80993327
21922379
553684284
191549210
116388210
856079187
884910068
920734830
61335653
653530773
967673243
416314998
266321298
594354777
208524450
980131956
241853428
51980926
797285170
229067393
516293501
879183604
491312036
178713096
697944465
15941186
458438918
775855177
531993993
805096961
719731101
317493463
952917298
606319966
562068829
935813659
178272075
465173916
55889011
246589903
564535819
577037968
209972156
171977091
335974296
148882211
428511563
858360603
793951888
381708756
114098919
208930638
776779908
376434995
13820554
547521065
349520504
738521191
284192995
962866571
84681061
861782953
730063829
727853991
629145784
536434375
733106934
984803204
774712528
368593826
561887761
119266688
648584579
428348592
153188260
257115593
61869721
641717115
902799203
83277027
560217680
153797919
549386419
963874853
819177943
246818512
796946224
424207931
413120467
70270034
168710951
933552549
346908380
206333567
969597468
376488247
143296001
763361221
332988742
327272599
682585408
198416037
101533710
743366339
608202255
70885941
299417748
952986248
376011222
156435103
411462698
917091083
562551922
420037024
997492694
38806596
500509876
576810762
751892692
346964350
692015328
94745410
145233170
898867161
88570671
463119810
248549811
268166344
431860813
795121560
905445261
67362964
66479067
687942630
722800555
193255126
963167470
806641248
16988107
496819457
345545358
314067921
17274592
577058518
945206840
313295510
998955409
278137069
403335261
318494497
489137337
567193395
976219873
558332023
12661733
298319206
744039836
809224371
840915417
444356507
62168796
804404609
297173771
266854585
694637538
870030499
710330918
15673084
779291488
77549680
158010505
417052274
618968065
890603600
455663302
623642497
79806689
824900929
252683043
786898783
808694289
700762197
720507420
551330969
359701269
319579954
304566495
219423117
350530405
631858832
669701070
431504623
338158319
727272639
525988609
706966600
439326867
648716318
158209729
765446258
507024550
632664997
848269838
978252317
633097072
991282524
385472794
6393422
932197294
362364129
413443532
485696731
82129168
306656743
699532863
563119344
194836668
940754609
322074944
801199500
960414153
984823451
70932691
159012357
783078341
563442322
334422702
181345408
12803888
883954582
192924348
576462970
248203263
650145087
307240859
701356866
339182618
883230773
70875935
860669564
71063517
831380663
24651981
722630815
156727963
89572629
790453856
897573752
645843222
347789366
502399560
148044453
119812105
597243923
583888422
187864603
425750686
148389946
269379922
926745761
699385080
477861964
142097749
912519250
909206187
863756415
157116527
503972639
339083583
399333404
942164498
750574411
750355632
734669826
300796261
372992493
369881585
230057249
147188674
180339057
868293988
291674368
531561784
389442071
424627043
508394041
626233609
707554419
807815355
8303351
125776429
221530603
329143084
808649598
755942350
969857341
457157098
280819363
2083786
845813494
933458975
67341392
130932020
88750587
578637670
807759362
370255059
535540228
705587282
672037707
152180130
713741852
530915557
498308688
808435534
842724643
885543705
752845387
598803131
74740812
109705563
637768714
204555904
976639391
696313610
87733870
877055846
101411448
864591613
72491246
999180524
743357958
145858554
567084561
698238918
450113485
611170624
563153911
888398426
799127588
581497598
335460561
476809026
411270840
196680409
900311909
546927052
323450631
349381226
339965323
359159933
486586598
799660990
335140530
28084617
588385020
748125140
748479579
301517661
584222533
899242786
237484701
705425174
960476047
451846161
639926432
348158215
352002560
403100028
126458146
868834103
626823054
401254197
566040309
774537696
531099781
275139201
281294719
690754034
178003717
507367575
663681336
638533005
727905154
182705956
649553455
692795531
214872898
146923721
857537670
292916468
404928738
639060380
887353073
714951047
533187282
967896483
667100476
820746808
492599764
842723164
490715842
152790188
973857665
916408376
618765558
830195391
303550148
461371675
457962462
744759038
403557469
942577886
777565330
714827053
645047135
909576397
940906946
968422595
764365234
460508970
624711726
560051049
191986322
702806952
549851435
576044927
295925006
135329264
17850149
286523031
115877514
765104159
821344279
520265720
986294077
473243462
608710164
489343260
423873716
219507689
89191874
229915186
281153101
123145857
253208282
383343773
352820669
737199610
678640298
387309938
455235979
38808117
948975763
530217470
460046226
38337159
319541898
738311743
515367299
535291961
638309275
754500966
760117600
528918790
186816097
298612315
373714946
76715424
387416464
52819000
498339733
917053994
48547948
635762893
771049495
789858495
127198543
71489307
159113692
347651562
529893415
982401497
105327628
608252204
93146869
581207027
877812516
709989754
816479311
49103621
256414065
541061564
649420254
716446180
132959640
690940751
753633505
629453077
433604369
824675972
289736361
30132564
163103399
908006687
153526555
378871823
289518842
169019608
333480753
428049897
256307453
751910877
438629753
447346487
532506232
414797647
74134676
440235654
912827526
880911808
70469048
125813011
817454104
288795579
946358575
348814673
790010993
858271804
645045974
211944295
773230505
832614196
725791391
569274799
160010538
597268999
271723791
560345401
639904310
24407053
415680
613868614
875476062
329355540
950018528
684075725
247171084
312720860
749185713
166163705
373828347
410924698
925969415
148775336
290387129
605219190
551191757
213360878
669738796
981382412
623530368
140046992
259599114
309647599
836816562
545750666
676005471
598191649
791262600
895662986
740594955
727305629
803305021
411146610
363764545
283350222
762887837
132232153
944694282
832324629
785523339
713231499
656010688
118752582
201734779
91350533
15472787
702990891
611825144
619363834
672044807
702885632
533418016
780468688
481632884
815888629
2767395
11969827
408391557
132628144
177697735
150990914
203876538
516065992
745944551
593066669
367208166
633428555
559688431
608701853
222031281
604370233
505851746
397772412
337612311
428709126
94211668
163631464
66924775
388293916
149663217
857817525
828281156
175122262
302442996
74227304
108684072
639428231
432773680
625548988
564082652
83921137
797268235
668097185
445352066
511910606
353748990
808923448
879490699
56845003
185032726
135094616
879747137
536856712
94217334
237777420
260370750
609712409
903015635
698737427
443537651
890881928
389673974
124084575
414645539
928073040
761295934
351328151
804336741
923541219
592912411
225232020
260501157
445778470
245112468
131781095
492369827
109541104
670438338
489454674
294602610
126016398
914343763
908323403
759750395
420828482
294782216
439190140
986907768
231558335
889581879
859857477
378311673
372662959
647249225
937980985
82414050
658324013
998885437
575975580
479478123
989442892
171462948
17564652
219318047
270705550
704228259
418374997
373348189
11638893
330039412
880208187
449574106
789716437
852046309
612578228
246770461
216227496
939766359
690282251
985741058
482882361
542868672
652186175
492928312
482359761
942692138
150782849
51170499
155724590
136702770
231158970
840337274
162501887
187611785
39222786
772348554
129425513
336952694
163722794
461911281
664661637
110368083
807674163
832901636
155262687
142357260
340197589
655355881
642637817
52261283
808235769
698185246
313770950
436501678
610384959
770231280
563101231
569009367
174897785
534625541
213476241
775080539
270403374
367058387
615022397
595463052
957722648
35266598
523603959
25367887
366422438
975286686
774205560
888426399
978999675
347376686
685287916
165013000
898504429
852475038
985163381
658595372
18455431
738426634
687445926
825595970
159712135
366420322
143817992
306877330
346710113
992591848
104054936
471971066
660073786
222096820
873388871
387605356
894106477
899324723
555883385
127657070
196544778
983690916
524781447
619013272
490811218
33131674
79962173
567696921
625236284
839446653
605338460
751948595
470989812
491612937
698775065
594897595
394481494
234337996
710542236
585381530
531053687
417604268
654105986
523955278
237734941
179084384
154379356
955988329
529164098
429239538
67222574
786737681
88775573
269084483
960496881
226856831
134954488
495718535
562636049
431021696
167205123
453487301
983226863
569010167
150448512
607389016
51014752
863137113
847751405
685885296
237586220
78428463
918223357
122602642
876134800
130471832
329770775
924102420
669227452
373852356
514546901
74563746
536508246
588707706
779824263
469237436
360600566
687653779
588248750
549320501
258606504
815576188
8291713
430503606
625728365
199880120
966407531
198465337
73398202
108027740
661154186
859540110
435184887
51379346
99384370
941073625
2731520
870201878
398242664
322309906
548363944
891285180
491004776
23269763
278765618
331252200
988487968
16318542
123620822
147385364
716720306
378483173
359636802
8867150
749168118
206674832
964960022
598379447
354183413
279926762
589248871
165621253
659209327
698863460
244523069
750479361
413735510
845408449
158931988
443801354
258987601
452869016
360611935
478980241
488068666
98572502
179963904
411223195
221357728
636799289
279715282
817462338
100994374
943598550
248425248
320018996
475892130
441018515
993302570
852682546
204951391
167252142
722067111
793991314
718603995
3927348
91403326
375577278
102865322
97336714
945706763
96946099
619403537
224767464
898729505
356931971
227597964
696422362
283585026
808179411
73562184
134274749
58134825
508006238
995853225
926615624
882777216
422231664
968833478
981779200
3888106
60060011
126363112
345270466
440056506
264030278
848531471
129916733
704860218
959454217
663940461
976244341
682674726
467618130
251358440
18867010
43280174
164280019
913946524
752237007
286814071
402057169
515335511
939075611
520696603
835149991
875210012
460111483
115006116
678669121
51686305
9673750
346769813
787924385
712821200
671248232
925918945
32205406
853432649
40063679
51759986
760265504
408102111
824166081
297103523
298092837
972179735
956925156
828079815
232820159
197353644
740152821
172297120
817511124
76156686
192081554
643867368
752812893
881566430
690049968
650976972
124559847
529528947
683086613
375505003
874145045
641290840
404132830
562191451
906227227
350069707
532425467
460926245
66441541
734707520
233876910
975182276
433474670
104999133
408963600
523719210
41271689
193687291
967862668
253596092
410466588
482636971
73793890
771748305
305633984
111283246
664252709
495149622
201644451
719211900
522055486
31874477
971559685
666188991
713151335
936164969
48924350
664363733
73166640
526107283
83548087
794280401
570227325
52528329
258298988
423590777
737745413
598456985
769579889
812711370
756355541
411944203
272747498
811914096
87600076
459543316
615114257
434320463
714669596
9657380
121721779
791457789
619300303
712631449
469412531
375039557
876378944
224742473
808274310
367606693
584651934
671799549
514128822
457241040
946733164
949883120
120196192
551844910
176425988
406739796
647742133
378307671
835676687
681927373
934205564
874355356
245128462
104906740
643094159
628258430
950847445
302997973
385963353
986700084
872959498
155213425
48409951
134541866
718541482
804355389
415766964
575832957
776778373
670250401
485235842
752685695
82548413
963583867
691178376
460883001
152420683
545097625
345304215
347226596
578006906
208335426
91962900
813168495
193744490
972787118
548178298
874450941
642819470
675076745
547980757
976765028
182555951
328591988
515680327
959817646
686954214
620758660
921876614
968399259
291793958
717382081
937858908
736194334
114248880
711359912
91198246
306329308
534450972
935666346
400020566
423727536
160213847
436841131
712062450
16168234
981295903
875595652
532678674
646787083
824534153
956189569
713558117
976156362
77622908
154178531
900056237
966061074
326981939
625103198
784465214
208479554
619539135
255305885
894612355
55139563
882452355
472068794
199727737
826278230
287530678
381534150
677259570
242178300
115999461
550825799
239572308
319497483
714797678
973878964
866414488
197300200
666200581
57507323
883109963
913323943
218294067
556961276
373512656
992526485
223297746
881902348
699700507
121932207
17207186
777379699
138106423
134675240
608922232
907765230
694963906
389180135
995397466
365840941
873978988
298813702
807594340
626794326
364598652
946507348
964819861
801162880
386854730
839932116
32528194
662884665
902149318
821852732
898287251
440708097
730288368
535040119
117111041
746288333
919592797
226867748
76278751
71331717
855560889
223907092
142517454
3028614
343700287
765722831
303997510
557416736
637974851
278496528
835074580
461684248
772616617
885322309
528726486
809440808
653079147
891396624
745999233
921556091
233392918
488074184
906739164
484806449
497850189
34350329
876046082
397107169
328172357
768798176
504589540
34862098
606118472
772294639
147283909
336296384
567202610
247513679
314643132
633981918
616602359
535740505
296554549
717736654
195793691
966919196
405416048
139720426
421819960
585548507
14947329
753980159
567072892
75464076
925747790
544594637
777259048
917712217
105788436
947897736
569500178
159207459
155163619
587648090
904587300
635221754
572575389
415081183
985377242
528033958
327602683
238521255
676947144
516987426
421674760
439774903
322720530
324651803
693240484
781547528
905976819
178165877
395837442
794313735
108548662
402858694
335854890
142690323
53141696
654029017
736124280
46264067
988278020
110735917
63465499
271812509
535554957
825199988
671819927
581540640
737387640
447406868
365419331
496972731
413432311
872234921
94510540
355843859
94993615
390370433
605415856
464676033
629978842
231601694
722407108
437440210
968079238
78953144
460832687
739160645
244671061
79859897
977262188
525080977
978398555
56168767
884792524
254926108
690914243
433015965
292152562
93397445
146946122
208102106
736012757
839921499
152856514
11993648
284596161
624065827
197223825
949906318
327271126
667342422
929039919
285399831
332168584
44778656
318273964
791061665
456632093
383137955
920465447
303311927
215902770
295327346
97399384
918744216
322010423
646052886
534642695
919161269
932964590
129544204
490653330
759346486
211322608
55996357
758474604
297861878
845218856
318286885
573271192
759870851
896978773
778802181
605069618
369636511
821706125
552626866
264726502
934034370
41550005
523216491
278772599
591362709
11343369
33443046
761813818
345247608
453872795
946475467
794695576
354047997
926463435
190031672
65823887
147508586
985412564
591412795
564239410
815503164
826332223
429229915
101260581
251820447
932642414
7569168
399702305
186524150
206900755
727678534
548211062
823702361
75147189
229420767
658842500
108946194
516092210
729486894
565594945
337120543
412534840
811957116
997554102
249665204
524841674
732278406
833183618
581441206
347532225
10422269
647693653
870732352
105031496
40997893
134804598
133992738
53253984
503281846
540247870
168498269
573673562
439728798
669613467
186595496
8511327
181965118
224637838
155469550
28769003
962921864
934796205
314229966
185203022
884912744
556662178
660595482
312539434
751547192
218347689
717475928
581475320
279792201
351133718
956538180
730099331
572967265
948442061
626660172
830839658
565935160
689063624
139795730
108049314
367927034
307704213
427614446
618943219
300274888
367133909
3934058
947414134
187438134
477627839
403695556
698701597
449104334
710501018
5127279
352159275
146288268
700290886
328875922
547644344
847809633
398733236
858685831
498254126
604084401
83928681
698989917
665784271
236558036
513605888
519146839
47892268
438288536
933969061
655456107
138139055
580496573
47872666
558061508
798732050
850969976
932598453
435875137
910064358
378416369
716467168
480820723
547020558
373930949
208785561
502845859
12056129
314725764
847354223
539273801
951895179
211162420
479000971
537606294
959516620
417573324
890098980
632159339
86883895
14440634
890225674
939741536
868765909
744100958
665554972
215515966
846725120
400614540
24153042
487489157
136360424
251324686
563888820
776547047
802137361
501677600
211809248
638090699
549599955
791663858
184088712
991670987
491058649
298759210
745883250
524634678
709929635
808150623
444967030
723597199
525709828
25991327
308965636
646471692
922160548
897030378
170904731
240607000
300299902
942875316
661480019
816734929
921114979
998679399
447808084
272033930
141513590
56340191
562830941
446893386
872424111
321285612
31810622
798361164
851137112
76673235
469376606
716808061
608750483
339115469
842855989
618958850
193669585
83960199
180426963
970540719
314879324
237047713
541890392
748634768
688692174
717392175
693226873
638113636
961601176
280002363
488022530
871028253
224959356
906696512
509271886
799917921
982972180
341253041
906560977
781910028
530272073
769141872
299471503
197425068
862019036
878724951
252750242
708136195
56624352
303635635
728190647
696320137
786231101
663175619
639773073
645933288
673183535
459204926
561561733
676098942
278378694
190015946
821421821
729904862
959804516
971115142
273444342
625239375
272792386
445051265
108994177
582391627
302337514
678371904
730298437
745869826
122651838
456962620
351571451
361733589
20495984
965638497
990872561
459305691
294348424
762949777
888298120
381006687
57650146
866458143
392526518
855610975
795785005
414401109
156223109
926023183
682077549
566329326
857042322
604910164
905151097
650518172
766186383
182713162
172508541
528861571
177677505
499600319
445600634
532628924
429937794
23799733
934217153
938370771
93166016
602217700
249811068
202206026
190614396
240410933
615342373
542055188
883307341
640551752
266214669
143308826
250272219
507529455
364178903
775792826
847138660
879057841
924386298
145604162
272346169
837360968
572064066
144966522
452557634
133768739
606380879
296582935
606377078
283471333
536948244
874786889
428012388
952154596
471490649
342051118
543075758
432514987
909020218
146813788
829766536
333795704
492378535
230130779
929571389
294268094
811122914
31662632
594589866
796678308
828047107
781960116
481872322
272012933
563733623
706349923
24460552
538272879
974270845
608601486
846607640
213851556
752982184
493518081
41235486
460672795
678990176
413516669
466779741
239664639
188529248
381790263
888070825
1759791
844530233
610592343
286676205
449734845
977284046
519306107
551221927
630277743
931431638
740863025
729454951
421871169
850605662
184808064
688964947
162182625
832346436
361492064
674295206
147180082
787198141
161608253
349419821
991484362
185153744
230046072
221847752
227585907
515560152
130890982
365558255
854228141
189264389
202707279
414800170
946350635
758598620
73832944
682331288
431219794
744794291
226255098
892972137
492075453
727177270
324335120
526526308
124957627
231098341
172692685
5326690
224325839
400384403
911416124
415472081
415791407
57387496
236506206
223900722
981458247
510862560
872843944
445152410
197541939
580587083
389135490
164513845
516735048
563608139
504768201
779769791
870009739
737404888
375928653
68915721
95557176
663134015
494039380
630832250
672959293
981867167
32807957
91775883
774954684
780521067
741321534
285053770
89953421
150325739
937251183
89014232
295735993
724263866
64550589
949115883
900902400
49515081
157878064
989934925
615523924
740784731
652871493
248359771
590579036
460458887
225431660
415635846
213417714
389079738
247598474
630443477
438905253
136546482
682659705
728585058
61954360
302596228
14073220
737598168
974922529
837504534
225038316
293328124
70508811
32688805
902251621
953947937
369142612
510279489
654544025
759654322
403781520
655156044
239354532
160162988
842080516
326199551
122708886
497648160
52878123
341117413
425953780
509033654
648603189
731239774
597460536
325566501
611894147
419470622
831923020
398571964
89809964
554128299
982935827
974867677
230456700
73443042
685296865
655060348
173836656
313703538
308869629
37092516
567100218
135212639
932357158
945379570
2497987
164994433
637780491
904707352
513239076
180745218
607692754
162294363
321659436
540461540
37264786
439796502
358971102
791976313
830863320
634210101
501160175
873418729
905263654
437384891
7174988
173421487
967794543
919916604
831139218
334781724
170964637
837198691
289468564
419371731
822250764
705432942
649126617
659782219
662833932
401182125
128183580
514822737
90620002
101570566
251029194
854820227
327615687
558674804
755817607
510012629
784451176
54260867
761454249
748388880
628564580
472205270
732487099
857707086
562023762
384410274
593181948
745709696
877544376
917351216
346756318
468204520
392598165
831566175
493754247
93562527
816320984
59748127
50875219
404922896
997464294
81561847
461034832
612146043
599965976
430742143
171744704
682418291
558332986
887582439
913447067
845501793
366650638
556557679
161439754
2950142
358965191
970740205
15298797
567755741
54453390
887769930
275514710
19972831
774917633
980164101
198844684
918522812
673210799
991040686
698280969
978225281
298119837
429156460
599994108
74251532
870748612
948774776
5055944
668611474
505579664
743703968
803028483
144676634
837604194
381516485
374688632
736450560
183476751
92861789
513326246
129741427
391970400
413544689
840375614
340035318
790439056
692855968
225353384
73880803
273640913
517130651
940239487
182127331
644486855
866064807
429870865
657954167
543182347
716823454
370232800
927277939
369377961
383424494
349908003
333818493
564074146
685455128
342233925
528666002
194214763
539238450
629836133
630457218
147367020
934564198
755128789
314041711
574263171
881938033
40281500
579112274
508938622
881595173
703113716
727762550
753070244
822590439
772686540
972194299
206438189
427726385
909256006
314288468
103494085
251684113
234390074
22859977
349541389
49842088
50864306
63674358
57877786
35018669
696877164
796594250
440752116
446935016
512872027
997887881
477918745
329352887
60007718
62407755
799597047
776706700
574949800
507467899
20168053
544686700
865490798
113350104
102180971
714571377
61194044
420399223
946415397
771820106
722729353
708643647
533425892
494966710
31741182
321137771
730573405
533346572
163078906
664812044
567217208
639001015
792539153
777187461
747748754
208263346
146784392
164374285
602419835
20365072
988520155
7113264
748701817
678594166
872606776
387806287
232878852
29271455
756920065
914358299
540681223
218594519
525356366
665376542
653246565
645130369
459222889
436220978
506419826
52924306
554373200
920602119
867552374
427503123
696102966
291141026
826988846
131296162
267646210
845952728
117117003
957644273
572185294
422576343
594079984
837670726
798903913
177621662
719271992
728123130
938478550
886631296
491517869
988349434
941300939
122520486
834408402
313828169
168348467
681520265
258686107
988904572
977954732
504386427
495646192
723316284
132508682
987010079
150757934
617888968
680875986
106668781
863358629
956349040
301304512
628868016
105577499
616676379
738708289
858030087
214193479
310739394
520149754
421197799
158063447
991172851
766125887
250762775
292075115
564386127
977832860
708427442
708045847
76095243
602140752
455962537
384717797
577125747
540257485
743881023
177270225
81662819
619014202
923155083
739577547
690450892
581243889
906123769
2874168
518960693
223241729
442568649
258531698
555316023
706239917
745232015
14945347
996369152
57030122
166062513
590795118
314724817
607515621
112968172
285284390
530526848
320618875
210571728
338303893
306408695
682911680
338267199
612473175
282706099
801924473
262988530
612073468
804969798
952570273
577610484
331469705
225931989
159501800
665384741
410628087
848561818
598432559
849719992
859595699
564851555
5518349
4493237
302142493
783961105
272222541
145977208
282948105
84959770
427239022
377954096
2516033
394963976
805844514
151338593
221607424
991359992
784165583
851762018
750742392
568805404
868547857
626644960
249322573
278098233
188245046
547417433
988204057
229967658
618132672
445095330
273863910
238844251
627188967
885619042
813607351
796179278
733894420
506120340
48282879
943051034
940104807
214385929
347511079
775662055
395594035
210282724
648917261
584220275
547003772
312563996
138276480
20480400
496735616
464761853
508864709
701261987
467098667
143067047
961537301
266482215
228297121
792470670
850914076
779786280
319854520
64777720
701813628
302347977
620063355
919908482
756450376
799798462
551750824
225765532
78433673
664584658
188376115
930798344
129175485
612406627
562248897
583855967
229480530
905394913
510659630
978279564
131554864
771027027
69213959
911444302
261222444
777712849
561874193
957253306
522157462
958512395
958257088
964240568
710734508
164065728
191558337
852760193
410927908
974070344
127078000
893947687
187682982
738333451
748950114
622748685
242003792
954360328
313470429
557889387
91146801
767342927
116468827
726115531
801021390
265079175
575964683
427775887
925644447
675337321
732062288
261943657
183671187
572617538
77387328
635525856
810360968
310601589
385596198
995624914
193721556
815014135
240452864
507013100
110670783
799731922
53116161
798488884
239558406
903251874
750317072
38809728
171915610
914386459
274254664
847153148
737066719
512116097
781111926
969786792
158961069
287896110
317031582
195075544
649216595
110995471
661688439
167485362
450302543
682927911
833265386
320720819
635091095
29518348
457622422
384540203
763468819
268796005
573049679
667975100
419404832
788589938
128800923
806201823
162245902
281682052
930802228
507835231
689288867
978878336
12636041
940163803
309251223
65524064
795824956
42377544
69675286
307798194
852919717
442078829
822425921
730030103
472969549
442515814
338564525
218782405
256652660
526499106
837765858
312728326
3516557
611898085
697462749
95261367
57057980
733481159
552774286
467263946
214683743
748659762
616153691
450127556
667576450
370978407
514925723
275025215
951120233
502252282
678465820
530701929
205778186
416818258
910485662
133287300
938193808
20266026
185926998
570654820
682251226
715893779
438993772
428773364
767817209
542112240
457223549
625366705
329607093
541408888
180623641
298396973
289689353
838382519
108263750
429783181
399183523
552245645
825087227
108644620
105679973
456136749
674384806
384574582
35404775
992627872
186929063
287719085
650922738
332004672
257167570
185588776
940106246
725958205
476800753
998452847
869643989
765252635
446282304
140917408
517855942
795359794
152638447
369309677
744852851
34034477
232236708
390809628
355284779
17208716
109275894
845560838
351269745
978983970
632273395
391696408
816723834
359553175
703197083
772069077
502867635
952465894
900788066
625262417
456136506
428823776
177535154
245222328
98032736
896947368
630693223
165313989
105352493
660343606
791214673
11587403
547917532
800444372
259485621
101925040
427195226
319134627
487859661
524366189
339778507
479905815
101435203
158248591
178236166
780267895
186050490
58741561
6124052
482841950
497981509
612448544
796542644
436881725
169207278
218353933
223895514
826356950
752232497
328063327
482331180
37471938
487626110
636973190
339845764
516029165
874973626
37775753
562511473
112114965
102580926
204594305
385607349
222755150
765637335
90685212
676159944
980972160
108288836
579844891
493537364
593583335
368134844
889665236
746639287
191868563
769802213
696366000
881385092
550552550
236980702
309974702
587433218
414495769
593627318
167534303
954118571
601319350
400412658
498662376
7996846
258980127
506276619
580454531
403520366
861771014
181614574
486906622
858132737
134350579
509691258
302448058
853269682
513415618
979224069
250164141
801258880
61483042
317500888
105515744
608659357
128511255
933073838
23070962
960111343
941401208
708946233
273909140
635930002
460970865
829174173
808593675
808269907
756331779
649445363
886521010
565703991
345999999
969815496
742530933
206677490
135991311
2345371
942860886
170863217
963066669
881936738
330303723
443034961
982254890
388196613
642880990
488505445
120491944
474540258
245754220
238632243
521687328
327627848
760284647
945325944
555938142
158560764
668221492
319556000
391721472
793624759
56212558
993471310
536900858
492035493
567709633
683766234
47117588
643421415
538877999
338164942
868454506
315069458
800824783
723803241
398887147
851218094
901391849
865517084
557093596
633087161
882551131
313403663
167866194
71299873
527257879
233708189
820941499
384933965
632798882
736995539
409867094
853797013
197834391
825893109
631904182
257296069
187373858
154260474
155873603
768163487
768612998
624593675
159734456
295418709
904926616
101187080
218661542
831661587
505406529
386240003
769114608
657836659
964154879
592387010
112322637
350579462
962838628
370116673
747184330
580801490
210817942
238113070
454254661
486497487
473153742
785859948
50758131
525049961
568594137
834958736
964801498
843969025
436264090
322216039
115091800
32765036
613391238
201374062
367828890
200280178
817702438
245412696
85744678
501470032
798097560
116766860
993489234
212374327
894766863
963436453
324365002
935134155
326904911
161818608
73067534
146909860
267930161
68225009
941047537
525166032
336403493
728581086
893895195
488387151
317618091
101880354
653320072
95079062
344035033
46184924
751152392
888022797
265021656
137239901
525225149
225353873
808504935
500651182
166157215
947062514
5616215
368584200
458144251
836478326
290296845
150370393
107004912
623191380
521226755
496419782
138967537
37033530
960486982
327113763
635347270
637747400
396037881
856856445
739372170
812961555
195779793
703764625
632328750
284038947
663616408
961406802
772945141
595966837
800360619
921098598
807817334
96080761
466043260
603203754
922701214
356476949
396935696
423892394
748994347
481926176
620555137
985468458
793840689
839124200
464909437
936720800
678239897
434996909
826077125
55956918
50852765
245398307
8260783
397540557
339234382
630051828
815660965
468841077
746459662
509607740
305729700
609208310
278678806
788237835
65467838
90517707
498296561
608367335
454740888
342946594
951592191
188485191
126189037
598568541
389761779
208262425
397278217
80096147
88420182
404354364
615684430
491660815
283534338
313333767
606441906
81598416
953489575
829934785
285532735
598331912
523877705
188413734
913413010
113407390
234035392
577977832
49292381
23745964
978055478
436597548
494776294
331730945
338459309
862509833
421049989
315616671
235434871
393288205
831931946
916891454
497483452
448220087
125525716
631728584
828393719
126670590
529105179
313418971
376949369
777807048
665105575
606785354
274643941
445668468
943276726
946309020
538067634
245985873
614458522
490402955
255822765
334513700
420039737
117064583
161025908
482624934
645635212
788796721
980236539
820866308
859128864
896733664
978164747
306253149
219999640
334187039
1812926
307369288
155355176
685536045
305690885
268532555
215350812
591737723
266873634
917084261
777412943
318936370
796818478
908317829
722565556
706555051
988270484
379235600
24266705
880275700
533554324
297247071
137289023
621206098
878994625
623376190
888340779
673183929
907679875
754745199
226333400
483367510
652706710
665642021
995929627
828434438
431184265
114314121
322043870
240165340
663454273
525561401
369663133
171420063
851385971
71303108
825004268
45601609
822839341
484094255
79405038
861950345
796856653
565005171
260576735
38978114
353240584
739279868
327854732
437687050
879268197
423042347
257048534
464150444
822370752
468825302
821210163
426117286
544441160
791857347
246438189
262125996
719793792
352112944
280305121
7257123
197307073
751218510
75596672
478627751
544339639
888178113
293547473
759079557
567463136
24294690
821567917
908079681
91182097
401228925
232742274
383682066
59064816
768747987
667994065
923645793
297382266
13019801
87212977
614006350
17089919
698163768
556870985
924435499
624224033
511308427
807143513
639585278
1407577
724123236
966857906
516707075
693376114
204800518
185398457
939324712
361043084
913602476
637268968
501949840
923504666
767621121
644304717
640143121
758374244
694693543
725487626
336434870
878964742
770839728
83181523
56267837
95937391
372566312
189467507
998928537
91638627
533186441
133788487
305346161
245800570
199316036
691760065
926639776
92269215
190950207
185924582
57816755
262252945
548627538
181608913
494196590
608794981
674042313
483301678
340687687
321731330
543723237
825733567
834034409
810246307
763601499
962574811
166856115
189111897
613323475
194296042
636291639
753160839
751192426
577350634
255791291
62298212
706419248
824295917
824504763
999187580
269088939
822851737
461834853
802454319
654142547
678529190
79948571
839503665
160269076
529038948
311858165
351486984
316143567
40840754
891261756
251719826
44710616
396241672
727066096
180206972
518279289
45850350
149517891
199629771
975158638
60306819
791698460
298526039
832100712
793328247
795437974
33590603
823271818
837378576
928728958
589779111
233069295
118251945
799226840
381081790
607675170
613589551
83484250
8328120
773580964
798014115
832111855
373751057
715124585
258733722
847760949
319421976
812959067
109300416
992293888
417344625
646033110
928547664
73529813
652883604
447314218
276605086
421350767
750970444
146073373
323484557
813288766
722555192
143599462
975568409
493490403
864935757
765171507
649702351
195518902
549525330
261428900
396952656
443200832
95373666
348881229
324543442
760768449
577488750
705334968
781649822
322802347
850245561
401293025
104175251
180749092
302417242
914958008
829490082
697181833
207937213
618103458
286341200
787172582
643542562
326502137
451165495
3365758
370767901
216843911
490272901
598884169
704768020
779566863
162371195
441985393
122570436
122153413
561540079
466559444
522636477
523952080
738334410
107751301
551234785
880479439
817072267
658644811
736788201
336697169
579970243
838519841
235968480
801663835
819277719
231535540
898034342
874269415
559309377
430703848
555168878
927918687
637183887
977370196
45087040
187759398
167493731
639470785
458378360
373457423
611187249
365356974
748946245
933051364
902041988
474675151
50312491
356888032
143664249
921435530
239414913
524400693
612127041
581250936
643743476
319271560
202418852
974952170
724758018
312650864
524940409
231311970
175212416
512949242
774176303
48445973
617505813
826526760
431764296
872722544
259794364
109634413
72322008
65101968
298061382
915371058
506429194
771662024
824078806
631088469
693299611
904534303
449068387
213825189
685245021
335982031
408933177
812635495
631927478
747803080
606993784
924096212
356737310
201625386
489420436
246074008
982158757
240996815
354633171
958765397
998053482
284178879
957396946
958935838
641216037
27625401
38721281
767617532
665419934
455362481
789955618
989214829
697163571
606852940
355633870
760666592
567574870
602167397
895597552
511149370
91458829
294111628
604659783
629768532
267425649
996567682
398405864
164396922
51539247
139852991
134442939
875111917
271693578
872716780
823309817
62969442
384810583
357032041
992068276
502988930
889164159
964822472
350560079
615623272
769086080
914516816
669167618
352737574
577079149
346702971
747995735
505417536
586984681
986217848
625526192
288886062
933180080
426252714
185994174
33056223
486920207
393104422
589388043
185201457
622229607
428289081
895891314
800207482
32027054
299142112
21211809
486288642
936253165
949648463
167830686
746114694
205070019
372746347
298645567
232689079
423170528
654274383
610552240
26805945
37829515
806453963
80887537
19420581
749126685
654776800
683079766
729396487
200875908
93364549
176724229
407524960
891779521
93534693
892373371
681832613
356074858
321829727
927845384
492660926
118176809
534323845
337561934
86617608
183671610
452775901
480279750
554349268
873099761
340047395
562780987
300358373
692870194
612624069
618675532
362759158
722981623
820507750
450445294
632278578
931725518
670021979
742364904
822002362
907913304
352642609
383329110
285860387
100885707
228500005
71014439
361399029
376597105
600601002
328336543
195100717
130918695
721750247
284886741
171278779
133920479
165849654
644319286
48518405
985420830
538163879
13227520
550175586
686251647
339431035
326457288
645894304
114167086
158418857
665632757
284898175
306562413
803576412
19861058
363599412
378484498
308336498
363698240
390318311
713447687
997590783
666160593
201248309
695632841
527240392
242747823
127346094
683683306
91616457
654728163
735416408
964495504
108496303
63205454
931714346
147202547
812874591
965723939
325741458
996058082
388576109
194424683
169379312
94606911
632318886
384481664
927416857
40753022
160836231
731290514
709660116
377280298
108577731
428066341
537567072
143854689
177684160
610237073
379892717
633818707
87532314
673388417
815407134
984886982
711987487
256306036
662384269
192029333
953928274
106886463
955778119
144173100
80527849
848779402
177418060
13011470
943398735
272528462
123102480
486247248
674606754
498664797
80505085
594356763
696233270
102716634
309867247
929238573
663053328
860001469
151109558
734175065
606016107
163925072
921004440
448459778
890146359
853074100
82221772
818686372
415334549
699705181
754231807
566122316
455162460
1301650
530128083
789382170
200996503
497855470
332697180
12379078
587678981
659129058
740500897
334385945
680045208
82501424
17825313
653311599
324306422
82269041
421624907
997230140
592426491
820703121
228023300
884712324
878489653
955652942
721552677
502420064
226895719
310543548
127610363
770779776
796861959
121329859
313249734
661389732
583572159
718993823
891088698
956983842
71301871
494699872
730451712
611968356
300599081
484968
5299254
420735078
623763892
724807151
80304363
996590140
522880779
591292546
748068516
195526282
112761947
491562624
11286746
279820810
852054536
786668188
40429946
545526538
908574760
954951774
189636963
58973675
739520262
490989730
45122283
45364131
895252897
516951063
220907611
831723580
172393002
387308480
356860526
323220819
39619210
765540727
154503894
211296922
939504857
848676453
42870967
672463958
993971688
694022028
303242538
449035745
191135160
18458685
477714876
296583209
249326593
198819490
802601196
587538991
108658860
435353141
728942256
737952650
706121305
987252807
609176817
70152929
903373530
531794554
291757066
390752372
532927926
711326535
123788621
150483092
549123239
604129402
312806270
966132263
559417372
358099888
664794966
783981861
687631800
118327008
12670465
46792477
480290513
315288783
764670880
100643761
650771186
7472538
28684232
250756373
23293529
860632880
904660994
550928020
282430586
809743830
476535881
465984779
245061242
610284193
405370255
311714668
457516468
139198975
750873656
682870589
839164472
168281135
835935388
954654486
457091911
762317764
997429129
644903207
524857304
301750310
126325440
223422383
92666647
562009616
682431348
893362566
972490976
42680851
571570382
711620244
293935688
663537426
783882347
470015063
120463381
236464836
498500828
290583138
488650561
318619190
705642532
343570648
85373819
978718790
436997182
726277365
652220837
960468521
980361109
14018437
252398167
696182245
248150410
659369323
337654363
233905880
260483314
260833308
15407919
133958191
154999445
453931041
910234502
560651120
134306224
886298521
968981447
911768817
843824244
749592244
779291788
361491038
221125765
306964025
959453477
155863351
261353339
570024449
747533331
811488079
133042020
760400761
762506125
549564238
685662016
69600804
86518270
595218224
860244868
160139799
334055044
425073860
87490712
960643196
791635827
124507183
725917529
506393615
44320976
996125798
918949271
777528228
7238871
335571383
739952792
63192223
216641654
663782465
313816980
971242874
769778127
714814583
6832694
397819459
153111738
822800800
191623457
809285915
937847616
115515994
211179625
697502904
776417825
796862739
390425622
85050084
833644879
681416847
511236261
240477947
146158705
323447909
441589126
287993969
201070945
332493698
971348895
571059530
647899310
161531044
652603335
165816992
431340059
789656287
804965708
565872417
609792286
569749532
355610222
446550927
613122402
623784341
979215073
745054014
63943493
426519131
20814927
878964888
711183963
517074384
451069140
486166428
112119785
167265325
800771968
859640923
769815915
942475005
411426521
206927739
94724366
804047776
618143574
758421684
687264310
911080393
653744613
478504277
594497018
182895105
415913062
559781567
537905571
113496610
433011245
637692137
862841649
246077404
852593796
741409499
397205974
169202483
731616038
324991795
506812536
632377599
945431238
688486563
721257523
919436138
85522310
876910704
740238549
888789622
374054272
183501045
767736161
445728373
435945281
648797214
275012749
211501199
384483912
425852398
501094723
885449535
477499276
995583225
732755235
504827606
38475251
12013802
25983232
532796919
854427868
846033663
748042079
844660249
540230806
959335048
291195131
285426185
947365094
506882923
869704516
667172453
927462277
154196643
849584346
162262561
240378016
741529276
57477143
848024838
249322327
422426713
771821955
496553518
44764734
65178799
51330653
542345354
800831966
839800327
661499161
384474460
672137525
131784767
730455004
362298045
173223474
112643914
754078978
335899160
703372346
3424683
517451161
125885613
934196390
997683966
589823459
641369103
21444931
808065648
526832088
616107174
768302800
692085058
363703202
793594926
333681539
667357514
793563679
165013046
864345989
6160753
901921122
670599330
723677041
988832822
662810929
226392618
862995673
500367913
409614729
639584473
125339841
399155313
80660246
509390478
494053922
238780743
402154940
742113150
632611432
214232185
959755025
115803824
777002485
953184232
995969760
962061440
319793308
792740874
232198567
595906332
206220326
38899816
526868761
247651594
755389136
325716513
950443166
232996768
641127371
103561318
954713550
233289611
4899259
418675964
511924474
433859913
676088121
936789693
129708451
271645102
17152337
300335127
639026432
218044515
778558469
174529931
483359869
584005218
201042632
150313519
796020791
995033212
653634819
254863917
201921920
51355603
36662419
201169218
12948321
956608608
873442377
698322239
305290515
256894318
1915497
49031308
523587717
226795037
478680875
707792032
391451866
581716960
171714366
238238346
151327976
285318911
219863104
982195563
306766777
547669270
166468423
187867385
50160397
654479764
575211867
764912126
131914199
575219773
285083129
85370583
57574076
53838249
638498194
922589174
22441623
397931458
973745673
265939553
949628152
581191242
40280889
50946096
826172576
757526867
604916077
176763666
523247110
963602373
32600550
178426569
414702037
500352987
687054169
484853673
774924140
273389990
686961262
15482141
229733212
516007817
736811074
558996003
164762606
981390523
458282726
712951755
849819035
866737608
867938269
973649339
285635985
962938640
204474018
632609454
42997813
955419463
818542368
579629808
812536219
610024435
393935416
697723620
886447120
922844658
870459966
214524798
46133905
163655665
899514236
889077450
433976657
96510197
748144302
59848803
264002103
24346326
37061509
886066684
944875869
671708863
62036260
516036571
830157202
201723312
605079206
666864473
589990617
876153596
939988374
949355875
224535272
594895051
992163957
901575932
565078954
627476121
361387319
394574777
969283518
594805173
339201478
905676867
618936565
281368003
325668478
110085849
417934039
50296635
541338799
394980299
25757983
673398247
336110367
182295040
479855675
383808361
151384709
43872113
235788749
293015987
667746319
116379563
308428588
868572045
703936989
860256849
50852836
176343314
570668931
620147608
703524914
229270579
924420747
398536906
372028808
904912178
431347953
790476996
522819343
261351209
524599205
381481079
292518432
819988609
568400653
642718058
25737930
296204667
153914240
660689462
782432336
14101163
575743436
537832201
644020136
573517687
802671536
591204900
332721660
701441692
261084259
315983965
611915565
712535722
158024971
969898398
97822283
522111107
753415495
155031396
94595614
558676448
46981542
636392256
319712161
6457804
296278062
538742105
173373569
525547302
299562710
141064425
861622178
305871140
912098315
815346876
287768474
331261899
77471535
765947828
663608116
351506552
261829909
802054471
350794735
683274842
252954247
967781375
191358077
530384629
697801408
347024889
322169156
769959584
769345522
618785639
672099040
461301000
448037314
300174094
554696863
417772971
531215815
84293833
108792067
561974366
508456462
495783428
889209412
535390664
351569817
299803201
250669772
97085412
538828507
191993239
853099449
224301699
584467518
931147565
507054942
876833736
331979933
618623940
334333890
533084842
309167050
218773035
107268895
18773877
678800137
63341000
562332772
435812425
384130451
880534294
803598772
764463001
990318357
522759201
917338853
77194414
714840622
737608972
785895938
448244770
429224692
738635403
50470858
105917029
715739504
26025065
221998126
104739388
967839261
35341316
348579542
914968381
473803885
107838668
821062045
75967571
601245508
989379783
521685777
244910144
705267067
900914448
408870644
133029910
945191006
197661267
996687550
713971645
753299502
327917395
941440536
778780785
217275552
992153957
299774306
653835585
745538397
702172402
384678958
145145233
159754880
762007545
402302914
113858969
991192347
937922186
896340890
486618851
708434866
107959116
690072037
825057489
654032574
991652344
995964419
933026580
473072427
676366299
430177549
680198198
236870362
175516760
569987661
764909074
952756000
146216292
504726977
151933526
258507589
303047176
728575645
959316232
242270470
47130851
926744518
208334078
953727252
234371238
251936855
46361188
362914707
334576789
549931552
801571642
637633180
623497485
939482146
428086228
459157179
295129080
277887252
925669720
193117041
574441306
265474529
582945859
913257395
695058376
489078312
593571045
123578985
282897644
210348731
789207520
919612144
673674755
313393696
566139565
388671385
212072542
302036243
657401366
124469287
119349220
361743618
568072893
125922901
352709519
942219407
137990036
395187278
232108523
116129298
695925859
169881907
885107610
528193045
464602182
241217433
935409618
897698262
696868908
503000584
931210461
278676424
50588505
916961149
488163480
208021010
750460388
187416040
362005748
535731982
123800890
235766959
274782841
92362699
470333081
37492010
289568446
989585548
467703190
142057253
288510706
896563527
946362008
165299553
723606614
770842151
633723738
186566674
569340097
448634379
769622893
275948386
775696667
683316484
529284787
589550061
11746786
831824091
216196069
79930691
667783080
174903176
485477647
243573866
399505298
178548156
665917967
548490330
138743771
649937240
3786009
295910526
535051855
664604660
937716533
704540985
798169808
212762969
866723008
620241503
983520725
425640967
329577959
699247032
316396262
742435248
832604463
45759360
809018145
85046715
530780656
424824554
202747320
865852354
314549973
935135896
135684209
364302868
887426141
860161317
318610468
803940404
849081693
320139675
338360641
518570328
413961084
3923453
777267783
756717291
524835254
554609599
365183566
859439883
624667354
478774856
397919102
892853515
651857420
800515447
584460182
134472178
858956611
164214299
420939366
925613307
278915532
89553530
82657877
435783187
77073093
246280395
816611036
729770591
639223203
392344508
501859592
873721523
759102637
279357164
23647740
88330779
408898942
453012850
864777581
425177174
127644551
731177044
735060516
771481174
993242250
256619281
176461440
165722817
655418656
501700120
89833713
198394483
807990580
703105870
325220478
492803834
960404102
736336013
113639232
262122264
252122410
581521439
832393957
166226245
664086022
720041799
55379246
547733547
746422615
845708984
731510897
500166952
823113516
275810076
313661975
511265999
490073578
825449358
857731871
70788455
878721222
550215712
399930521
713458538
901548110
301940310
831746092
703329800
529628897
763446697
268092050
143756706
864259890
38809606
816820758
295562831
794583753
915911244
880370460
663169626
397684866
23253714
887578266
428617921
644921099
29733854
521224343
397499832
489951082
122979886
480569011
731514660
343765878
307984243
228609695
950124833
371215961
481945810
246696096
991071869
259102484
576675681
667296784
447846202
730970363
501279920
987061213
116363024
776966709
712332093
433313033
498093032
871420989
893182718
327038248
721588834
769212516
417147868
719218917
973354064
890644044
654192178
116542589
796003129
305991278
731496786
789949506
360968919
778588821
325996544
375221529
48794521
767022689
724141813
45285628
380257570
822122950
481174877
798266234
873902792
606390666
542032217
503145522
285699606
461013962
209101438
726191963
951432522
242237045
852367957
351993407
356916695
447799759
395057369
346365884
762648804
849124592
832591612
623195330
942336460
867139651
253855522
649070807
357030045
507253768
630140323
73935510
7407769
501484242
485274446
193319979
955648695
438722057
324988385
277564889
145418274
641626728
345407634
241981556
40623289
202607232
869358217
230140903
540772750
680737076
166917475
71030704
125935463
553724475
369986993
381777247
37446976
324362402
300219255
557852443
41618119
540096839
459699373
412375068
607811807
169311071
180035009
880526642
178511902
821767920
865744916
743820093
596319566
294377816
907826808
992207794
307450351
139709380
781564344
379702557
569842356
490185146
383274256
949915545
36231682
155798928
627292337
973028186
781265524
884690162
509366847
44146467
697487705
174405472
203675986
331263184
679842612
101113517
379252728
613690830
183668795
343483777
397462833
478482846
570080474
50133976
813646194
159439958
504179757
105418625
608981795
8861983
100664457
669074592
853817633
427941048
75303923
764612653
354319165
451755505
528805031
342303347
797114042
813643825
492343187
223736721
899151059
562744817
449047257
704283132
855489331
220026175
939835473
322977019
894885499
913561148
144045060
297665322
495197375
575787422
972708018
332866808
919364617
593369391
883859021
180119849
691501781
414418508
870923388
801209172
505309331
94569062
285822233
396738149
231870505
197562757
608113331
527343389
310485102
340820160
15105805
547269261
82476208
514472134
797931933
554230943
403254575
586043480
373701134
752496269
326890912
722255564
663142078
263150440
175903146
144228492
624403265
2247826
912603500
868507541
97437404
107145284
514996213
944258553
775875338
302943753
296115147
811095133
371750907
732994881
887884645
310046331
724467472
382111135
771154865
847628193
612910944
730760620
896021135
534173489
261962295
966123330
973304147
123104031
509105041
559100945
431702343
35810934
928386211
662477341
962352678
753449939
335635539
291572285
86540963
173063656
846919099
181183134
716717792
16301563
340843178
931561279
389712119
841291876
442951714
672551539
152307573
701002514
936114907
199881058
469081562
356580871
534405055
43102855
565550362
249686488
81439852
937060403
713610783
329895470
67768757
67284745
625020996
278239303
943159841
691733632
302787547
77786997
58388075
370616676
352500393
955359134
439549440
810116694
916367461
895249338
72102276
891954247
818109244
194275929
480892749
683836673
478392912
89417754
255725030
767316894
845396532
326380597
533867662
529846031
961958258
119289074
658397111
370120854
790292741
310741040
49051015
453698636
654939359
722968543
867252314
501475228
714528356
749234310
4428606
232296390
60774125
88411582
417748085
326803037
263574087
875482804
148025335
6955977
278954289
404688555
594429933
962335174
930948065
788211064
925572919
984873443
792817792
410168324
68924391
202297860
198547369
399709902
139735492
588376289
713003758
946542694
495004872
187912837
518034259
114840051
64094626
380856015
939248081
716871598
396326965
628916212
948646868
623277413
449165847
647455995
27671998
917033721
993079059
282930751
975385954
691777248
938171816
376385521
559753865
992370340
293756295
525443220
851391857
352716129
927929368
837115775
459092808
971380299
774448374
739822431
436805301
964117286
727325806
242512562
741505104
742464716
602454021
104326220
570908453
332560811
196627695
270552022
717927222
908729412
224930968
366953034
843779574
853808045
448075551
648251001
900063950
491059216
392717782
753313669
151945627
28585770
29622724
272465767
139243310
152129741
501175843
730046314
467706315
312259422
735980258
846019758
440336299
204926551
21714211
370048166
221057914
656459974
430281150
183858586
516023513
665091021
267709373
39921446
36046045
845998880
797242078
146873017
80949902
76729738
153384468
572616727
436496233
290128232
331920902
139674072
210752991
562658092
410518415
467576806
243369428
354642907
302953532
787679235
103000352
999546256
792275665
798727745
525456913
796508663
928978373
646328200
591784423
839115474
520538049
798017043
583415127
33531512
577040932
998597619
991976201
292702801
220718978
395943307
993660954
315714907
650446880
156454418
943335067
925773992
194275962
939568148
681140239
582034398
696726462
843330033
590354929
299868597
937264206
485440093
562996780
725488253
682195522
453813470
29872545
782984853
807867876
297099345
87992997
771487477
798082610
212974950
920888704
434010533
219175775
983138079
576460527
963578435
577156946
280058197
783432354
26824834
556611621
252904755
741984191
201309349
287811751
718918073
388274525
223261704
333359323
621541434
241739018
522354072
20012151
62111454
180412742
52794965
871797094
401531681
7585285
621730775
189590086
549179986
390304561
175440582
528624363
457053205
176221478
317487457
453179610
111595234
43356469
658482680
941840335
458102403
684430369
821011826
788626487
723356826
491788964
480802760
60835767
391558937
50976235
879499400
77221795
653387463
579968022
964229971
570930567
192336322
30011066
34701919
974225826
745803256
618981726
611152117
319975782
482601900
955259393
821468660
820741626
938490872
911888786
724311116
900353720
505495877
602938487
352934788
425580975
688421844
726400775
281460790
178114593
327460408
422809616
482870925
306263302
949189082
672445265
52101837
156679560
655662452
795104769
631690700
1769861
581316503
579048263
466629489
901458449
976113445
95209151
999325500
461396977
4126679
253379835
348357310
510897184
973623992
996391936
140883996
198533198
421959335
497543621
282087568
167320924
600546522
439020727
315262696
161870817
890905430
979849272
876690437
397693096
247737207
336813851
611244894
949962544
678734959
147241514
203688314
730143786
193389503
659799201
