1865
135530517
434213507
353375188
856471919
193910886
551937226
491045712
854603068
231755746
17802824
441778345
259982564
883685415
29704524
331879109
732146194
997601800
168493689
783707907
243134980
798520332
45554505
741650354
771614730
468209390
720460421
523255447
342184970
839586331
40096462
973867371
679960319
967156279
448868120
820887131
819668341
62038936
823410474
165776518
339809807
915712201
80781855
588591235
740765186
847345929
362426087
896563416
240454039
964598473
83429063
657122436
390350509
691970098
485280213
703412598
547788084
977274781
259975037
244320531
857792947
261799960
770944254
521209524
596447682
796928488
399528430
888097829
75531921
849227009
245236402
777035816
38473056
373771664
607764743
753474800
151783429
239875186
147877500
953723559
37093225
695808954
250067189
994271208
48070667
799900463
519473962
950734917
354265723
530566859
288722213
581669570
823375328
763133757
108069576
277523032
539808371
353432168
563117125
33843315
23781890
295776226
54320292
867413877
559151214
377586550
345866816
321442097
837425709
313132962
686227786
59040112
27762376
877415962
374003781
960123503
693920606
913179203
882135176
475239775
736695584
669167545
221740735
974370020
861531091
65539273
532722539
783629719
450799697
72049399
283849053
973089412
472374024
565277562
411849791
712928172
690532473
28002235
746881803
670805124
64003514
371562458
658878609
614747765
666051317
653011241
180303862
423659866
843224551
712391343
765611312
484272645
670483041
994858918
585769355
816678074
726731467
303508476
725464614
896121777
47086748
910799574
53621879
975713688
469858019
351377673
958999235
470563856
52006593
321805216
183925927
843343403
1031661
778100825
978315666
370068725
398603567
226562087
964963144
574499816
988176613
37151665
982671968
139130229
426630017
675866066
220074695
966279554
630522376
573976599
886203452
52945895
948583572
243620164
417943761
965367024
436333780
213853647
905948016
722941918
48241799
769123
242509908
509171558
708533764
951670879
493354892
844824624
436878518
487085141
731785083
596769113
709349272
602871947
270794587
856728817
923573693
900147581
495354805
868072574
206988490
707383385
893321450
163566968
410804602
491199873
66868142
39832011
840040473
780894989
367045511
120278104
376038666
623984454
555737426
246424435
304216898
674084140
294248383
533396326
221895882
601068786
134325712
966659309
509422912
554496636
699497822
627222969
269438550
815304680
204536724
13587693
950041170
648250882
776466290
325287844
551128205
790088398
529419851
564746601
588016116
909209090
614635591
705398973
777330570
855589769
62238434
726664084
469915364
782021121
228404587
278627800
957382827
216537406
337385350
581549541
273888542
682207429
460007850
454872843
172620941
496491089
476168612
293460496
216540127
831242322
791326483
751070635
622374669
628667497
565522409
323680010
438464421
921567214
579027696
710581837
311941448
718476906
100183619
884604680
108664875
929188893
369413072
251614917
18166170
441438329
444334045
576704384
375643761
621445797
231921536
527426089
289108897
217440763
406401318
937713446
639480497
186938506
394371853
333100750
373749818
305646484
324716489
490733038
595384426
957323281
227963587
702082632
736672130
366515499
35500213
298451728
6914648
853172928
273948719
879392621
797868758
153147363
402905110
204617470
291463801
823358299
278384159
830829138
788835026
407833635
192032600
947175278
581850121
196703208
4586144
940003404
18911573
110778766
13472554
897218390
537027973
639607212
376618750
908164591
76038010
448218379
11211128
528952042
950487722
767312170
615602631
245333265
604807583
620129981
798284143
222061983
534259830
564405802
532848328
418644166
727097185
764036107
402131324
625203755
43347749
395003310
9839885
184377701
197392285
264219032
854458189
318810241
745209397
120332286
466590435
92759681
181843567
543328586
860073933
180664792
188229218
908342428
910597593
322345199
961932086
787345990
893582634
904114340
116794281
256965199
243516089
336790726
31520909
392361201
15565522
58813082
800578375
3664668
68849555
721519449
953209426
616378097
838203760
757287599
998055354
783539783
540705202
402635582
610318754
762706217
569496819
345565465
572067518
126835285
947648931
747185225
213780185
378772415
937546374
736716108
867778385
708716812
955543860
313572241
294089622
447985176
838469784
763988477
12778927
518545264
371847538
95902057
775234740
858146520
227115221
97079073
715475285
954768839
2425001
153072486
905420881
89399270
328857642
744151021
240314624
696670101
904163431
274196575
187661258
441624166
545185476
244803287
345435822
473916320
780683128
263808103
730993596
420419261
617088528
548259219
922441115
489634284
458047978
850373332
271180804
420200592
522272955
761807638
110586948
949076415
861521162
553906746
935744446
883014339
779286706
704751509
208462951
844601757
305163620
790361711
448405321
199098749
571316515
430571141
745041152
72111947
374347462
848699016
441965120
91494434
359727225
915272860
392015437
627750863
960810044
587769562
943747969
377714518
363334242
862860238
155866569
726180205
706488340
124925177
543586600
871593216
276118988
263965008
507740211
373838251
389264858
912758203
610351764
514762819
35938018
881507735
610907016
170091341
240517212
515666741
218878049
344490373
83832083
668552280
192075012
608744025
615517095
774600891
713361515
351172716
279311627
978562185
150664996
107803667
596505351
642448099
917120976
645439451
824127671
371027550
149820325
15245569
43498762
428739970
688501997
970355192
440976708
672951116
254023045
884951783
147491708
342642604
260337503
645158440
438933791
369409544
90296576
941576395
19802987
617658296
534918658
784996113
893986805
993603719
900365715
708204273
903687971
949726008
413307125
548959894
424329395
383250431
190950396
844829918
334096434
339609860
3455379
605558749
282584966
972666596
25357879
480666456
494552421
708512047
345155706
737877835
939107803
341111531
254103425
981013092
600761032
633602831
690948487
487997061
136462432
939085577
344772184
316324677
510561193
38202681
231056854
300133488
404220160
186037108
501729400
145043075
955931285
585224066
743176134
779782961
198562026
117247903
612374750
557562848
92591447
661060350
262518514
162829868
664864905
918304833
358341064
536889444
381195519
404449283
662656057
332615176
226036620
650570062
662837938
366547537
501062616
22717989
138627510
17032873
595255519
542477308
401587801
533322542
428552048
645966906
459370182
572666676
637926063
416145598
6822075
823316928
568432275
704021591
99940360
988305421
506155625
569292107
780318484
76325899
675964239
7956433
238075224
215981787
384704698
713567895
745285601
45461332
628881136
668987708
626762706
271459457
272603023
428497111
777760480
591694369
535081476
255304814
452395476
750414630
885705749
284420480
268553997
516527671
133407832
804667004
242896123
450508845
183328953
741416775
830113445
562572953
428582648
232884154
443983908
718485565
239630632
892012066
989306662
512837007
468233778
422145983
232045420
561681721
907493968
213128005
199740748
941086363
279634322
915282781
82631727
877358152
956683356
216097061
731048724
8386180
246497254
439669932
169244940
682852813
337381051
742599031
511447484
778349391
597536058
118456575
353064414
563774318
771870232
238550833
631981503
663718464
422430941
150245612
608079299
205783056
586950242
342851206
805044445
616633821
94513497
837768264
827284759
276266456
529189061
402297581
250609680
141897194
291906685
869041703
327738745
464835115
83609006
857586970
873114519
428022124
277750614
576671967
121259973
773864366
499190474
422986499
124369646
548850345
449524784
658181125
195642391
248566342
166544646
472158683
11130067
161574693
13648537
597640302
495352781
14265112
566471311
73990681
212432706
692223910
89450334
611643950
817966980
176391817
992786642
854691185
533634424
603156016
152295563
849806491
979942169
349681726
653482620
912477400
339287539
347382793
385423726
749369929
223959464
595642140
260480379
13217411
51968623
196600245
474864275
697106703
253685648
5358920
902803194
840221160
89837545
206972154
779732936
593482240
977797740
757388326
655362408
41164731
727170206
358023900
43501593
933272945
472718618
73964637
985148528
84843505
617292812
141012384
645439956
326597369
874386871
876031441
853237505
875946943
161787631
174481100
697289350
904343915
988681632
854138790
785905991
746435482
25206597
96252709
315836155
69435101
149800817
950914627
41068206
229711160
799561802
424934575
409852225
509467299
679302921
78212939
54105573
918868876
597535355
478127791
691121828
653149011
357000067
364752293
399612632
412686029
794079126
515251627
70546866
683134146
851484989
784460660
413347508
46877807
519377558
27636071
854082615
410302981
668210132
183829534
9777638
264801064
8983995
56090345
886558017
753579376
780428324
840522825
10072092
3053291
359257727
888247413
878531869
998401177
345144908
940938712
518324801
429136623
986719137
739269008
620147543
221474901
159909287
233374193
494547587
444290984
331650333
176502016
773898429
129978553
939896020
179451129
865159760
658948811
545637425
88109258
53314395
837792025
591748014
467225749
104111699
100272462
288797528
869168178
183895167
324081674
967672146
735929258
539778171
127524196
10623057
373707709
27285174
850671971
583277599
778295389
532879347
210619524
850111513
450782001
134854604
913236023
556969905
853164051
21305642
778872674
979580652
558824339
849233614
123943644
330325220
826290545
821744588
957078515
629646919
457755430
131711499
889190119
640884694
361365084
680529606
773753708
655031015
309789553
189745933
888941868
619217380
992763897
206299205
202539587
681610954
466810681
707073700
721848257
731469739
790429869
760352182
436582444
928214316
287312514
761212123
806039035
382629640
233002524
836189638
623100956
184648843
791963282
585793791
622596719
172857623
171313965
621796450
710478920
131347618
344401901
696958366
82212081
49367094
132875268
775090359
257547301
511985776
908748376
956447365
752467095
459798018
281593349
289592115
480467049
650843698
450023641
903225024
182746037
885133144
84428247
32402817
219676936
522268516
492098485
102508701
332072929
845163605
741033821
332604560
98686263
997182659
188133488
384877481
485381104
785566294
772498878
498644107
613528939
975941196
839182799
636357808
993476087
951382007
361207645
624740065
327636313
330198333
666391000
579494847
455674699
429041430
924414945
732692030
500879863
142194706
57147343
942354468
942210176
951359185
420164141
949288591
100976505
232528520
629965881
975840876
238756203
230046083
120314983
631631617
635967828
446478237
843418333
373374051
402522915
493006537
281525748
235470849
642993213
767029645
979887805
484909335
657198587
495046530
707772793
837359932
350395946
457440213
655485984
326798037
197868937
359571913
113988316
232876447
923253838
431654707
272936587
980253481
945857186
743186172
670095680
791077207
461685536
116276131
901392577
142368993
893019482
27836345
412626699
365864401
527787604
962623074
757743306
757202441
92895495
87262170
200911842
240732091
558573279
120230382
377489385
375425007
847870526
270638719
43607722
404287744
863327479
184796675
606945955
459960607
927703251
937427972
327328647
103779535
480789519
776575902
680202430
503021415
142279132
219200005
995811296
387989395
148980446
701310205
198669118
577780691
78955438
369552736
991727193
200489723
39394136
228274588
510734953
633643186
543378398
240466482
657365207
526403059
996762291
280594488
114702787
819972494
606641984
724422104
365009535
491425448
276887906
623177423
232176657
675411767
682570730
31118575
182927285
542957703
802155292
795837085
526036313
588780471
231865648
893303123
63192608
644624957
712078037
101390367
52314848
268648542
920667561
393424931
244288675
59358135
731061954
302914835
55589162
57217975
556666152
165737402
129656165
729139234
932180568
105231989
747175420
386040719
433870531
914719158
526430153
860341739
410721356
677407874
570916956
183864053
658060494
269011700
784551030
965902015
472794772
802324152
869560462
637798963
480811231
245256080
491801423
27479948
241741412
212610003
249525272
417588953
104769483
424492265
832294778
771266685
118923313
361844176
535086014
748492721
61263783
830461338
106692957
73072897
834084272
826947565
641674117
445302475
839566279
519702401
400555163
647880643
171783639
633471142
411805876
879582578
306686657
654638523
734289434
909331122
280807130
604183480
413111245
898991156
198381674
499459237
700690943
578221818
449708077
680380961
18862743
654200029
796638678
299870684
83825583
957468424
257776264
900853276
164861974
914745979
760386395
396679228
201020879
269991561
220190173
607988009
61525648
356349274
932117646
703336420
534912580
875442282
473630562
738284546
297205130
628484360
701212739
339108911
367801907
613721304
772009869
998463654
796856775
763066449
965413008
576001979
374248961
912492352
795087890
305974865
536121167
570977091
124771018
982716516
896475987
178749007
51678694
671127425
445689700
75953963
595475334
102131017
324655374
787429363
736944958
783310834
593417358
931166869
349559960
929427653
221065047
50951511
425963408
702433441
740409999
805359439
540374294
781651063
606554514
776125162
2840464
40943052
715889774
304207462
199179093
308805946
131501670
102342743
949808435
511507182
447631984
769611814
277258473
869393196
669588919
416144013
860141998
97681095
551663129
321351196
330181800
56641961
195777705
669324215
447912822
802743633
117056046
685925654
721746087
454619472
859836835
578468676
732795969
576661451
445174965
929982241
6447163
202606076
371369032
972212704
503620866
557386417
67669746
97521033
369784824
323936972
254596990
216619896
124845040
295468481
821266795
376516316
245023668
288088603
472692587
322472249
551915647
19860983
542270948
216617703
536217220
435260806
253789554
688347024
568482661
687090576
246191459
878610102
747141820
528262636
250574393
857596458
666718357
572801545
714876460
908093590
564409330
363183465
584804262
74399221
534886214
580506656
343899589
474186261
23842043
32918873
823674588
163111196
15111660
458595281
207228146
340745728
82257899
371962458
587002945
941212942
225869372
319195738
853266360
972846180
568600088
856495177
542941562
562045558
801279788
334774327
73726301
437552781
159970839
344816195
140752748
787018051
895653103
361287461
880134758
210627848
625595325
832999077
847397436
796485792
54229244
597597217
582896279
949857187
548871198
174525707
96384847
61134076
133908999
985045865
903447285
853987179
706377616
834578516
311593290
367559683
102902789
82717305
359715782
994292396
702357415
796717723
498314258
684690594
655707692
814644238
101836430
307054324
415360314
609509182
341226700
515775750
564223727
875703334
784867858
999115535
527186524
418725082
331679709
149056668
947298309
96053757
417115225
253085451
938739811
804596043
9214697
821516305
949243490
372498449
402028709
169018421
476722147
737310128
45181655
716792146
44878907
455460382
193142653
598675737
64286898
477500516
296176075
590222220
646033157
846240033
214192294
483479941
507060197
285069061
199312681
189144877
296346486
344530775
169524516
932550789
517495761
515702896
831107480
786316256
105206658
49503806
713263420
918629479
71733258
900998338
990821115
842966164
670622302
120962194
568940148
356993207
18399078
933748567
164236409
520115572
35186303
371997776
317206928
283104835
245021178
162810574
331327093
311986159
909251483
864083126
225642646
458427160
662272282
821326082
197786261
365512369
261998757
852923968
672132810
261739138
941698908
713835281
881386943
763768743
276792276
435873451
285434034
837151503
678453909
186817368
773497878
266175998
529523356
60326645
20274706
324526731
156317658
239513460
506155264
966180387
136910258
934753626
386118127
179652100
112914815
835519042
41755426
168588227
85662476
69748568
108698255
731951558
776772378
512939998
645825121
168057803
419835869
580687786
778204535
345936223
776857983
237345702
919066082
333090920
402740892
813949007
875579755
821066140
6449861
89999927
554769931
576547591
256570621
554989700
908014704
992801929
951867455
891990382
630261886
52079702
88135669
902831300
992651212
938703732
490205314
498061928
441019427
132518976
882889658
387428046
193829891
209735913
909733221
960458625
775615262
324607988
646218175
939455391
630545115
424357558
244470779
764854360
133661908
486139869
179523259
871399794
76421464
614812136
632029338
539283912
272681450
449743786
284415138
365624774
342134208
475795659
676537558
60959215
42570309
533860935
111233194
277243736
586829207
96836333
527868805
205635626
806485257
306976737
414194502
799039523
649013666
64342810
133204156
611073302
915414685
583704037
431166509
838706022
778456551
328140640
600570832
524795535
51387045
718677760
928935507
520084382
777342379
202328331
330996565
781264819
969845253
185006367
196738541
827106950
736665970
445156009
838182177
493157600
636008164
324258671
24855152
984384285
534892801
705798663
84051529
918871473
735596197
790439005
808990353
317762976
666318174
563518513
889611042
590502147
937075183
758430102
178758214
681433482
639958733
850241397
652362560
876988149
306405029
70430728
263615683
231954330
64786644
944827743
206242681
820514019
729915373
246262238
330193533
582432204
794075703
493841597
986661345
928226153
255157292
363871367
896223529
413429598
725263100
189858715
236577742
296691301
197553416
913915566
268635581
25462476
32136295
836439879
405642197
24411892
805472100
228056130
237728877
270904275
26495741
497122894
941128139
391988595
482797414
414014063
766805166
744273777
37476484
499911292
208098500
896292734
806330995
703680930
956038965
497272802
122108417
953288927
19560215
567911924
203036464
772888968
603847159
9314467
554487736
364750275
452560982
848376560
716382082
815265038
161545769
886003313
8412462
849788598
883842905
446773712
931649678
588616289
992097345
952424266
213304105
117053573
723062323
662251313
749519545
790256366
259306483
227258475
959104429
834843964
102283834
330809584
366122408
429217634
611676724
818497103
260714496
342601257
561959939
363744298
367901248
399353259
999605050
891133621
444960422
707221464
557050722
222652219
999100581
765155572
488866424
917818009
675417445
581732887
782824813
571004353
680438334
1064875
305397925
653920825
385771329
511205874
159946361
976611481
361054127
316506494
649241525
567128849
581490815
779453367
61411354
464177120
345997532
