562
2 15
53 62
61 1 64 71 62 67 24 73 67 97 72 37 24 54 12
20 10
22 46 52 100 84 30 92 21 32 80 27 8 82 18 86 90 46 71 78 91
89 45 62 69 15 32 67 8 67 29
9 12
37 76 5 95 13 38 57 96 4
83 62 85 90 42 87 42 75 88 71 63 49
17 3
14 46 51 2 87 98 57 43 30 65 1 14 9 11 2 79 91
82 22 6
6 16
33 29 65 98 61 61
99 30 8 26 74 9 49 86 85 74 8 26 63 46 21 89
18 10
60 15 33 32 36 15 33 54 92 81 28 82 29 57 61 72 59 2
22 51 71 64 50 40 74 38 75 77
13 9
26 95 26 27 42 8 58 9 32 98 86 82 18
23 48 85 47 75 88 99 13 53
20 15
91 94 51 40 27 24 51 90 53 61 24 93 46 21 91 45 55 60 39 72
99 81 71 39 60 28 61 62 55 53 77 31 39 54 92
11 10
49 30 17 24 40 64 32 38 84 43 2
60 54 59 68 83 49 8 86 76 74
5 5
84 90 28 60 54
39 76 47 60 100
7 20
2 73 68 73 37 23 74
16 97 42 75 48 19 18 9 47 40 17 45 10 52 76 15 75 56 74 27
4 9
19 20 45 59
30 83 82 15 52 4 19 65 87
9 14
94 28 62 96 35 25 79 33 32
44 1 11 58 45 2 67 90 28 3 72 79 37 65
1 4
62
50 71 100 65
12 6
24 71 77 99 1 91 93 88 7 96 66 72
51 34 59 19 69 90
7 11
87 77 47 86 61 22 23
1 95 73 65 10 86 96 60 7 10 45
14 5
1 98 27 67 83 12 60 96 92 69 69 36 66 55
56 11 16 38 55
12 12
57 93 16 10 34 10 73 3 22 71 99 99
86 75 98 18 40 88 38 87 50 47 30 100
18 4
66 8 100 30 57 25 84 21 83 46 25 19 43 95 19 26 82 43
70 82 43 41
4 4
82 88 12 67
9 14 5 79
17 18
59 53 46 22 59 40 35 37 10 28 27 22 49 89 91 59 76
84 49 63 18 39 6 9 23 68 10 82 39 29 55 72 72 63 17
17 11
19 16 64 35 67 16 28 37 7 89 67 7 50 65 96 34 81
97 9 79 11 31 66 33 19 73 40 5
16 9
12 33 60 35 65 50 58 3 14 66 85 4 73 51 74 22
12 82 58 20 88 93 57 86 18
17 12
45 16 36 77 22 82 16 9 63 22 70 97 74 66 25 45 16
67 20 22 55 40 40 34 36 7 27 59 23
8 6
48 26 76 92 20 49 59 88
9 12 78 68 34 55
6 12
21 46 60 71 2 79
75 90 78 58 49 63 72 12 34 96 16 76
14 6
7 25 20 90 89 87 94 34 23 73 86 9 76 40
44 79 100 55 57 71
1 17
90
1 33 39 83 19 3 95 68 28 17 86 87 17 43 98 56 2
3 17
16 79 71
28 47 28 26 81 38 16 91 30 70 19 24 59 39 24 57 16
1 4
79
8 30 17 13
11 6
76 46 41 18 62 73 98 98 43 15 88
43 47 93 19 86 63
19 20
98 74 98 22 78 57 43 16 21 6 18 90 72 86 44 27 51 43 65
44 52 15 35 88 39 66 61 54 48 4 9 67 61 41 43 17 53 7 63
12 14
24 42 89 32 42 30 26 7 1 26 4 61
44 91 61 62 52 45 42 34 78 7 14 11 42 94
1 4
71
63 47 43 96
6 18
40 3 47 27 55 44
25 13 94 14 98 84 72 26 96 68 44 30 15 47 72 59 9 7
14 4
89 6 23 17 97 60 99 29 3 32 18 84 60 35
46 9 72 84
18 14
99 58 40 83 31 46 1 30 8 6 68 86 95 50 82 27 67 71
49 32 47 79 72 14 41 51 40 10 5 33 59 3
17 14
76 9 30 93 36 19 89 6 84 45 12 36 45 75 48 27 18
45 38 47 85 37 71 16 75 72 34 48 7 33 94
19 7
4 81 82 31 68 30 75 84 98 76 83 70 100 53 81 11 47 88 53
74 97 31 42 12 75 62
3 6
88 30 93
5 53 82 60 9 99
18 18
39 64 91 96 35 86 93 84 31 86 97 35 50 54 71 45 5 64
65 48 5 49 5 33 39 70 71 27 27 63 5 18 77 35 54 25
12 13
68 100 50 26 33 99 77 61 26 45 77 9
83 22 99 43 32 26 40 53 35 32 35 16 40
19 11
15 92 72 51 25 62 74 52 48 13 12 79 12 8 47 100 52 44 6
44 38 66 20 4 26 87 9 31 54 34
9 20
29 45 20 6 83 80 17 10 55
52 19 49 26 73 38 27 61 49 38 93 34 55 27 63 51 13 60 7 94
3 17
88 80 57
41 100 94 76 48 67 67 38 38 5 80 94 66 92 30 21 84
4 8
32 64 38 30
3 5 61 67 95 50 59 72
5 4
53 75 44 50 11
36 8 7 49
11 18
92 21 69 41 36 75 87 7 42 87 78
48 50 67 69 22 72 66 97 100 64 90 8 44 32 6 79 73 33
9 16
85 99 2 33 27 44 61 19 58
77 88 59 1 33 100 93 21 88 88 68 82 1 49 51 98
20 17
19 17 97 19 86 11 99 61 42 61 74 75 68 36 73 89 14 24 97 88
21 71 4 21 8 76 11 4 11 60 77 79 72 8 49 93 90
13 12
84 45 22 45 95 83 98 75 12 46 67 42 67
3 8 42 13 5 96 39 63 68 53 59 68
11 18
71 26 58 94 63 82 52 86 9 51 39
7 38 19 91 81 49 58 46 85 49 9 63 96 83 76 11 58 87
5 10
40 70 99 96 22
70 71 1 98 42 58 8 87 26 37
1 15
96
20 75 37 46 4 95 27 73 89 34 53 87 64 23 33
19 6
75 21 31 99 12 85 73 93 82 38 59 66 81 95 69 61 17 20 55
2 28 66 73 37 35
12 17
83 69 61 8 37 47 96 26 67 7 71 1
86 34 4 90 55 45 99 56 30 96 38 10 67 62 47 65 44
18 14
100 57 81 1 67 47 69 34 5 42 24 52 10 71 27 26 66 63
16 46 27 65 56 11 38 60 1 20 39 15 93 39
9 7
98 3 87 24 100 7 94 52 58
61 45 71 29 3 3 10
7 5
48 72 49 12 36 24 70
85 18 60 98 16
11 15
79 93 53 5 52 19 20 6 61 76 24
63 28 59 17 52 7 34 94 2 44 4 74 47 100 40
7 17
52 52 14 31 83 55 19
41 41 19 59 34 21 59 81 69 49 43 17 81 25 91 89 96
16 20
10 85 3 67 16 42 19 95 86 42 71 43 55 48 24 54
92 50 95 10 95 99 3 5 1 82 32 31 38 69 53 14 16 83 95 45
11 13
72 53 3 69 29 51 64 78 32 92 26
46 74 31 99 72 38 3 3 74 56 11 23 40
16 16
66 64 21 74 23 76 53 79 90 34 64 58 27 60 13 77
85 84 2 68 59 5 34 84 31 98 78 5 6 76 31 81
6 8
19 42 48 14 80 28
62 71 32 20 54 68 95 50
1 14
84
100 9 96 68 69 43 92 17 27 63 58 68 13 90
11 8
50 7 3 53 36 63 40 81 22 83 37
71 42 66 43 63 27 37 87
3 9
5 98 13
44 44 64 30 21 97 58 37 29
7 8
18 39 70 39 76 14 89
20 11 89 45 99 31 26 25
17 3
8 52 35 54 24 63 93 42 79 52 63 52 55 12 4 21 78
37 38 48
14 9
58 38 12 81 59 72 72 51 35 100 30 57 47 21
12 59 97 7 45 9 41 19 4
10 15
33 68 6 12 73 66 57 52 61 57
42 5 50 77 66 79 83 43 82 59 45 11 16 60 36
15 11
97 97 85 26 9 26 53 73 5 99 48 87 29 49 6
85 99 58 21 14 15 87 76 89 50 6
9 7
83 28 3 18 56 15 85 18 78
77 45 32 5 51 70 62
18 15
86 37 76 67 49 11 58 76 72 37 88 72 22 30 17 8 55 14
23 62 36 16 15 97 29 9 65 12 7 75 5 38 62
2 13
97 75
54 5 14 3 3 29 95 95 87 58 94 98 100
5 7
91 16 3 46 15
79 52 66 83 12 64 3
4 20
65 89 10 54
30 46 10 81 89 52 79 66 83 13 44 23 75 77 80 16 50 44 93 38
6 6
75 67 86 20 14 88
96 5 23 7 31 3
15 1
29 62 70 17 78 33 50 71 67 5 1 2 29 47 15
14
3 6
9 99 67
43 39 36 26 59 15
5 19
73 92 34 56 54
16 46 81 78 63 92 31 93 49 69 3 72 19 56 12 12 75 61 52
15 20
74 91 39 31 53 27 4 20 40 62 94 50 48 47 9
3 87 62 75 69 49 52 50 71 7 56 19 53 87 80 40 91 94 80 71
14 10
37 33 80 24 84 76 87 63 77 53 70 31 89 38
71 99 32 93 54 47 43 52 21 63
15 15
38 26 68 49 5 12 47 71 39 41 61 79 47 44 14
50 84 64 2 99 5 74 19 78 85 13 9 1 53 32
1 19
60
60 15 16 46 96 36 58 5 35 69 7 54 65 78 77 58 42 63 88
7 14
54 8 10 83 39 36 48
63 75 84 86 35 98 60 71 8 73 99 30 34 56
9 13
20 9 36 11 58 51 63 31 87
36 11 87 83 84 16 22 74 64 98 38 87 31
10 3
82 60 76 70 59 87 72 99 5 15
5 15 99
15 15
55 70 89 47 39 61 8 86 67 39 20 14 42 41 12
64 26 6 99 43 34 65 4 68 56 70 85 48 67 37
13 17
2 6 78 92 86 63 68 9 52 77 51 59 21
96 69 72 33 98 29 39 65 92 81 5 4 17 66 15 70 9
3 3
52 47 6
75 33 15
14 20
44 37 82 53 60 52 4 46 19 44 59 97 71 76
22 59 72 45 62 96 60 9 68 51 65 41 53 71 63 64 56 10 23 93
3 12
73 25 71
92 52 75 39 83 77 54 29 7 95 58 53
14 13
47 32 40 54 81 67 68 88 54 57 36 26 87 84
57 82 55 25 12 12 99 19 15 65 93 84 8
1 8
12
21 62 94 32 83 66 13 60
15 16
53 74 44 24 10 89 30 91 95 50 37 16 64 34 52
69 73 54 75 66 56 26 21 81 43 71 14 5 55 93 87
20 6
73 29 85 55 28 2 54 16 19 75 46 99 57 51 96 54 31 82 35 21
95 59 44 84 57 55
11 7
53 24 35 68 68 27 97 44 79 98 25
67 34 82 68 27 98 54
11 1
88 27 87 11 60 98 63 47 14 25 9
67
16 2
45 35 26 10 96 79 37 79 98 18 41 79 10 92 63 11
1 92
8 5
30 99 55 34 88 23 79 45
10 85 11 50 22
4 16
15 75 67 30
70 64 95 83 25 98 14 39 5 46 10 63 88 8 12 18
16 13
33 19 77 26 4 89 98 75 94 65 9 77 49 95 18 8
93 89 84 26 6 11 17 62 4 73 89 70 50
9 10
53 31 94 7 22 92 38 24 11
28 100 60 22 75 27 52 68 92 94
1 17
71
61 89 9 15 99 11 95 29 74 42 64 35 28 82 40 6 30
4 14
9 88 72 19
67 94 34 27 37 82 87 55 1 63 67 76 60 31
14 7
57 63 67 75 96 2 82 34 1 53 28 16 70 10
70 59 52 72 46 21 86
9 2
85 29 48 14 74 50 95 90 90
31 27
10 12
51 99 28 55 25 52 98 98 33 12
97 78 83 22 63 26 50 7 62 74 37 97
15 7
18 3 51 1 86 70 26 54 90 31 27 92 74 58 89
14 77 13 73 88 18 99
9 11
90 73 51 34 7 84 100 56 30
89 58 87 98 80 31 78 19 26 7 64
17 11
33 94 70 89 15 93 87 51 25 95 59 46 30 53 38 71 35
75 80 11 6 36 8 30 41 93 78 49
16 18
25 16 79 58 57 76 65 62 13 42 78 10 50 42 62 100
63 1 3 46 15 72 84 20 55 23 4 4 93 3 59 53 82 80
1 20
36
39 41 22 41 45 12 28 34 30 71 33 33 67 77 24 96 88 46 72 71
3 17
66 62 64
75 58 64 71 13 38 57 33 98 53 33 34 43 18 83 24 14
10 12
59 79 26 93 28 34 91 92 7 35
75 56 8 16 67 87 29 35 19 59 90 97
8 11
91 28 11 94 66 53 11 28
55 15 51 72 47 31 65 38 81 38 32
11 20
70 7 48 6 97 80 67 58 88 94 78
72 74 51 14 28 66 54 77 54 76 99 24 89 17 78 10 67 3 24 39
2 6
26 62
79 77 7 76 14 57
7 3
67 37 2 27 76 33 61
72 97 19
2 5
66 89
95 11 60 52 35
9 9
51 64 6 23 2 10 10 81 32
75 72 98 61 21 21 76 64 7
12 14
34 40 88 51 46 15 97 33 79 5 44 94
41 50 58 66 92 76 29 59 11 66 47 12 31 99
9 3
77 60 1 63 99 6 80 14 48
18 73 49
3 10
12 23 8
55 20 37 92 85 57 20 32 13 47
18 13
12 1 69 79 73 75 19 37 7 77 1 3 40 42 19 9 87 9
46 25 11 39 3 17 34 31 73 86 11 53 22
6 4
43 83 34 25 3 63
49 71 79 80
3 10
84 14 80
39 24 49 15 10 3 72 95 14 66
5 17
72 31 42 91 4
55 67 71 76 84 65 50 3 23 69 93 47 63 91 55 47 68
16 2
77 45 52 86 41 98 64 85 49 95 57 37 39 87 47 84
66 90
3 7
25 36 74
48 35 27 92 61 81 97
9 6
71 100 19 86 99 40 99 23 100
40 11 13 45 1 90
7 8
86 12 3 75 82 54 9
18 89 56 55 63 11 62 80
4 4
54 36 41 26
96 46 71 75
17 18
38 80 89 32 77 26 49 79 44 69 41 42 89 64 75 59 72
63 98 79 65 1 32 15 78 86 45 14 54 90 34 81 15 76 11
17 5
68 48 45 97 62 48 81 18 100 57 16 56 60 30 79 20 100
53 55 2 48 61
3 15
23 82 36
27 62 68 20 12 27 43 47 21 4 6 81 32 82 99
6 16
74 32 52 67 23 26
85 37 74 97 90 56 85 41 69 42 69 100 64 18 96 93
16 20
11 99 66 100 89 36 97 22 81 90 47 9 97 30 8 44
94 3 50 100 1 44 95 61 45 63 33 16 90 43 73 38 35 71 45 80
1 8
34
76 2 51 11 27 67 45 12
10 7
53 15 11 57 74 46 90 86 38 11
97 32 19 72 87 81 18
13 14
46 56 76 10 4 96 92 16 98 59 57 63 45
30 1 26 99 27 43 43 4 4 95 22 65 59 35
20 19
25 78 21 8 90 51 30 87 55 70 7 59 57 51 99 60 15 9 31 42
63 21 95 20 1 92 85 66 46 69 76 52 31 40 50 80 20 8 74
20 14
26 83 57 97 35 99 9 75 22 72 98 42 72 47 9 6 22 28 9 37
99 99 81 77 83 55 25 17 5 89 81 100 26 9
9 13
28 21 79 9 44 9 36 37 4
1 3 61 30 62 61 42 63 38 27 81 80 30
7 18
44 75 56 93 73 3 29
65 6 43 58 24 40 52 91 91 58 67 19 76 79 23 54 3 92
19 7
97 82 18 11 90 53 49 28 6 32 28 15 83 22 5 83 21 44 3
51 89 69 36 72 3 37
16 4
3 66 4 72 24 94 100 4 81 62 86 34 38 93 24 90
61 51 89 80
14 14
53 88 69 81 1 90 16 16 84 52 11 65 44 63
50 18 34 10 39 97 26 12 5 66 47 90 70 57
9 3
70 45 10 63 49 18 48 93 93
20 79 41
2 6
80 74
96 28 22 37 88 61
9 8
7 81 10 24 94 40 16 92 41
42 95 43 8 93 51 98 69
14 17
51 51 40 71 31 21 95 26 21 49 62 51 21 61
58 16 47 78 61 55 45 71 12 74 100 94 4 65 79 8 77
19 7
89 75 57 21 93 11 50 75 73 68 61 16 18 87 61 79 24 22 16
28 21 54 29 42 28 90
15 6
26 57 31 43 93 79 38 9 68 81 88 74 44 12 70
7 62 70 61 28 6
9 1
8 26 39 35 66 29 72 23 7
44
7 7
25 53 9 42 37 90 48
6 22 34 65 82 80 69
18 5
3 88 46 37 53 34 56 25 7 57 67 47 40 25 61 91 20 19
24 70 67 32 88
7 12
60 51 14 26 48 48 32
50 8 19 44 7 53 19 70 45 20 100 70
19 13
21 69 37 90 100 17 54 61 57 64 59 49 59 93 42 2 46 62 27
44 50 95 3 12 15 14 36 63 42 61 79 1
7 19
46 67 97 39 14 2 12
3 55 41 59 99 31 47 98 16 94 27 94 1 80 2 32 17 9 93
18 14
48 20 69 64 65 52 32 37 68 45 71 26 12 93 41 96 48 23
15 16 33 93 19 18 38 83 6 35 99 10 98 3
3 10
37 52 22
63 8 97 43 12 52 72 58 27 28
1 20
59
6 100 62 19 98 82 14 91 6 73 10 70 88 84 27 71 26 8 59 23
9 13
3 62 43 94 58 69 57 76 88
26 57 31 64 31 89 82 99 23 39 90 18 66
7 11
48 95 56 71 14 57 63
4 32 15 66 58 59 23 3 43 70 92
2 6
24 95
98 25 32 50 73 34
4 8
91 62 18 23
4 33 54 79 55 43 63 28
15 10
9 55 38 42 13 69 12 4 60 83 17 67 92 60 36
2 31 50 5 63 5 34 40 10 39
11 8
17 31 75 29 81 61 75 34 51 25 18
36 93 78 73 72 60 28 58
5 5
79 92 92 9 74
100 66 31 1 12
10 18
92 43 36 28 34 94 15 24 30 26
8 17 25 3 5 41 10 82 95 59 40 64 68 13 52 22 33 30
1 11
1
30 86 45 61 29 68 12 38 44 61 85
10 16
21 36 63 17 33 50 94 84 47 68
89 97 56 38 66 82 26 78 22 57 50 54 55 74 63 25
10 7
13 19 1 99 95 44 2 36 41 65
39 40 3 23 20 40 84
2 4
36 52
87 72 96 75
3 6
58 59 58
51 50 10 57 46 57
6 12
63 70 71 88 72 44
84 2 12 22 66 78 87 57 4 25 67 42
5 15
54 58 9 82 6
31 40 81 55 2 82 98 20 60 85 1 75 39 26 3
5 15
33 80 11 78 24
37 91 95 56 54 36 72 32 61 17 92 44 62 26 82
15 12
7 80 41 98 7 9 2 92 55 44 17 62 28 22 22
13 49 28 13 1 42 42 64 68 90 69 57
17 2
42 18 90 12 68 22 58 61 27 3 60 87 44 83 43 59 18
41 71
8 11
67 19 46 83 98 49 20 56
43 7 43 5 29 22 41 4 37 38 31
8 17
99 35 43 57 75 51 4 18
66 60 6 74 4 100 24 17 82 20 15 26 89 14 11 98 54
12 6
93 9 47 52 100 74 70 41 85 2 80 22
19 79 1 100 10 52
2 7
93 58
33 81 35 26 26 41 65
5 8
60 34 18 72 63
13 44 41 59 79 81 31 59
10 20
84 14 72 24 94 82 50 10 86 38
5 7 79 97 92 43 89 77 20 32 83 1 95 93 25 4 73 43 43 59
19 7
44 91 2 38 95 20 60 48 6 19 72 10 37 9 61 93 80 50 51
92 31 39 98 1 11 96
13 12
52 95 52 59 21 95 66 60 97 30 84 46 54
87 96 13 9 92 63 65 52 41 16 100 87
16 10
21 82 3 50 53 46 62 63 25 55 54 56 66 45 14 41
76 12 70 54 47 34 75 15 41 73
16 2
75 38 72 84 3 95 62 36 85 13 8 7 39 19 36 70
30 98
18 15
12 15 44 85 49 48 8 19 41 43 46 97 69 25 44 43 25 88
4 28 24 2 9 24 64 56 94 94 2 4 25 63 92
19 17
33 29 27 89 49 15 58 95 94 34 2 14 7 35 87 21 69 18 32
34 98 52 42 99 15 41 63 72 60 19 32 54 51 1 4 46
12 17
67 100 75 31 64 60 92 99 47 21 19 99
51 49 70 11 61 67 74 87 8 21 70 77 15 86 65 24 34
17 4
50 73 56 62 59 3 30 35 63 12 53 2 28 100 56 55 22
2 23 13 5
13 6
53 86 55 98 81 23 77 4 90 46 68 11 3
62 83 18 99 58 15
12 7
20 77 39 25 8 72 41 74 30 24 74 21
11 20 76 38 4 37 54
5 14
65 9 20 32 9
66 40 57 83 86 100 3 96 52 40 49 87 23 8
6 9
93 59 67 83 50 21
77 63 3 73 84 75 3 23 2
8 17
74 18 92 43 3 58 21 37
5 85 8 72 16 37 30 96 22 70 82 63 56 53 46 3 26
2 6
100 39
67 56 31 18 31 22
4 20
11 98 33 75
9 29 69 32 76 97 78 98 1 59 95 9 8 74 83 61 36 42 28 60
19 1
9 3 71 58 80 33 72 81 28 94 76 4 53 74 73 93 99 96 86
94
3 3
19 75 54
56 36 15
15 2
14 24 89 69 2 83 71 44 57 37 59 27 50 52 40
97 66
18 19
23 31 85 85 39 85 22 36 85 8 74 42 42 65 36 81 88 9
65 61 4 16 10 41 92 91 34 10 89 83 17 91 23 59 34 87 79
10 14
89 48 19 14 40 3 39 53 41 61
39 64 35 57 83 21 14 59 48 48 51 7 46 17
10 16
59 72 65 89 22 67 58 47 97 35
77 77 40 36 99 63 44 61 8 4 65 72 98 64 88 8
8 2
29 66 48 54 2 95 53 80
38 49
18 8
47 90 5 89 1 51 5 86 40 82 36 88 54 33 94 97 7 13
24 46 95 72 41 90 55 75
17 1
97 93 65 26 43 82 45 21 24 40 42 58 56 94 8 33 26
87
8 16
85 80 11 87 8 84 14 87
97 85 36 63 31 66 36 81 51 99 75 35 35 6 10 24
11 6
42 95 18 55 38 68 59 43 54 46 93
80 98 93 25 72 94
5 20
24 21 58 51 17
37 27 17 10 86 83 21 99 84 2 53 96 84 49 100 56 91 10 21 26
1 13
85
80 72 78 61 75 34 80 1 61 31 75 75 98
8 19
34 22 33 83 23 66 48 83
100 50 24 11 24 14 23 70 96 66 9 75 17 60 14 79 27 69 55
17 7
92 78 60 62 54 38 65 49 21 24 15 99 34 56 25 82 6
17 83 46 68 61 38 12
1 6
83
36 95 35 20 59 8
4 19
90 4 57 36
78 77 95 68 50 50 32 9 59 20 94 83 95 16 52 66 34 33 48
13 4
23 42 60 14 36 44 79 49 30 56 89 62 39
66 70 32 48
3 2
40 79 78
95 88
1 2
7
60 69
18 20
84 15 41 25 5 14 56 92 84 46 46 63 41 90 59 65 41 23
77 20 12 79 73 9 84 44 48 93 93 79 92 52 55 13 46 36 91 13
19 2
77 63 72 14 55 18 4 66 25 60 94 31 40 85 88 76 15 76 89
13 45
9 12
5 45 84 11 48 11 13 29 18
18 41 64 98 13 56 4 56 5 65 22 100
18 4
46 80 46 33 5 54 24 94 4 99 58 60 19 33 12 18 22 15
50 9 76 12
2 11
19 67
64 8 66 37 68 4 27 38 51 95 97
8 11
39 43 15 66 38 82 24 35
45 99 17 73 62 35 22 14 59 42 32
14 4
85 9 61 93 15 32 72 34 72 71 88 89 5 64
98 60 85 8
14 13
47 68 76 100 62 50 58 76 20 37 7 22 99 85
53 40 67 72 88 3 34 80 54 29 10 15 21
20 11
4 56 62 90 17 74 3 87 36 80 46 53 68 80 16 57 42 81 31 94
6 68 9 27 62 54 58 47 70 19 66
4 7
37 96 81 67
51 16 76 30 38 22 69
16 4
72 25 49 84 52 16 36 87 76 88 69 34 17 23 63 17
48 44 22 77
16 7
22 27 66 41 30 12 11 24 46 15 17 85 97 86 79 5
64 5 85 99 85 24 16
6 9
90 64 20 43 81 37
36 94 3 9 4 71 60 5 55
9 9
28 64 11 23 38 26 93 46 46
86 7 90 77 24 44 42 17 31
17 8
43 20 4 34 89 35 25 16 1 73 69 27 83 27 13 23 83
6 67 26 9 13 86 32 83
2 17
93 27
93 80 62 54 83 91 36 23 80 73 19 77 63 34 4 8 77
5 19
65 73 83 98 85
18 34 28 15 7 75 91 39 78 33 51 95 26 35 41 29 54 42 33
15 11
56 12 66 42 90 98 72 59 39 17 35 83 11 16 35
35 18 25 44 47 74 80 81 84 68 90
18 14
48 10 67 83 56 59 66 82 13 93 73 5 97 7 66 7 50 35
49 31 22 22 18 79 65 88 36 81 71 73 19 50
19 15
43 46 45 70 3 37 44 50 59 58 13 16 41 10 82 58 68 49 8
82 25 74 21 95 33 26 27 4 5 1 99 59 93 68
15 4
4 88 25 35 66 90 5 25 23 97 71 55 53 11 11
46 57 52 19
9 10
18 24 63 5 31 45 42 44 46
62 85 44 46 91 39 14 13 87 45
17 2
50 76 18 88 95 85 19 58 78 87 9 5 54 32 46 12 72
65 76
3 11
85 96 63
62 66 64 52 50 92 57 43 53 20 53
9 16
7 34 38 70 4 69 15 74 93
49 9 9 83 2 15 33 13 54 72 83 29 14 54 10 87
2 12
54 96
17 48 6 88 22 26 7 48 11 48 7 25
8 17
34 47 72 66 12 36 84 87
93 66 66 87 52 28 96 79 96 50 39 83 58 8 24 10 89
8 13
37 57 21 33 8 45 24 60
29 81 74 5 26 76 64 52 27 22 45 39 2
12 20
17 46 83 12 75 92 41 74 41 85 12 71
7 62 5 15 17 54 78 87 62 100 96 44 90 3 50 90 76 12 52 41
17 15
90 19 7 18 86 52 51 36 33 17 58 64 50 82 88 55 85
28 49 82 22 63 18 18 20 49 90 85 74 25 78 28
9 13
88 91 52 17 9 87 51 54 51
33 29 24 8 92 49 36 61 39 61 66 55 52
2 16
5 30
33 57 9 48 34 27 98 12 8 78 97 48 42 86 5 77
4 9
89 87 7 79
34 63 53 32 29 37 94 46 94
6 6
80 32 19 20 92 18
83 96 41 74 21 86
18 8
56 25 58 55 2 46 61 72 42 14 21 21 98 27 55 71 37 47
74 65 17 7 88 19 86 26
12 8
46 24 45 64 15 24 9 94 100 89 7 80
32 5 54 30 90 21 47 70
11 2
71 19 79 20 31 41 36 74 18 7 1
55 35
6 9
87 16 39 73 63 36
9 98 13 98 84 81 37 31 47
20 14
24 82 88 30 29 21 9 2 16 56 64 43 100 29 86 100 59 25 54 89
8 67 63 62 17 23 59 13 70 28 57 76 32 71
8 5
15 90 26 92 77 14 50 16
97 9 62 86 12
16 2
81 3 6 3 76 75 84 45 35 20 91 73 39 19 97 99
53 12
4 2
91 72 73 35
3 24
14 18
9 65 17 41 62 66 51 43 12 45 41 18 55 74
67 76 14 77 48 74 79 88 19 73 35 56 93 16 27 3 61 25
6 5
67 87 44 16 13 65
68 29 17 66 95
14 16
99 52 95 72 64 61 24 80 47 16 18 99 23 8
58 64 79 92 24 18 41 83 13 72 47 87 17 93 81 5
14 10
85 50 68 2 73 42 11 73 89 11 4 66 54 26
35 98 40 83 26 82 86 12 9 12
16 2
69 50 80 24 93 70 82 90 44 5 98 51 1 16 90 91
73 70
9 14
84 64 21 87 100 27 6 50 41
42 29 50 43 41 89 12 96 27 22 83 35 69 97
9 10
21 14 96 37 48 6 19 80 75
93 72 17 70 29 45 84 61 97 36
9 17
63 18 46 97 6 53 50 18 84
89 38 26 81 87 32 30 99 13 28 48 28 19 21 58 63 10
10 1
99 59 38 26 35 100 78 21 8 44
4
13 6
54 90 73 12 50 91 10 79 28 42 22 70 31
65 83 81 43 83 30
2 8
66 85
7 24 55 49 10 85 1 85
12 9
41 97 86 35 81 67 86 33 92 18 28 93
99 86 90 34 40 81 99 89 26
9 1
22 82 75 68 55 49 26 97 60
99
14 3
2 82 54 17 19 65 18 85 31 25 85 15 74 8
85 12 60
1 2
76
84 77
7 4
38 57 40 20 21 73 85
39 1 86 81
10 2
21 24 1 31 75 58 66 76 87 22
20 28
3 16
61 28 19
15 84 78 32 4 92 55 38 48 15 62 46 46 39 6 9
11 17
20 11 21 49 15 41 52 47 62 16 20
34 25 60 37 63 44 62 69 18 42 38 69 5 40 77 100 16
8 8
11 51 58 3 64 19 18 35
16 41 12 41 49 73 83 80
12 5
95 91 15 16 27 85 96 67 51 99 76 51
71 50 25 69 62
10 17
92 8 16 45 83 8 4 3 40 91
44 76 95 87 96 58 13 5 19 15 73 71 8 25 94 95 31
16 18
34 60 79 49 66 96 79 56 21 47 6 35 3 31 25 92
32 31 87 61 32 77 84 77 93 81 54 88 60 8 100 75 85 66
14 1
26 3 50 48 47 50 14 68 5 33 64 44 19 83
57
16 20
62 38 37 16 89 10 73 19 8 1 42 48 6 82 76 63
98 75 28 75 91 60 21 25 7 84 99 39 33 24 87 98 95 1 32 36
8 6
57 23 11 80 69 76 14 76
30 49 80 97 71 32
4 3
45 53 75 45
53 48 54
8 5
32 66 62 7 78 83 20 21
68 5 48 63 22
1 7
52
56 61 24 80 54 32 40
13 11
31 84 91 58 75 14 18 32 33 3 64 41 12
99 56 42 6 45 21 97 64 59 56 61
1 20
94
85 3 45 15 6 70 19 24 14 67 73 66 74 99 46 45 84 25 91 42
6 3
67 93 37 2 81 12
11 81 6
10 14
50 80 17 42 85 24 16 63 91 69
26 20 100 39 93 26 29 64 40 79 11 23 45 75
3 8
20 94 60
45 54 36 40 40 26 8 31
6 20
93 45 18 37 28 5
12 84 56 69 71 41 5 43 31 100 50 15 32 90 91 82 97 9 55 1
17 7
6 60 2 75 25 99 21 39 73 76 55 91 28 11 67 93 32
29 26 27 66 46 89 60
8 7
58 71 15 81 32 34 38 64
95 45 17 76 24 25 92
11 7
13 69 77 8 12 1 23 37 8 43 1
87 93 87 84 33 16 29
13 20
29 60 11 25 58 95 25 14 49 99 62 28 78
67 74 46 58 71 96 57 9 74 71 99 89 47 24 13 1 4 23 5 51
2 14
52 39
14 44 20 45 88 15 19 30 99 19 94 84 6 8
15 13
33 68 80 97 5 87 54 81 100 57 39 69 82 44 16
14 23 35 40 24 38 56 43 82 91 19 23 65
10 20
18 1 66 81 94 68 59 1 76 76
65 95 18 49 15 49 98 41 24 37 44 47 17 36 16 85 1 29 5 21
20 3
59 88 81 4 94 78 7 39 96 99 8 87 7 45 65 13 33 100 47 99
30 45 30
3 6
43 68 76
85 41 91 5 20 81
16 3
83 83 17 28 37 33 51 15 37 48 49 13 45 5 35 87
30 93 32
6 13
84 37 37 13 16 47
38 7 87 81 86 72 80 7 36 31 77 93 82
5 19
1 4 74 6 41
95 70 42 91 79 82 85 7 26 19 22 44 79 75 55 7 51 72 47
15 19
2 30 15 32 5 96 95 46 5 18 91 38 36 93 23
36 88 53 86 98 82 7 59 91 88 87 94 84 4 35 48 6 23 57
7 10
75 85 3 92 85 13 71
48 23 8 57 37 67 48 42 61 31
15 15
54 35 62 75 52 2 65 34 68 89 20 19 31 58 53
39 56 74 56 53 94 100 30 15 72 52 62 63 31 80
3 8
12 3 72
53 83 65 78 85 13 76 14
1 3
38
57 97 72
5 17
75 79 1 63 43
39 42 76 78 57 23 34 22 30 80 45 56 74 37 43 18 77
1 3
29
78 84 83
4 4
76 74 79 95
28 79 61 73
9 8
74 46 20 80 82 62 46 30 60
39 11 7 4 69 54 75 49
8 19
61 52 90 65 67 91 18 16
87 7 94 25 100 63 34 17 74 63 58 34 58 69 60 53 47 11 8
1 19
39
94 63 14 62 64 52 74 62 93 46 70 43 35 82 84 14 73 96 19
13 18
95 29 96 100 61 5 15 22 33 46 54 87 72
35 76 69 51 65 41 63 76 32 4 66 17 46 33 24 72 90 96
20 1
95 16 68 3 87 49 47 83 48 3 20 6 54 24 61 76 59 2 20 36
93
18 17
45 60 90 30 65 62 21 14 56 89 61 43 73 88 96 60 81 46
28 99 58 45 42 72 38 60 80 88 77 62 58 88 27 1 81
19 15
48 51 3 61 58 48 25 77 36 92 44 17 79 87 98 7 47 76 99
65 85 79 16 16 90 83 89 5 82 96 15 23 58 94
12 18
30 24 14 82 100 50 27 34 58 35 24 82
9 68 9 57 25 51 11 43 97 5 90 49 9 21 47 28 55 46
7 2
53 37 98 16 75 20 57
33 94
1 17
61
81 77 86 75 16 89 61 96 80 56 58 6 20 79 58 38 15
4 2
94 48 7 78
67 9
12 3
76 28 35 78 74 93 59 83 26 46 60 82
82 61 69
17 8
10 38 8 81 43 43 76 51 34 3 9 68 78 98 56 45 6
31 58 60 64 87 58 26 27
20 15
42 26 27 76 68 55 58 78 98 21 3 69 86 35 23 83 2 82 20 92
7 55 40 61 27 31 91 21 100 4 29 55 82 86 2
9 20
12 32 14 28 27 76 58 46 91
13 21 25 62 88 75 91 15 58 79 60 8 69 59 94 64 36 38 12 50
6 18
74 8 59 58 15 9
35 94 36 7 33 5 26 57 37 2 23 66 10 56 2 85 37 9
2 11
40 32
35 45 60 7 82 79 31 65 19 53 67
1 10
70
9 77 100 64 71 52 85 1 63 29
13 17
5 53 76 74 13 42 47 83 2 14 82 33 97
60 49 29 28 83 30 44 43 81 19 73 38 33 4 3 97 45
13 12
67 29 98 100 15 42 1 16 66 81 76 95 79
97 92 100 30 77 75 41 94 39 95 14 63
6 17
84 92 100 34 95 30
65 2 17 27 15 24 64 68 59 67 36 75 82 60 82 38 69
13 2
98 5 12 78 89 45 66 5 73 23 13 45 66
83 75
9 4
34 84 8 34 24 3 96 57 39
98 48 59 50
1 2
64
22 19
1 12
24
9 45 87 13 53 34 75 25 25 29 74 61
1 7
94
25 49 15 67 54 20 32
17 5
98 61 11 30 91 92 12 86 41 91 34 58 35 74 18 38 32
23 53 70 52 73
3 16
19 70 95
65 72 76 72 63 36 91 67 37 96 50 94 84 83 70 10
10 9
74 78 70 5 29 34 19 44 82 25
3 99 96 92 22 97 60 25 17
19 13
64 28 35 55 93 96 9 47 44 26 81 81 63 73 27 3 52 96 65
71 53 18 57 61 74 84 68 38 7 38 8 54
18 18
2 39 41 88 17 60 19 48 14 91 70 36 14 11 39 35 91 87
34 31 91 29 69 16 91 8 22 3 54 18 26 7 91 87 11 3
10 12
75 10 32 32 50 78 67 79 96 46
71 74 68 16 7 17 54 88 84 61 34 74
9 2
83 80 34 65 5 94 1 35 44
68 64
13 19
19 44 86 1 44 12 73 55 92 12 87 24 75
23 57 28 29 9 24 38 48 21 27 17 95 80 13 15 84 1 41 13
20 11
48 64 82 86 34 32 11 42 5 35 13 18 1 39 31 67 90 77 71 30
13 34 36 53 59 14 4 31 60 64 87
19 14
20 58 97 63 74 42 10 59 72 74 63 55 71 96 49 43 50 41 48
73 93 92 84 92 43 91 38 78 5 58 73 75 98
18 2
67 37 71 39 79 42 43 45 69 56 69 86 40 12 2 95 29 81
92 79
4 18
57 70 60 71
28 20 99 80 33 44 23 61 76 53 91 40 71 4 54 15 29 3
3 15
15 68 80
78 70 80 80 89 63 64 1 66 2 16 82 24 48 51
13 14
85 60 78 61 74 68 67 3 48 65 78 80 59
1 46 32 100 41 91 2 12 83 25 79 71 57 52
5 1
51 95 41 44 64
13
18 4
30 31 64 54 29 100 45 78 32 72 79 81 33 56 36 40 28 4
81 95 71 34
4 2
21 61 41 7
78 86
9 10
77 22 34 88 78 78 92 93 9
1 32 42 29 2 88 31 61 39 16
2 15
91 75
94 76 25 47 85 41 11 85 91 77 28 62 29 13 26
9 6
74 69 10 21 31 10 52 18 76
33 72 32 56 95 36
5 20
73 45 74 81 51
42 15 2 29 95 85 60 46 18 91 33 64 97 96 73 62 58 11 32 82
5 18
2 11 35 68 97
8 89 47 75 2 65 6 45 90 93 36 97 45 1 48 33 11 21
18 18
65 29 84 5 50 4 7 81 62 98 86 12 66 42 47 98 33 40
69 73 50 100 70 7 100 93 27 6 9 59 48 55 11 98 97 32
18 8
99 94 52 3 79 36 95 100 54 78 15 9 3 38 17 37 68 98
41 66 66 16 62 86 32 38
4 7
40 40 33 85
98 44 17 32 63 85 84
8 8
71 20 51 68 25 24 63 17
47 6 49 40 56 78 94 52
10 1
70 15 89 3 72 41 43 97 52 51
71
16 13
25 25 12 39 37 52 54 6 34 69 82 13 93 85 25 84
99 19 69 22 77 59 44 96 91 40 5 64 26
15 19
19 22 17 88 76 80 65 91 2 1 8 82 50 17 31
32 98 74 13 12 51 14 23 93 1 80 85 48 34 100 55 61 98 86
2 11
74 39
79 71 40 92 48 65 48 45 75 6 10
19 17
27 30 31 83 29 71 17 48 27 29 37 14 71 91 69 80 1 49 89
23 46 47 26 70 62 8 28 92 48 15 96 30 13 30 47 81
8 18
68 53 100 45 70 21 48 48
48 48 38 73 71 23 49 23 11 89 4 36 22 74 40 74 36 100
17 11
82 21 90 67 79 94 61 30 14 18 44 60 50 85 95 91 67
37 75 48 24 65 28 22 16 45 60 46
20 19
46 17 72 9 100 93 86 89 33 53 57 63 52 8 15 59 55 38 35 32
84 75 56 6 12 34 45 5 3 22 66 60 65 77 98 23 69 72 71
9 4
89 59 99 50 29 11 26 38 66
11 89 65 83
15 17
18 86 81 15 29 45 60 10 24 42 66 6 5 53 20
90 7 2 49 83 20 76 6 51 80 96 33 55 45 4 93 32
9 8
84 22 87 32 69 81 78 84 90
74 32 27 60 20 80 4 58
4 5
96 25 88 62
38 83 77 60 78
7 10
98 15 70 14 32 57 30
1 39 11 10 92 39 66 23 76 29
16 6
95 18 10 15 71 50 54 63 18 78 70 40 12 39 47 100
48 88 75 57 87 11
8 4
99 93 50 73 65 54 33 77
79 61 40 8
8 14
12 88 75 83 90 48 11 67
9 53 82 39 82 84 42 27 50 14 51 14 71 27
7 1
23 100 13 80 36 49 97
14
6 7
62 44 13 63 20 90
76 65 74 90 18 78 98
18 5
87 80 22 2 56 7 84 98 34 15 99 61 21 68 72 46 26 94
96 64 78 90 4
4 17
28 95 36 64
15 48 49 75 3 94 50 32 3 50 55 31 75 28 71 20 72
14 11
8 7 3 49 99 58 82 49 31 50 40 63 48 90
66 63 43 50 85 51 95 33 3 33 71
4 5
35 30 33 35
73 73 97 78 82
4 14
83 31 25 70
1 15 28 14 55 81 26 63 47 34 50 73 100 48
11 19
45 96 31 4 44 32 69 57 79 22 65
72 51 63 11 27 64 37 71 55 98 70 88 30 40 18 64 57 12 49
5 18
68 6 44 55 87
37 69 50 36 18 56 7 62 24 71 93 19 51 38 81 22 83 17
13 13
15 45 43 75 94 96 63 50 29 80 80 18 15
8 72 29 52 39 51 25 82 67 29 17 11 11
13 12
73 29 18 49 45 58 18 25 45 57 25 96 90
27 79 84 10 10 87 68 30 53 73 43 98
18 17
50 56 28 26 70 93 1 4 36 96 65 86 18 77 93 61 1 63
98 66 29 59 75 16 11 3 19 68 56 91 96 11 63 3 88
16 19
38 8 95 54 65 4 91 95 71 61 53 29 91 84 75 34
4 28 26 61 88 79 92 60 93 21 15 3 27 80 19 19 53 43 12
4 11
67 34 51 49
80 67 68 47 1 21 42 99 8 37 10
19 15
41 48 48 22 3 98 83 22 24 94 96 76 62 92 50 28 10 70 61
71 10 11 44 13 60 61 64 67 30 55 26 70 48 7
17 18
21 92 18 40 10 9 69 61 97 37 95 73 23 33 6 36 71
17 7 96 9 71 85 38 99 18 84 88 80 5 74 65 100 2 97
9 9
43 83 89 97 20 69 69 54 95
17 5 32 70 23 19 39 9 100
7 18
29 58 50 97 38 17 72
24 94 22 94 29 32 31 68 43 63 44 68 9 44 100 53 51 91
17 1
22 2 8 88 82 48 70 63 87 59 66 18 73 35 64 17 63
81
15 3
29 56 52 22 66 60 53 5 23 22 3 86 46 22 61
80 64 49
10 7
15 27 39 83 4 98 11 32 26 61
93 85 49 74 57 88 68
4 11
43 41 9 19
55 51 29 3 84 98 50 41 98 63 86
14 15
92 20 87 70 62 59 28 82 7 30 52 57 88 34
43 5 87 31 12 63 14 4 91 10 70 46 48 13 46
4 18
54 61 18 85
24 11 26 88 98 61 26 40 9 9 52 31 26 23 33 98 90 30
17 20
40 79 61 33 86 1 74 47 61 32 15 60 28 46 3 54 97
9 96 81 1 19 34 17 75 36 5 54 56 55 31 98 21 70 68 38 80
13 7
82 83 76 8 64 64 42 88 65 76 58 91 48
75 62 38 69 86 30 53
15 17
46 95 34 70 26 49 22 52 35 27 6 64 49 31 14
59 79 20 77 62 64 60 16 89 74 86 1 57 82 73 69 10
18 18
79 17 63 70 26 59 98 43 99 61 75 66 100 90 97 15 46 24
64 100 33 94 48 93 95 95 43 7 92 62 15 97 28 4 69 27
16 14
11 21 65 64 54 80 40 51 5 77 69 72 61 64 99 87
55 23 42 8 53 97 53 77 53 87 32 47 76 54
6 8
48 11 4 79 75 73
93 4 74 95 5 96 91 99
18 19
91 1 10 53 80 14 62 40 28 25 84 60 13 5 47 98 15 36
29 90 57 78 96 12 68 92 14 99 62 66 71 49 100 86 55 29 21
10 5
22 37 53 82 29 39 99 88 82 79
33 87 91 44 34
7 12
16 88 84 29 95 27 57
44 35 14 38 92 51 69 66 55 31 53 81
13 6
12 11 26 68 64 75 16 17 25 56 62 96 4
72 31 80 88 52 37
15 5
66 6 90 48 99 3 26 16 37 12 34 20 50 9 35
27 51 28 74 75
19 20
34 51 41 19 11 20 57 70 68 95 27 4 38 74 10 98 63 3 95
82 16 40 68 35 79 77 73 59 25 85 50 13 37 80 23 92 48 52 47
10 19
97 89 93 12 87 6 37 9 28 61
96 59 51 58 61 72 75 12 61 38 49 99 90 70 70 74 87 85 86
14 13
94 94 81 37 83 63 36 87 60 89 81 17 83 69
46 50 78 59 80 31 67 85 41 41 39 74 87
17 12
48 98 59 87 38 86 60 99 75 86 16 100 29 38 81 72 31
34 26 70 35 22 92 30 13 48 36 66 86
20 11
56 77 23 85 70 78 16 47 72 18 74 73 21 84 53 60 95 12 37 65
95 94 96 36 30 87 68 86 78 41 84
16 9
98 38 74 81 73 83 81 31 88 35 49 96 23 1 63 67
12 16 52 13 5 96 20 63 57
2 20
32 75
20 52 56 1 46 46 6 63 36 66 79 50 1 4 88 13 6 65 20 31
17 2
40 86 10 87 46 70 25 20 78 64 6 44 80 76 63 18 100
68 42
2 4
6 73
2 50 18 32
2 7
13 62
71 53 27 60 69 61 10
9 8
54 1 16 35 41 66 2 4 95
28 89 82 38 74 50 48 96
10 15
70 46 91 42 11 14 95 48 26 78
22 14 63 99 37 64 5 71 64 62 26 11 84 49 25
18 5
24 16 64 78 100 6 11 12 66 6 78 71 33 18 17 61 41 26
30 40 10 74 19
4 7
71 69 11 11
3 91 12 83 16 21 5
10 13
85 100 32 45 6 49 79 86 4 11
81 23 37 35 56 15 59 44 21 20 24 86 54
8 13
30 68 72 47 47 13 3 45
40 30 51 27 7 67 45 41 20 10 76 70 33
20 10
89 91 68 92 88 71 90 5 84 46 9 22 51 100 86 77 85 91 35 69
50 33 40 83 87 1 25 29 88 77
13 5
89 70 41 3 98 96 76 16 57 63 96 80 79
89 3 49 31 57
4 13
10 93 34 49
22 40 64 20 92 10 88 96 33 71 87 73 64
16 2
40 59 30 45 73 53 84 98 25 51 66 82 89 64 57 73
1 42
15 13
67 76 1 83 25 15 96 6 26 100 95 90 18 98 41
70 45 57 28 51 88 27 46 14 60 14 59 58
1 8
34
80 12 46 8 72 46 66 36
7 11
50 34 3 52 74 83 53
69 17 62 8 31 37 74 39 98 14 54
15 5
55 63 55 94 37 30 78 50 70 100 61 99 8 83 78
64 88 100 81 23
3 3
67 76 56
85 46 48
7 7
86 99 23 40 32 30 6
35 66 41 88 2 40 26
12 8
61 80 30 16 94 65 18 32 51 97 68 19
41 33 97 48 51 17 89 92
14 14
87 31 10 36 51 28 80 48 17 9 86 8 47 24
33 91 18 84 64 49 89 29 82 69 57 76 40 98
12 19
9 84 10 79 32 18 59 5 49 54 91 96
48 26 60 7 29 59 92 76 90 37 48 17 36 36 78 59 19 90 100
14 9
83 42 58 83 55 44 26 60 3 30 3 84 28 19
77 42 35 62 94 90 23 96 17
20 7
20 17 99 9 57 88 27 40 40 68 31 31 11 21 40 59 15 33 56 33
42 94 8 10 38 44 87
5 1
97 88 77 55 67
24
8 3
65 62 45 22 6 57 99 14
48 61 27
5 18
26 22 19 31 84
56 64 65 93 55 47 27 70 46 84 16 23 86 95 69 90 4 30
6 8
57 4 78 56 85 92
51 73 81 18 11 25 66 2
10 5
91 99 9 69 46 18 8 95 67 76
97 35 72 87 86
4 15
10 64 23 15
81 47 14 68 5 50 55 34 62 61 89 67 100 94 10
14 5
43 40 16 2 4 74 6 18 6 25 69 53 52 96
93 98 38 84 46
10 9
62 98 67 96 27 18 38 50 3 64
5 66 22 44 78 82 34 92 89
8 20
1 18 80 31 65 61 72 58
60 24 30 14 34 13 46 19 88 9 58 34 34 39 56 97 34 18 79 75
8 6
22 44 33 36 31 26 1 81
17 71 36 88 39 68
16 1
7 55 73 66 8 50 76 53 37 58 69 68 23 58 49 61
59
9 4
23 1 79 20 71 94 20 24 80
39 95 34 74
16 9
58 72 66 20 40 42 57 24 86 20 47 61 100 48 99 55
58 12 87 49 10 50 78 35 23
10 19
28 27 36 92 48 78 31 100 2 16
19 29 79 99 84 30 90 91 41 86 11 12 22 64 12 35 6 61 83
9 9
50 85 99 63 19 24 13 92 68
74 75 73 36 76 63 30 53 56
12 6
21 80 41 77 28 73 72 3 68 36 51 42
95 52 35 47 37 1
19 13
88 35 26 33 42 94 46 21 62 16 42 42 75 86 65 77 27 14 4
37 26 38 20 51 89 84 97 61 91 24 77 20
7 6
43 18 75 5 9 9 83
49 26 22 64 97 72
3 2
41 71 5
19 34
4 14
33 53 71 16
100 68 26 96 33 73 88 41 52 69 26 19 55 3
6 20
41 98 62 69 68 66
22 34 39 79 35 78 33 44 89 88 96 49 18 58 87 18 88 36 4 35
19 9
94 14 32 66 8 7 16 22 33 23 23 52 79 45 86 40 56 84 81
86 95 76 69 41 39 48 63 25
11 13
43 5 45 46 7 27 43 38 25 51 69
62 64 47 25 36 64 6 82 41 53 21 62 44
12 12
7 52 82 55 41 89 79 70 35 20 44 88
94 91 98 37 53 70 20 8 27 41 85 90
19 3
24 81 7 96 6 22 47 60 44 10 39 83 90 45 48 39 1 91 39
88 53 21
16 15
80 50 93 67 57 83 84 67 34 70 21 39 83 32 93 66
89 83 100 81 64 25 24 31 93 71 36 87 60 46 14
18 14
77 53 82 5 58 60 28 20 68 29 34 16 24 11 5 21 37 12
89 25 22 20 44 32 88 16 51 86 60 23 13 80
14 9
74 36 1 47 22 20 64 64 99 27 77 100 42 65
48 56 38 29 16 18 39 58 70
7 13
91 52 76 18 54 63 36
40 86 2 2 13 20 1 75 29 54 91 88 87
3 4
18 24 37
91 64 31 64
2 17
19 32
25 80 37 2 66 94 27 87 4 7 29 76 67 49 80 80 70
19 6
62 74 48 96 76 16 18 20 65 75 47 27 84 27 19 96 94 47 32
43 76 43 4 91 86
19 7
93 38 79 54 42 91 5 97 41 90 30 10 31 33 1 84 12 99 86
69 81 37 60 8 32 12
16 4
74 64 68 83 34 94 85 32 60 51 89 46 27 100 89 14
18 56 68 84
3 13
51 87 31
55 7 65 67 47 54 100 39 61 94 3 93 46
8 5
2 63 50 33 18 20 98 89
11 71 33 100 74
2 13
16 50
44 39 40 99 89 85 6 68 85 13 74 77 89
8 6
58 86 69 64 50 16 16 27
81 45 87 18 55 47
20 20
99 53 100 98 4 71 77 44 23 97 6 53 47 92 10 82 71 5 72 6
44 8 15 53 61 54 46 92 85 35 72 55 64 17 66 76 87 52 55 65
19 3
19 66 42 65 69 89 78 26 6 100 19 74 23 66 26 46 62 10 28
3 73 94
3 4
26 13 62
92 30 50 96
9 14
39 86 2 69 67 65 7 72 32
27 92 84 82 79 34 68 86 81 29 40 12 16 99
19 9
87 79 94 54 99 47 51 87 75 15 27 60 42 47 43 52 37 97 47
85 23 25 19 2 83 47 92 89
9 8
93 29 49 98 23 17 15 47 52
22 13 18 17 21 72 90 48
15 8
93 95 80 99 75 99 73 30 68 98 73 84 5 89 100
41 87 18 59 92 99 55 49
17 13
5 41 8 5 70 22 96 33 76 14 93 24 92 83 18 92 4
57 60 73 33 46 33 57 58 72 30 10 51 67
2 11
78 20
40 79 34 7 29 79 55 35 24 61 75
12 16
80 100 16 53 9 87 67 47 1 15 21 70
76 80 20 20 28 77 55 82 76 62 24 32 73 58 15 44
5 7
97 67 30 13 30
64 64 27 59 2 44 49
13 6
62 95 88 68 8 28 37 93 8 44 100 87 82
51 14 85 92 28 29
7 1
27 27 31 90 75 83 87
47
1 8
57
87 38 28 56 68 89 98 14
16 15
64 100 83 22 61 84 6 74 72 28 10 59 64 48 19 97
26 92 69 10 82 44 95 71 39 62 43 11 86 19 95
8 2
3 19 5 79 100 32 38 23
23 2
12 8
31 67 36 41 3 23 64 56 44 86 94 17
29 21 3 49 14 25 5 60
6 18
26 57 85 49 67 80
59 86 46 43 62 91 56 50 7 23 15 33 82 20 29 86 58 62
20 8
26 98 20 26 79 72 64 9 40 49 5 93 88 41 73 53 19 50 81 23
45 27 20 73 49 6 82 75
12 3
85 38 72 70 76 46 5 53 47 89 35 4
8 42 94
7 17
51 77 8 28 79 16 94
38 45 70 95 8 34 75 83 77 35 94 66 17 6 76 54 28
16 8
23 89 93 6 73 3 32 72 21 40 26 27 61 89 7 15
3 91 66 95 90 61 52 50
9 4
44 25 78 33 14 50 97 27 80
38 10 90 64
5 6
53 73 65 26 5
49 50 35 12 44 60
16 11
64 35 44 36 87 63 13 100 92 50 2 2 18 69 18 3
71 50 58 76 46 27 19 31 66 14 74
2 17
79 58
58 82 18 69 41 80 42 88 44 57 55 38 62 43 8 33 40
2 5
73 75
7 79 63 10 91
19 16
33 90 11 71 86 17 69 38 23 61 90 13 90 45 44 58 20 43 28
48 47 44 42 64 92 100 72 59 58 10 58 93 33 34 88
15 19
42 6 58 83 41 47 94 49 84 96 61 31 63 94 73
79 89 99 65 82 39 94 13 91 9 82 69 58 74 3 87 98 75 56
9 16
80 42 87 29 3 8 59 79 10
37 62 28 73 30 90 42 70 61 87 42 48 31 61 37 36
18 5
90 39 100 36 38 62 90 78 38 96 78 32 60 60 34 27 63 53
2 55 11 8 34
20 1
9 37 32 93 86 95 51 91 54 72 62 33 24 92 97 56 1 49 73 35
82
15 14
15 100 51 26 45 93 12 80 55 82 37 30 82 63 70
100 81 45 70 55 93 25 50 47 8 2 41 37 19
18 14
61 60 54 14 49 96 94 47 76 37 58 89 100 37 100 97 9 25
18 65 7 83 57 82 28 65 77 62 40 100 10 6
15 18
7 61 35 88 94 91 91 37 41 79 25 17 47 82 64
30 15 38 67 6 16 75 85 35 12 5 34 10 90 92 32 81 64
18 8
94 45 9 33 89 71 71 5 46 54 52 87 16 84 19 90 79 71
69 48 75 54 41 68 26 20
14 13
22 55 65 100 37 83 8 34 12 21 39 8 64 64
47 49 40 39 26 88 76 45 85 55 12 23 34
1 3
70
78 29 56
11 4
100 5 100 24 71 23 98 25 90 79 29
75 99 100 10
10 1
27 38 65 21 70 40 73 1 33 63
71
8 8
9 41 55 38 45 53 71 35
14 84 68 32 50 97 47 34
4 12
2 63 86 60
47 89 96 92 44 21 23 73 10 72 51 39
13 13
57 36 90 17 81 97 25 74 66 16 87 65 93
66 1 77 50 19 68 85 99 33 27 13 78 77
16 6
75 14 18 57 12 84 76 68 40 66 21 17 21 44 43 26
70 42 28 23 37 91
12 7
37 27 41 87 61 70 36 65 76 15 7 82
55 45 38 13 90 81 13
18 7
30 37 67 9 7 99 11 15 97 75 42 39 39 26 34 91 12 48
17 63 80 39 37 53 19
7 10
71 65 76 48 65 84 67
54 56 26 16 72 96 72 89 50 91
11 18
19 60 39 12 47 74 3 18 76 58 11
95 45 40 90 70 51 50 20 64 15 55 57 85 22 49 76 67 16
8 5
10 64 13 4 18 86 67 44
73 57 66 92 62
9 3
57 7 51 2 30 100 56 32 66
29 42 49
10 8
22 47 61 25 51 92 42 8 82 33
13 58 100 82 62 37 95 58
1 11
1
69 20 63 95 93 36 13 79 44 77 80
10 1
85 39 67 11 1 69 43 41 80 35
19
20 2
15 77 48 78 87 87 96 40 98 31 85 60 23 49 74 45 64 88 51 91
32 49
10 13
93 41 36 76 60 52 70 18 64 9
70 16 42 3 73 13 60 96 44 64 13 8 68
2 18
94 24
6 69 11 3 87 89 21 31 77 95 78 80 84 12 10 86 36 8
17 15
71 97 82 79 46 38 37 1 81 32 34 81 18 29 71 40 70
92 70 97 52 70 29 28 83 32 49 82 64 22 47 91
19 17
78 80 17 42 83 41 76 30 59 72 79 72 80 16 18 74 49 71 35
36 81 48 92 62 80 14 74 23 7 22 43 57 7 81 14 82
14 12
9 42 65 63 86 94 19 47 67 79 28 83 40 45
15 63 37 81 85 100 66 87 8 49 29 60
1 13
71
13 58 27 84 26 9 45 34 8 10 1 50 68
1 15
87
73 94 69 32 58 23 50 94 78 18 79 4 62 4 9
10 7
7 5 39 29 5 2 43 17 95 47
41 79 79 54 86 5 30
19 20
86 47 35 88 4 86 57 57 75 13 12 58 12 98 98 40 11 87 83
93 9 41 92 23 94 6 57 63 8 4 3 54 46 47 91 39 58 82 9
3 12
11 86 64
57 22 31 14 16 98 31 41 72 89 60 73
17 7
14 17 34 82 87 36 69 33 74 63 19 100 49 2 60 70 35
62 80 48 54 97 85 63
10 14
47 73 28 69 58 65 7 72 40 78
59 100 72 72 49 81 7 16 60 50 83 70 3 70
20 18
81 58 97 45 8 24 13 99 22 41 7 40 91 21 100 24 53 42 77 64
19 48 63 76 59 59 34 32 59 23 98 42 71 72 12 56 81 68
14 18
92 51 63 40 79 46 16 82 47 24 46 10 36 88
46 38 60 74 63 75 62 30 83 31 97 63 11 80 2 80 26 19
10 7
94 22 57 53 67 58 88 28 38 45
60 85 76 9 93 90 96
