991
20 1
56 50 5 7 17 29 30 54 66 72 26 35 21 92 39 2 70 63 72 88
66
1 20
8
65 77 13 83 80 61 86 38 32 73 29 80 94 20 86 30 81 79 42 93
15 8
68 75 56 89 72 35 88 86 11 64 29 7 4 10 40
83 47 16 48 66 76 51 82
4 8
26 47 63 81
36 28 38 61 90 32 48 19
10 2
65 37 21 9 37 67 45 10 23 63
80 14
8 19
91 45 41 2 20 24 21 47
17 44 44 88 38 65 25 77 51 39 49 31 79 20 61 25 38 16 4
10 4
68 99 44 60 12 96 27 83 29 15
76 98 71 28
11 3
92 23 54 65 80 74 27 83 94 59 38
100 57 15
16 14
25 4 25 39 22 84 79 47 61 47 5 9 26 69 45 98
95 30 10 44 35 92 59 87 8 17 86 32 22 27
2 1
73 14
93
11 7
88 63 84 40 28 85 25 68 23 15 5
21 39 66 76 74 84 10
13 13
77 18 5 62 67 71 10 45 37 49 4 96 99
74 83 38 95 36 99 38 63 23 38 10 4 49
2 12
45 61
73 81 14 49 99 12 98 23 35 76 25 35
6 11
2 32 19 68 63 79
49 6 48 31 85 94 23 16 53 77 43
6 1
16 76 43 38 27 13
55
18 14
99 53 54 66 27 61 60 25 67 4 45 74 14 78 60 46 83 61
13 90 66 59 3 31 48 88 74 100 58 2 26 39
14 19
46 89 53 22 30 41 22 29 18 73 13 29 73 41
13 46 78 22 43 40 50 32 85 25 24 85 32 60 40 8 74 67 32
6 16
61 94 36 13 66 68
71 18 50 11 59 64 74 13 21 93 51 2 37 27 32 15
9 11
69 18 32 19 91 12 19 17 20
3 19 18 21 8 77 39 15 18 97 8
17 17
75 32 66 60 66 46 76 11 4 63 77 70 23 85 97 64 67
26 99 73 29 83 76 49 94 74 23 58 73 53 52 42 89 96
16 7
77 66 10 73 50 69 37 87 69 73 40 90 62 41 12 17
74 3 6 23 26 55 35
8 9
39 85 40 18 54 13 63 68
8 19 35 16 20 20 58 66 98
5 5
36 50 57 97 2
3 3 26 9 84
9 3
60 71 2 12 6 73 17 96 74
75 72 51
17 12
54 21 19 77 18 73 78 67 65 3 78 49 39 35 99 99 83
47 67 40 75 61 9 13 49 87 19 63 88
5 9
49 36 14 31 8
14 79 47 6 8 78 53 96 43
9 5
79 32 9 53 58 30 67 40 62
36 63 36 1 36
7 16
100 60 92 59 65 65 22
71 98 83 7 95 96 14 48 42 56 61 4 62 5 69 2
10 5
78 40 15 76 74 99 35 28 16 52
9 71 35 42 47
15 17
29 8 89 56 84 22 39 40 100 14 94 63 71 15 33
67 66 62 28 12 64 17 1 72 12 7 39 49 99 18 65 42
16 13
40 90 42 50 35 95 77 37 100 72 25 51 94 72 1 57
1 53 14 22 72 38 70 92 3 58 29 4 65
6 8
61 16 42 81 85 68
45 71 8 83 77 44 67 48
4 10
6 67 50 45
2 95 36 85 52 57 6 85 97 2
18 13
80 45 14 69 47 86 90 51 66 16 37 89 74 44 19 80 27 99
49 98 62 60 61 74 100 92 77 26 89 76 45
12 10
51 18 78 52 38 55 88 7 89 52 42 80
85 46 28 79 80 52 20 41 6 29
19 15
76 12 45 85 44 31 20 44 55 96 65 85 42 43 66 87 20 18 93
1 19 7 36 78 23 98 59 7 10 45 82 33 18 62
8 4
61 24 5 49 80 10 88 40
48 82 90 59
1 19
81
10 46 48 90 53 6 27 8 53 14 51 38 74 97 79 93 86 67 84
7 1
86 91 69 91 80 76 47
66
18 16
67 30 71 40 9 26 55 60 33 85 8 69 8 3 25 67 59 32
62 48 63 60 45 15 56 54 20 54 73 96 9 68 41 17
8 4
93 75 41 28 84 53 83 91
54 99 66 83
14 16
2 15 20 47 82 78 11 99 66 7 32 30 77 87
93 95 36 91 3 8 92 23 37 64 40 79 42 50 81 74
11 4
16 74 50 81 40 17 56 20 13 83 80
70 78 34 2
13 12
64 10 39 57 45 22 99 46 47 15 84 97 52
16 76 75 99 78 58 71 55 22 12 21 38
10 10
92 100 97 97 50 6 90 6 58 31
53 44 60 26 66 14 66 21 99 54
3 12
82 86 11
60 78 43 95 33 61 10 96 69 84 81 84
2 3
20 13
24 9 93
13 12
89 18 48 34 16 68 17 64 44 78 89 29 78
86 6 19 21 44 29 21 89 13 28 70 50
17 14
92 66 17 22 6 62 38 63 22 45 57 7 95 59 69 84 4
92 12 30 60 51 22 7 45 68 23 10 69 42 46
19 15
57 85 89 74 28 34 56 89 32 17 3 50 76 75 4 63 75 93 47
76 2 55 43 19 39 73 68 7 71 9 42 2 20 16
13 6
16 8 94 51 80 44 57 56 46 56 45 82 28
37 86 24 62 47 67
5 12
86 84 12 17 28
30 95 77 33 46 74 76 94 58 57 25 95
3 17
92 33 48
23 53 65 5 31 47 42 25 87 21 59 17 57 32 31 75 73
19 19
48 60 22 75 22 18 8 17 91 21 49 81 8 88 72 31 62 33 49
5 57 31 89 2 60 5 61 8 34 33 43 75 80 34 69 12 64 78
20 6
92 65 26 100 41 4 84 13 53 38 53 47 33 7 81 45 31 72 35 65
93 44 20 35 89 95
10 7
31 41 45 43 34 11 41 78 39 39
85 63 56 99 34 92 63
18 19
19 76 14 39 73 14 7 58 62 71 55 55 62 88 52 3 83 70
57 45 96 3 41 32 47 97 75 76 93 34 40 94 61 38 76 47 44
9 9
73 12 54 30 94 32 97 62 31
58 74 11 54 41 40 15 36 59
3 14
28 56 10
6 90 25 82 85 37 87 4 35 77 89 55 33 74
5 4
19 43 92 24 91
60 69 2 92
9 18
94 72 37 59 51 26 15 81 98
65 12 68 13 47 95 98 21 59 51 54 48 16 21 65 40 95 20
17 9
68 75 8 99 74 31 1 86 6 62 4 16 21 20 53 11 95
22 22 12 68 34 74 45 51 1
10 16
82 69 27 70 24 67 10 41 43 14
15 22 58 58 99 51 11 66 14 74 50 86 13 21 73 46
5 20
78 17 2 38 68
27 33 32 2 72 91 92 15 6 28 7 32 35 52 56 65 45 13 63 73
20 3
74 49 43 27 12 32 19 1 1 78 7 54 7 80 18 67 92 62 48 39
98 62 33
9 17
6 93 80 53 22 70 45 53 76
45 97 77 10 50 4 33 75 79 27 35 46 97 54 34 21 55
11 9
51 73 25 4 23 34 18 72 51 54 42
65 94 81 85 75 86 86 61 82
3 5
78 57 10
34 69 80 35 3
9 6
87 26 64 60 67 37 35 100 95
63 22 71 67 22 66
19 6
56 26 17 82 100 93 60 26 72 86 16 20 77 87 88 75 44 75 90
93 8 16 25 2 82
5 17
60 52 69 100 61
3 63 89 49 45 51 100 77 79 35 10 84 92 36 96 98 35
1 8
24
22 27 96 17 30 72 37 96
7 11
94 44 59 14 14 86 3
1 73 27 23 88 16 44 4 56 57 80
8 18
96 77 32 50 72 75 31 22
79 95 48 77 33 9 36 45 1 20 65 57 72 24 69 27 80 51
13 11
35 33 78 14 53 2 67 25 69 64 25 59 81
82 54 2 97 6 30 91 13 20 34 9
16 5
43 6 1 25 87 42 74 57 25 94 63 50 20 26 68 88
84 64 41 88 13
19 3
50 94 32 62 55 63 72 85 97 100 24 79 74 63 8 98 17 61 69
83 5 66
7 8
76 73 19 42 81 73 54
34 54 75 24 68 34 82 23
3 16
69 69 39
91 40 81 88 20 91 87 96 91 78 95 77 63 27 46 96
13 7
29 19 8 61 32 87 8 66 76 31 71 35 42
12 47 54 98 99 30 34
20 10
93 42 38 19 17 38 68 71 40 58 79 80 94 33 31 96 18 83 13 16
40 15 94 14 18 14 5 19 100 70
13 5
94 96 57 50 78 95 38 12 67 26 32 11 59
82 97 62 42 5
9 18
1 60 85 89 44 47 92 37 13
100 85 10 78 99 42 23 87 44 78 18 57 39 81 3 12 16 43
17 10
17 9 62 58 39 59 30 54 9 6 27 85 2 84 80 30 35
23 69 22 39 62 97 26 34 41 73
20 19
48 62 9 86 15 38 37 34 44 51 67 72 44 59 100 98 34 47 84 93
28 12 58 64 81 93 99 50 68 67 38 52 24 91 75 16 25 8 68
11 5
6 79 24 29 4 71 67 88 39 50 88
19 57 48 77 16
7 18
47 14 55 89 17 99 50
45 24 78 51 82 61 89 75 54 30 41 7 68 14 21 1 79 4
10 19
37 92 6 2 9 1 8 44 42 96
13 67 90 16 15 68 99 81 5 20 89 25 48 55 73 65 93 28 52
13 8
54 22 52 18 58 80 29 13 38 75 85 15 16
6 90 42 13 95 25 23 79
15 1
78 99 82 10 52 4 7 52 65 38 34 49 35 51 97
18
17 2
99 58 48 7 13 1 93 44 63 7 45 7 84 55 80 58 61
56 87
5 14
91 10 68 30 11
66 34 94 72 16 11 10 21 8 35 19 18 63 60
14 2
10 36 68 26 17 81 88 28 80 76 20 100 94 42
72 7
5 14
98 23 86 49 100
29 12 72 1 71 77 10 40 26 22 19 68 74 17
10 18
52 66 24 42 7 33 42 70 52 11
11 1 4 60 12 50 6 38 43 86 30 85 28 18 80 26 91 70
11 16
88 95 86 14 77 3 94 35 16 71 94
68 2 4 54 61 53 19 21 44 82 71 11 21 28 86 51
5 8
97 29 59 63 96
14 33 55 83 71 28 86 96
10 16
37 85 89 14 91 71 1 66 63 86
8 72 37 38 83 51 42 82 13 41 79 72 98 88 19 18
17 17
10 19 6 20 82 98 73 93 78 94 42 6 70 61 31 47 52
98 68 56 46 15 22 58 9 39 100 62 80 80 5 81 23 34
16 19
60 43 79 28 94 49 56 54 13 15 23 88 19 32 39 76
78 66 12 79 40 13 82 28 30 70 69 72 41 48 92 29 44 62 18
14 11
39 19 13 46 92 32 77 60 86 39 92 77 86 20
70 28 30 39 44 17 11 7 55 17 73
8 18
4 61 46 59 90 60 12 39
20 1 58 93 98 79 28 35 92 92 73 81 6 23 88 76 10 67
6 1
29 58 14 63 34 83
3
8 10
76 10 20 35 69 82 73 22
91 42 10 28 10 99 28 52 95 47
7 4
70 38 46 51 18 97 47
90 76 70 48
4 20
42 49 91 88
87 39 50 86 66 43 54 78 6 17 60 34 39 26 31 29 4 74 79 53
1 10
14
89 66 63 98 79 18 33 81 86 49
17 12
49 63 16 21 99 18 58 18 29 68 63 11 51 43 65 99 15
15 72 48 16 11 69 74 69 4 44 16 8
4 10
59 15 73 80
57 46 16 70 28 55 58 68 5 52
11 4
29 65 21 86 39 51 61 55 83 22 79
83 40 72 77
7 20
68 92 95 79 69 27 45
84 24 18 76 43 25 36 90 56 90 29 3 35 34 37 68 14 71 3 36
6 4
95 26 65 69 61 2
30 78 95 71
9 8
43 92 64 44 71 7 96 10 2
83 96 11 42 40 21 63 85
9 17
80 54 1 32 40 38 59 38 95
17 97 19 4 73 46 45 35 46 44 26 65 65 11 19 4 80
3 14
22 75 54
25 50 63 11 32 39 54 21 83 64 28 46 74 58
12 16
16 41 63 32 80 80 21 97 3 4 43 30
36 52 99 25 94 24 32 61 78 82 82 85 82 35 84 78
3 20
9 57 31
75 2 71 69 33 54 99 16 27 28 51 31 58 97 24 8 61 39 9 8
19 3
32 21 22 85 46 97 70 19 13 61 15 53 25 46 31 92 64 18 61
86 24 4
15 3
30 20 89 40 77 4 68 10 31 55 8 83 60 88 94
66 33 15
15 2
50 80 59 91 93 78 91 57 93 78 31 11 67 41 65
89 12
2 8
2 25
45 26 87 62 33 66 58 20
18 15
32 79 76 94 36 48 51 16 93 84 73 38 8 28 79 40 8 51
80 87 72 78 12 34 52 11 50 77 4 10 31 61 35
19 1
13 46 55 21 68 7 83 13 57 6 99 3 22 48 36 16 49 2 27
61
6 18
88 37 67 91 19 81
95 52 10 59 3 65 49 61 84 98 25 71 71 34 6 11 83 21
13 4
19 94 71 99 81 46 67 5 61 75 4 37 8
94 29 75 25
6 11
9 83 34 31 42 60
63 48 97 8 15 25 3 40 31 58 91
12 19
50 87 89 89 20 69 52 37 27 68 13 7
68 83 21 75 83 22 89 73 78 33 4 15 81 90 48 74 40 35 13
5 5
38 5 75 47 15
39 45 24 34 13
6 15
2 22 62 27 19 76
28 51 61 59 72 19 39 96 69 22 81 86 44 6 86
13 7
85 2 46 71 60 45 88 6 91 39 22 98 18
30 91 40 55 47 65 98
13 16
26 70 58 96 54 16 55 71 91 80 27 95 64
6 35 1 11 24 97 16 6 59 72 65 37 62 98 74 6
1 6
12
40 64 94 20 26 42
3 9
37 55 20
36 53 22 58 19 80 35 3 15
17 1
90 46 55 5 80 70 91 38 11 92 46 67 26 62 52 85 62
93
14 10
80 83 57 19 80 18 89 11 52 87 59 81 99 49
47 90 58 92 23 92 70 6 82 28
20 5
62 65 52 58 18 95 15 3 1 70 85 10 1 84 36 13 45 70 71 4
31 27 31 26 47
15 13
69 70 14 94 21 59 91 78 72 2 97 78 17 32 33
22 16 32 50 19 20 26 32 38 21 66 90 59
14 5
32 3 45 25 85 51 94 80 97 91 36 49 81 28
87 18 62 6 55
19 14
78 35 26 19 53 99 21 50 71 56 31 5 29 74 75 1 91 44 91
57 75 24 55 37 45 19 16 41 5 23 25 99 72
1 5
60
2 11 22 27 25
18 12
36 69 73 44 99 95 40 26 87 23 62 88 39 41 40 92 80 19
52 46 21 53 3 87 90 44 19 63 38 11
2 8
32 1
73 25 2 54 53 92 13 33
1 8
62
53 99 60 65 4 6 22 13
5 7
45 41 96 41 15
29 21 95 96 42 12 90
17 18
32 16 42 77 19 90 52 95 64 18 75 11 57 98 30 85 57
48 90 25 39 48 15 35 1 33 55 13 39 60 16 75 77 71 6
14 4
16 47 81 38 47 98 82 41 47 65 15 96 6 38
19 58 60 53
17 9
16 41 37 76 52 19 38 66 88 66 76 53 54 85 67 31 49
35 91 24 46 95 27 74 53 50
2 8
94 43
32 84 57 94 34 5 33 92
18 13
54 77 40 9 55 11 40 48 56 52 37 19 53 12 43 11 6 97
2 78 77 36 5 34 83 75 64 17 59 93 75
4 13
40 52 67 68
68 9 35 5 85 68 1 34 85 97 68 36 18
3 10
53 9 7
32 94 50 88 21 86 86 65 95 22
9 18
70 55 24 16 42 27 100 28 74
92 84 68 80 39 12 82 90 66 21 38 88 79 57 93 43 99 85
5 4
32 62 34 59 51
55 84 77 30
3 18
50 31 8
100 63 63 72 22 25 69 39 27 84 21 28 31 81 61 56 78 29
7 14
54 52 68 82 53 66 86
85 25 81 80 10 33 66 29 24 27 99 9 94 33
3 20
93 94 46
32 58 88 89 91 78 4 76 38 27 79 3 16 74 57 64 93 23 68 71
4 11
77 77 6 23
64 66 8 82 35 83 32 7 23 76 60
8 11
83 14 36 35 55 87 50 22
30 96 28 72 4 72 41 1 42 44 20
12 20
21 34 1 74 14 63 84 91 39 90 83 73
63 1 48 23 71 74 64 92 81 60 5 80 90 67 26 74 80 87 70 33
4 17
64 57 13 43
13 65 67 55 57 95 85 12 46 21 8 89 68 4 86 40 16
20 20
35 72 97 36 79 96 61 56 8 33 91 5 94 4 58 61 32 39 60 97
87 49 39 75 75 5 68 9 66 91 90 68 87 87 36 42 97 48 12 85
10 18
29 66 92 45 30 51 11 43 92 65
77 2 88 95 68 44 75 81 64 64 76 85 79 12 62 30 75 14
3 4
75 13 89
69 6 90 17
15 6
57 100 43 78 60 25 20 33 63 49 10 89 83 97 100
97 66 35 58 24 92
1 11
83
89 97 33 54 13 40 8 52 99 38 95
3 15
40 30 65
20 95 5 22 70 2 59 55 41 15 16 4 44 82 20
19 19
53 70 78 69 54 14 45 27 64 55 71 83 95 82 84 46 71 80 97
23 98 68 12 81 26 87 35 61 3 39 97 30 63 20 94 15 44 10
14 4
49 57 38 85 57 79 11 29 39 85 20 65 28 7
88 91 17 80
10 19
2 62 56 73 65 40 92 41 32 83
30 82 74 24 88 16 87 25 100 46 39 36 22 68 67 50 76 54 95
17 12
19 85 15 25 35 33 25 34 37 100 53 89 22 74 8 77 76
39 76 81 92 45 55 67 40 32 19 18 34
5 8
73 100 60 17 1
65 66 19 23 30 55 72 15
18 13
13 22 29 91 49 25 67 19 16 76 38 33 49 16 31 93 92 61
18 93 88 97 53 1 14 39 45 1 64 97 56
19 8
90 8 62 27 17 15 52 70 84 93 33 76 94 98 93 1 13 85 26
25 76 10 56 99 46 4 83
10 14
60 84 84 81 28 48 74 15 45 8
69 15 41 60 4 86 82 36 8 60 69 74 14 87
16 17
81 97 81 32 77 74 20 29 81 32 81 70 38 53 35 32
6 85 11 26 94 30 83 74 72 50 55 49 45 68 39 95 28
7 7
60 90 49 22 37 44 90
80 35 12 63 44 14 76
7 2
64 73 65 37 8 69 63
38 52
14 1
96 63 32 92 54 83 87 48 81 84 59 71 7 59
39
19 5
24 95 64 86 57 49 23 33 69 95 4 6 45 3 97 46 15 34 13
59 77 30 50 37
18 20
79 8 70 79 27 75 98 91 44 87 49 78 45 46 25 91 88 76
66 78 88 69 41 53 20 25 83 26 75 87 48 98 62 70 77 48 82 55
14 4
79 25 4 61 5 100 52 80 55 79 70 6 23 78
28 97 43 36
4 11
75 89 49 78
45 14 35 19 76 76 54 55 70 45 15
1 9
43
95 78 53 19 86 91 29 51 73
6 2
4 57 90 75 97 21
43 11
10 20
15 33 83 1 31 39 70 41 94 64
84 41 41 43 24 9 9 18 46 66 93 7 30 12 6 26 23 37 93 45
8 4
88 54 98 91 68 21 64 78
60 55 14 90
18 16
35 47 57 86 74 49 77 32 77 19 35 68 65 15 24 29 59 4
18 98 87 81 91 61 88 54 16 97 41 42 75 100 10 80
2 14
52 93
98 24 17 49 5 9 57 1 92 13 24 51 78 29
5 17
91 68 20 78 73
86 37 10 54 83 67 96 60 12 35 55 85 3 22 66 4 14
10 3
22 12 33 41 74 3 8 53 60 11
94 1 31
14 19
16 7 6 78 68 36 18 98 1 68 17 89 27 33
62 44 11 53 98 96 6 45 25 73 65 62 53 5 39 39 69 58 70
20 16
81 35 5 28 80 85 37 31 77 50 11 17 100 11 29 48 88 19 68 22
7 79 69 35 42 37 71 72 58 64 27 25 62 73 51 48
14 10
99 72 50 2 23 55 8 94 87 76 10 63 85 86
46 45 34 67 60 89 57 30 35 28
19 14
92 35 82 20 38 57 71 16 8 56 87 33 18 16 9 60 37 22 6
10 54 10 76 55 75 33 52 79 38 12 1 13 19
15 6
95 31 8 99 36 52 41 29 94 14 73 49 16 80 36
49 44 4 46 27 6
19 20
93 64 10 3 7 72 24 63 12 25 53 57 37 58 60 18 56 90 82
74 42 34 50 94 2 30 46 2 32 85 88 7 90 48 27 6 79 66 18
11 11
23 32 79 100 84 39 2 4 61 20 70
65 80 76 6 91 55 78 96 98 90 39
12 1
35 77 91 36 16 57 49 43 20 13 3 33
46
6 9
66 52 55 73 13 1
48 95 34 48 24 34 93 79 75
9 6
49 73 72 70 68 29 99 73 12
7 55 86 26 54 32
9 2
71 64 5 13 85 6 26 16 66
44 81
3 20
41 19 18
10 72 58 76 46 96 59 83 78 26 93 34 88 26 53 43 13 29 28 69
11 8
52 66 74 96 51 14 91 85 14 83 4
19 35 19 13 72 19 74 11
4 13
81 63 19 94
47 87 38 43 92 58 2 58 97 67 60 97 41
2 16
86 15
67 54 57 26 1 15 65 55 68 53 19 11 100 3 37 47
19 6
28 82 3 95 34 54 34 51 17 23 23 65 71 38 60 20 88 31 15
34 7 84 95 70 53
20 17
27 64 54 9 74 18 67 93 68 95 7 25 9 43 44 2 19 61 37 94
81 61 16 73 72 59 69 51 98 53 21 20 93 53 12 19 65
5 19
16 35 34 15 2
15 61 24 45 67 37 31 1 9 3 28 81 9 4 36 21 57 78 5
8 11
16 21 79 26 73 91 80 70
85 82 12 39 13 68 10 99 2 76 37
9 14
24 58 30 66 35 35 39 49 20
6 97 95 14 76 68 39 14 46 40 50 80 75 91
18 19
68 42 8 40 43 35 46 26 92 86 18 65 39 89 88 19 12 41
92 46 62 28 46 20 49 74 44 86 80 87 8 37 71 28 11 95 58
2 20
64 96
41 2 39 77 34 93 56 48 93 6 45 58 52 82 46 57 94 76 59 86
13 16
2 23 29 52 22 6 67 46 25 16 11 80 71
39 22 95 73 69 48 9 31 78 47 96 31 66 2 72 59
5 11
44 15 37 58 58
20 39 7 66 70 58 16 79 71 47 25
15 6
27 38 22 9 48 61 46 3 73 81 62 74 25 60 14
98 72 26 97 49 2
19 4
50 2 69 56 70 56 8 31 85 67 48 52 62 52 2 10 62 57 24
61 25 31 68
10 9
36 41 6 14 2 10 94 60 14 69
62 88 42 42 89 32 80 25 39
2 20
31 92
53 98 61 86 11 29 48 82 24 22 15 71 69 51 97 30 95 88 96 41
6 17
95 100 2 86 81 3
21 74 23 98 10 64 66 87 76 33 62 40 85 56 5 78 76
1 14
75
60 51 23 57 27 62 71 77 55 69 12 53 36 57
18 18
3 84 42 98 13 83 96 59 70 60 10 86 27 9 87 18 77 19
100 26 55 44 11 54 47 66 71 11 30 97 33 19 24 73 53 66
4 13
50 87 38 94
50 20 92 10 47 13 44 5 33 45 50 55 18
5 7
32 40 59 59 59
6 49 23 55 60 95 63
13 2
61 86 16 61 50 65 44 14 90 4 40 42 29
40 12
8 17
46 51 57 65 79 37 63 64
82 55 30 82 45 2 70 76 72 16 88 78 57 7 93 28 42
20 9
58 50 5 37 87 64 27 6 47 27 1 79 17 80 63 99 58 79 20 85
92 78 5 34 83 24 68 95 75
20 13
4 57 51 8 58 1 86 65 13 43 89 99 3 15 89 21 19 3 28 72
39 29 83 11 19 94 63 42 52 96 33 68 58
5 16
36 78 89 38 28
36 52 96 45 78 42 70 36 19 37 71 93 5 75 63 18
16 2
96 45 68 30 57 63 79 2 75 66 65 19 10 16 14 42
93 57
16 7
46 69 34 65 95 83 30 59 11 79 15 62 13 93 44 57
4 76 99 72 62 56 91
13 14
53 79 6 62 26 5 96 57 78 84 74 69 6
34 60 14 57 38 73 66 87 79 65 43 3 71 55
16 8
89 29 92 44 36 3 21 100 41 51 19 97 21 40 43 75
53 38 84 60 60 92 17 66
13 3
53 94 50 92 81 6 6 81 62 19 16 97 17
36 13 79
20 13
38 23 56 25 15 34 41 5 34 13 16 78 62 50 58 43 68 74 70 8
2 76 23 5 15 8 95 16 28 41 81 7 10
16 4
72 81 39 46 71 6 39 62 51 30 78 58 49 78 77 58
48 17 63 23
7 13
45 89 58 74 20 49 61
93 38 83 8 14 45 10 78 26 6 75 78 54
7 2
16 15 98 25 49 36 80
10 50
11 10
9 90 11 92 12 29 95 85 26 90 58
28 77 42 37 26 8 34 49 6 1
5 15
3 19 95 42 37
77 71 59 45 21 82 12 17 27 58 81 81 80 48 54
20 11
99 8 80 67 35 4 9 51 47 26 98 93 54 79 57 51 13 35 26 93
72 76 15 73 25 50 7 13 72 53 90
13 2
98 23 62 21 53 58 92 6 20 91 21 75 83
69 4
9 19
35 71 3 63 19 34 49 82 74
58 70 35 37 66 22 94 11 24 77 34 37 41 98 34 64 77 5 87
19 5
45 5 78 41 15 42 16 22 17 1 54 61 48 12 17 90 7 43 60
54 54 50 24 85
15 3
55 13 20 90 66 76 51 67 34 34 1 35 50 85 36
76 47 88
4 20
99 97 66 18
51 55 68 5 85 56 74 11 59 79 88 44 58 99 62 56 87 59 31 52
10 20
27 61 78 50 1 40 42 24 69 13
87 63 99 72 3 86 30 75 16 85 82 73 99 86 87 28 50 14 23 29
2 14
60 47
94 20 51 43 38 9 66 91 64 14 36 66 95 4
7 1
31 86 65 46 74 99 40
92
18 5
65 20 56 40 10 23 95 40 35 93 11 10 8 80 3 28 70 23
19 5 74 31 86
10 5
90 98 4 67 83 83 47 7 15 35
16 1 71 45 84
4 7
61 11 36 88
78 14 77 87 85 65 42
5 15
82 63 81 3 92
35 73 61 53 51 65 4 16 17 13 81 95 6 80 45
10 9
72 39 19 13 83 96 12 51 9 97
77 69 83 69 71 88 6 29 97
12 10
74 31 91 75 22 6 93 36 62 25 67 71
33 91 95 90 32 23 89 65 53 7
1 13
1
89 75 54 81 13 74 50 100 41 38 5 92 36
18 19
85 3 18 29 9 43 66 56 18 25 85 32 90 32 58 42 86 75
19 86 3 48 57 46 41 55 6 33 7 49 88 65 32 17 2 6 5
18 6
97 13 10 93 22 4 61 9 6 68 4 16 1 71 83 22 13 94
51 99 77 44 5 47
15 5
65 16 19 59 92 19 98 65 59 67 7 63 93 5 5
39 52 94 52 31
16 8
7 69 7 18 76 65 92 35 32 11 41 99 27 59 85 30
45 14 78 95 44 71 60 50
16 12
8 62 69 5 45 43 17 5 31 66 3 53 3 28 56 18
8 91 90 63 77 50 84 13 21 19 80 45
10 20
10 6 46 31 6 72 45 20 37 98
77 51 24 57 85 31 24 51 70 89 36 13 93 15 63 85 27 89 3 64
11 15
55 97 44 81 86 84 33 10 29 44 51
93 73 27 34 99 75 76 28 43 78 28 64 13 88 82
1 20
62
92 12 84 35 73 38 36 61 30 19 57 100 16 12 21 41 57 50 5 21
7 9
35 79 32 18 17 21 24
85 96 60 26 92 82 83 27 10
17 4
61 61 5 27 1 84 46 9 90 98 67 94 44 37 33 67 5
76 86 57 52
5 2
89 53 16 81 10
54 54
15 18
53 18 6 100 67 88 40 31 39 1 63 90 1 32 79
31 8 29 64 69 48 96 21 97 97 18 33 16 46 45 90 51 46
19 13
97 83 99 15 33 85 75 64 86 96 51 15 1 16 97 39 35 86 39
89 20 42 84 87 81 87 43 42 43 49 6 49
2 11
21 36
6 97 57 10 25 56 21 44 71 21 100
8 1
94 76 34 63 44 33 66 30
86
12 4
46 88 45 42 61 81 22 46 63 66 41 2
67 25 62 42
4 11
18 58 98 34
1 8 73 36 33 98 6 58 81 95 61
13 15
33 16 61 18 37 22 69 57 27 5 48 74 25
97 99 52 73 54 56 61 76 90 61 13 80 81 67 81
3 15
44 81 81
38 45 10 2 77 48 92 41 42 35 54 14 88 96 81
17 2
63 61 97 7 7 24 38 43 89 8 64 64 43 97 30 63 95
89 3
7 13
11 96 6 36 85 4 71
74 1 31 17 64 95 88 42 19 46 98 77 89
11 19
89 8 13 4 35 14 95 38 16 71 72
57 33 79 59 11 26 61 85 10 35 9 81 71 93 27 55 55 34 54
20 6
45 38 64 39 27 38 25 26 1 99 49 95 27 18 44 4 39 30 59 62
40 28 38 4 28 97
4 10
98 100 69 63
84 17 95 4 38 95 10 12 73 27
6 18
37 27 53 69 24 44
13 95 1 52 67 74 89 77 39 26 49 27 74 58 2 6 96 6
16 14
66 50 24 57 25 50 58 29 24 100 91 91 3 78 16 17
98 61 62 61 46 83 100 36 21 41 76 60 17 81
10 2
57 22 70 100 88 59 90 12 27 69
11 76
19 18
44 92 41 82 86 55 93 37 54 22 48 46 20 87 81 2 58 75 100
39 60 57 78 74 82 85 94 58 37 57 63 99 78 72 8 27 85
6 2
88 11 89 38 100 12
83 65
20 14
6 85 86 13 2 67 22 21 27 3 37 7 96 82 77 87 57 45 34 71
74 3 73 7 53 71 12 36 45 15 79 5 97 46
1 13
21
23 80 31 26 24 17 32 64 24 25 16 51 74
19 5
63 95 79 27 83 51 4 10 3 13 99 96 98 79 62 44 81 99 54
48 26 88 58 16
10 18
2 20 27 9 100 54 98 50 22 18
38 63 26 12 47 50 24 22 4 42 17 3 67 74 38 16 87 68
20 15
60 14 44 16 76 9 39 74 6 65 18 44 86 78 45 45 1 14 15 66
64 89 84 41 41 92 47 28 42 66 92 14 28 98 11
6 14
31 31 38 23 63 76
49 83 80 10 81 15 26 27 59 81 27 29 10 21
9 5
27 78 84 33 68 34 22 84 20
17 5 72 73 98
8 19
86 34 66 3 53 71 73 52
66 7 92 10 98 82 90 13 9 99 85 79 41 64 8 82 41 58 94
19 2
2 96 87 98 26 38 10 72 88 19 23 69 22 17 74 66 88 46 90
35 26
13 19
61 32 78 97 25 11 62 7 80 23 84 73 89
35 94 98 94 94 44 47 95 74 20 82 13 56 41 28 52 18 49 56
1 1
67
89
1 10
1
88 32 61 42 91 91 10 50 75 19
10 5
88 32 96 92 32 63 5 48 31 64
7 68 42 72 23
3 3
60 67 92
26 76 20
17 3
77 53 52 90 52 51 1 82 36 83 94 35 44 91 29 24 35
5 90 33
6 18
7 25 62 24 6 1
31 81 98 20 54 14 62 50 7 77 32 45 76 19 79 3 53 46
18 17
62 56 19 49 24 91 81 34 71 7 47 70 1 47 94 47 22 52
39 79 82 36 26 30 99 69 20 64 44 79 22 77 51 5 52
19 4
93 99 91 72 43 67 28 87 38 50 15 85 84 71 9 45 1 16 84
21 87 68 11
16 5
74 29 20 99 80 30 44 40 5 38 92 1 71 4 47 99
45 35 80 20 94
5 10
98 5 67 59 3
99 83 86 16 80 62 69 86 95 66
7 20
97 25 27 71 50 68 11
1 52 18 66 74 77 70 43 58 29 60 31 72 50 84 99 76 58 77 8
11 13
28 2 70 77 87 57 83 12 38 15 7
45 1 27 9 87 80 75 70 92 42 71 87 8
6 4
78 24 17 43 37 47
58 7 13 32
17 6
52 5 73 97 32 42 14 47 34 28 75 94 71 63 13 2 19
1 6 60 9 12 47
5 16
68 86 28 5 62
61 63 54 66 17 39 77 58 52 63 99 65 76 49 86 13
1 5
43
37 63 100 93 8
5 2
88 12 27 100 7
83 49
7 2
26 99 16 100 1 83 2
78 4
2 11
46 54
62 51 74 36 1 58 30 19 49 63 58
19 2
60 33 16 40 59 59 57 74 20 44 100 95 8 10 63 77 12 87 54
41 16
17 15
16 68 37 33 94 38 36 50 54 10 65 88 47 17 85 83 58
27 13 2 97 45 80 14 9 72 98 10 41 16 2 97
13 9
77 50 52 97 48 47 23 68 74 3 96 39 60
53 91 70 68 95 68 66 78 87
11 4
10 93 98 55 28 19 51 74 78 19 8
84 30 64 41
2 5
98 69
96 53 94 1 8
3 19
28 74 30
88 29 86 59 39 77 86 59 11 78 65 44 7 53 37 52 49 16 22
20 4
69 20 99 58 57 61 48 94 38 21 3 8 50 72 33 76 25 24 27 99
2 36 72 2
7 6
96 80 73 46 85 5 13
68 42 73 70 94 83
9 16
15 98 39 99 86 89 61 14 73
65 34 32 42 41 80 2 74 73 47 27 69 43 61 35 7
18 16
88 9 6 35 24 9 13 13 41 74 53 13 60 85 56 80 51 36
71 78 95 61 27 21 90 43 23 56 21 21 100 34 28 12
11 5
37 34 70 55 25 58 84 96 39 97 24
50 87 80 70 43
8 20
83 31 99 12 36 31 66 26
66 59 85 51 49 9 60 18 16 16 74 49 7 18 44 88 22 78 57 92
19 3
7 37 23 19 40 1 97 25 95 47 10 23 55 32 44 33 63 5 36
16 1 99
3 16
46 70 28
70 51 59 21 23 64 2 73 79 99 29 77 66 98 59 32
15 10
65 100 84 88 84 84 48 36 93 9 65 21 8 80 54
43 37 88 69 13 55 69 58 52 8
13 11
49 30 70 26 87 57 10 62 63 14 34 98 41
86 84 49 26 72 94 72 4 67 32 99
16 2
17 16 9 10 87 7 43 40 2 76 68 20 1 76 50 35
73 12
3 6
97 80 76
4 52 6 31 60 58
20 4
77 63 10 56 88 18 98 25 34 27 78 91 91 25 93 59 91 22 70 51
21 62 31 47
8 8
51 78 68 57 1 70 55 30
71 48 89 22 100 1 78 42
2 12
80 43
25 33 95 35 90 99 15 1 49 15 22 37
11 15
87 57 100 72 8 30 71 85 65 55 65
85 94 33 98 1 89 78 100 8 70 2 66 85 89 33
10 12
36 23 35 81 98 86 35 4 21 88
50 55 84 38 54 12 86 26 73 56 61 18
11 12
84 14 37 40 30 6 54 99 57 70 18
45 76 57 94 33 64 11 81 11 11 50 78
3 12
68 100 12
45 55 60 58 17 52 43 28 91 25 50 59
1 11
96
73 21 64 59 63 67 75 27 72 25 71
9 4
94 23 93 89 72 13 57 9 82
63 28 98 38
5 1
12 76 21 37 83
93
6 16
67 78 84 92 14 54
49 20 29 83 80 18 92 66 57 34 5 42 78 41 9 49
18 11
35 11 28 81 47 65 80 56 100 7 62 36 26 83 57 5 97 44
42 90 4 11 42 33 79 37 44 89 77
11 8
84 63 53 97 77 43 24 56 7 54 44
82 36 38 94 10 22 29 35
5 18
93 87 88 60 57
64 94 72 86 76 23 65 48 94 74 16 73 22 100 45 97 100 15
7 4
25 20 71 99 26 65 72
71 55 96 70
17 5
90 35 17 5 12 77 70 83 85 14 75 31 82 47 54 43 85
57 44 3 4 70
1 20
63
2 62 6 64 39 94 18 74 96 41 77 74 80 37 78 57 28 24 40 62
12 3
58 1 10 40 29 12 21 54 37 6 47 3
40 38 20
9 6
13 89 14 56 86 6 58 61 99
37 69 16 78 72 46
3 18
35 82 17
10 11 67 6 22 60 45 18 66 96 4 6 100 26 60 14 30 88
4 7
46 65 96 11
80 11 79 80 16 86 1
13 13
16 2 2 19 11 28 54 46 59 65 80 1 57
100 35 80 37 47 81 62 68 84 73 51 2 44
5 7
25 65 28 34 21
25 5 78 82 21 82 96
17 8
26 34 64 57 28 83 85 72 98 99 3 25 27 68 92 43 16
95 96 62 7 99 8 3 87
9 13
43 90 55 95 63 63 6 2 67
72 75 88 58 81 45 52 99 11 21 57 79 27
5 5
53 28 26 15 13
41 86 38 54 96
19 16
12 16 82 51 10 48 49 79 65 49 65 9 63 8 60 58 48 65 92
10 29 33 54 2 56 69 13 67 54 74 25 12 42 3 40
15 3
2 80 72 85 75 50 14 84 63 4 73 35 78 36 14
22 54 88
7 13
90 12 94 76 67 91 91
93 66 35 7 40 84 80 86 38 89 100 61 26
18 6
28 11 35 10 90 29 93 43 76 55 53 17 78 66 23 27 9 49
4 79 14 44 25 65
2 5
98 36
72 85 63 52 70
20 14
85 4 49 20 71 16 67 11 63 28 30 43 53 79 39 82 28 36 16 1
3 22 49 2 20 78 62 88 48 60 2 49 33 14
18 14
40 35 55 89 55 26 36 21 59 40 50 50 79 98 53 37 43 84
70 13 10 23 20 53 17 17 94 92 18 7 80 15
6 10
57 98 55 23 30 63
51 25 10 86 55 86 80 87 24 67
13 16
21 84 11 72 88 8 99 25 85 23 19 35 74
91 56 55 21 15 6 52 48 24 47 13 16 54 44 94 39
12 13
90 70 83 19 11 11 56 45 46 72 83 8
19 15 8 21 26 96 2 35 69 38 95 2 92
10 10
74 71 90 61 14 95 60 94 65 73
16 26 56 62 73 34 18 2 37 1
6 17
52 73 1 5 85 13
62 97 54 44 96 67 27 92 28 96 62 25 76 23 86 52 37
9 20
48 37 36 52 36 57 43 6 79
85 100 58 90 7 86 99 82 96 95 57 100 43 55 91 86 16 71 98 45
18 4
91 1 62 81 37 59 9 88 73 52 50 46 76 91 98 98 57 95
61 78 76 94
8 10
72 27 65 87 34 1 1 14
16 86 7 18 55 77 71 37 5 76
16 19
59 23 69 34 56 3 68 84 81 91 82 4 43 35 40 58
76 72 14 15 34 38 6 70 62 74 85 73 54 40 79 8 12 54 82
4 9
86 31 54 79
48 33 62 19 94 20 21 35 3
11 7
65 93 86 49 90 51 49 80 57 55 31
24 38 100 52 34 19 69
20 7
22 64 94 59 52 17 9 42 43 33 42 54 82 31 48 7 16 82 2 94
61 33 61 3 57 74 56
19 2
23 54 3 2 32 35 55 86 95 36 63 25 26 70 89 47 77 35 81
59 29
5 16
54 94 16 82 69
26 81 16 78 96 45 10 39 34 30 90 98 72 23 95 84
6 15
11 46 38 95 34 15
91 40 1 32 51 53 39 62 22 67 23 32 81 94 37
6 16
19 8 31 76 40 87
12 62 54 44 59 26 24 94 49 21 65 89 20 39 46 92
13 6
22 30 55 68 44 30 22 13 76 10 21 35 86
37 77 17 58 21 60
5 14
14 99 22 67 84
28 62 77 85 29 24 14 88 51 87 95 99 96 34
7 11
65 58 26 59 40 3 99
61 43 32 26 100 91 66 27 22 50 32
5 4
98 58 20 30 56
30 15 32 14
5 7
71 57 60 42 68
72 25 13 28 71 97 15
14 16
5 87 28 98 50 86 87 5 51 63 30 35 95 53
11 62 76 72 82 19 58 28 100 5 25 21 78 48 34 69
15 19
95 17 21 94 75 37 89 96 59 75 58 99 56 80 86
63 14 11 29 39 50 83 96 47 1 10 19 99 71 65 48 14 65 8
2 12
7 12
86 21 3 92 81 40 32 40 100 93 92 18
15 15
74 64 27 43 16 72 28 6 42 21 99 39 18 25 77
75 30 2 67 96 66 11 96 42 39 57 45 9 12 7
8 17
13 21 57 100 27 19 68 67
45 87 98 38 10 78 60 76 5 8 26 43 100 87 73 70 77
4 2
50 24 10 77
92 79
4 10
2 73 71 75
62 51 75 92 37 38 73 2 93 63
11 17
64 57 4 18 55 71 84 34 20 23 45
72 76 85 61 75 29 73 57 54 21 89 23 46 86 25 77 51
12 20
32 59 42 70 63 2 53 80 41 73 87 66
74 63 49 49 50 27 58 6 92 100 74 33 1 10 40 99 91 88 56 64
6 13
49 33 66 22 72 48
3 75 59 23 92 10 12 37 45 82 84 1 61
5 12
33 60 42 63 12
61 8 21 96 21 34 42 5 63 24 89 72
19 17
13 84 27 27 8 37 69 68 35 80 82 77 19 20 40 34 79 88 41
67 44 31 42 10 83 67 1 18 55 18 32 17 52 76 24 12
5 7
18 38 63 50 61
16 8 62 97 32 65 48
18 13
32 37 100 89 94 88 85 19 98 44 30 85 41 28 61 60 52 57
28 95 97 47 73 11 14 44 84 74 68 27 13
19 13
43 79 51 27 65 42 28 34 98 81 85 22 10 56 91 27 26 92 11
96 23 18 21 65 73 44 63 100 89 16 32 43
7 11
93 52 25 60 15 8 70
58 55 53 100 33 17 100 78 49 58 64
7 9
22 25 5 37 51 25 35
77 32 59 39 13 98 27 5 43
6 11
58 31 73 89 17 46
47 78 46 91 49 1 46 69 83 22 84
16 18
36 16 95 83 32 90 35 6 71 95 95 20 83 17 34 38
46 66 53 100 18 89 38 43 32 36 34 27 53 55 87 89 76 48
19 14
66 13 11 22 40 93 21 34 12 59 27 18 93 21 81 20 11 23 31
80 60 82 40 54 37 17 4 51 93 91 7 59 53
2 1
76 30
82
4 10
95 92 44 86
57 20 6 4 53 8 57 96 61 42
8 12
70 94 39 92 35 49 37 76
62 15 63 78 86 38 36 70 67 1 7 25
14 18
21 10 28 84 52 96 15 14 36 17 69 50 34 56
87 47 72 57 51 79 27 8 63 74 29 41 100 93 79 19 92 68
16 8
88 32 28 62 19 49 55 74 29 30 83 28 84 96 61 96
6 79 36 4 97 61 92 72
11 4
17 100 16 52 85 5 54 83 14 97 35
96 82 90 14
5 17
31 74 60 38 59
99 69 82 56 17 51 16 97 70 23 11 72 36 20 92 50 33
13 17
46 42 77 54 69 36 99 72 1 10 12 53 97
88 83 54 3 58 52 77 58 55 28 67 72 10 99 79 25 45
3 9
50 69 78
92 96 3 56 56 2 30 74 61
3 19
8 39 5
12 73 68 34 53 21 60 43 90 82 76 96 35 80 46 74 86 43 91
10 12
5 58 83 56 28 43 75 55 77 41
42 19 72 67 74 65 6 27 46 34 43 90
11 1
16 57 5 63 70 96 55 18 76 69 39
7
2 9
7 61
88 16 75 31 55 44 76 77 21
18 11
12 4 45 12 65 91 17 100 27 9 45 67 78 47 61 22 8 2
73 58 59 75 64 23 85 46 94 38 15
16 15
24 83 88 90 85 42 50 78 21 7 27 72 66 78 78 15
37 6 74 14 28 79 29 14 74 12 55 14 67 38 66
5 16
23 27 43 97 9
39 65 10 52 72 32 41 36 75 26 14 28 93 89 14 8
7 17
29 40 12 23 80 51 47
20 59 49 78 70 40 21 12 88 14 11 40 13 7 71 28 70
7 9
71 36 71 58 68 1 7
90 60 64 63 36 55 45 46 12
20 11
54 54 17 53 78 83 52 60 4 43 100 99 7 22 37 93 11 26 87 47
12 60 43 88 62 83 51 95 52 64 77
16 8
40 56 35 4 9 15 88 89 69 88 45 67 53 49 83 46
75 95 54 36 72 74 24 68
15 6
30 97 33 89 63 33 23 7 55 46 99 73 81 69 47
34 41 37 13 41 83
5 13
77 10 63 26 36
78 26 81 100 50 33 80 81 3 69 92 61 99
19 11
50 87 68 11 88 10 43 78 97 47 38 8 79 7 2 84 1 69 98
95 50 64 84 55 8 52 29 70 82 41
12 4
79 83 26 65 41 48 100 88 83 25 100 25
24 58 72 84
5 1
46 43 6 3 55
20
10 15
87 21 63 96 7 19 43 87 99 31
93 80 49 60 45 68 80 79 68 45 61 57 1 38 85
20 2
83 17 19 31 2 73 77 82 13 6 74 62 82 80 27 37 72 24 45 62
29 59
2 11
66 62
35 67 29 76 79 46 100 59 90 8 3
18 7
5 86 88 99 57 17 76 64 32 50 63 19 66 82 26 90 26 13
13 23 29 17 13 62 44
15 19
83 12 90 11 10 32 77 49 81 94 53 95 58 62 77
54 90 90 65 60 92 72 52 28 71 55 98 30 55 62 87 83 65 59
1 3
6
29 89 54
5 3
43 46 74 47 78
51 11 28
17 14
34 37 21 47 65 87 93 82 13 7 8 2 28 65 10 90 92
82 19 98 37 71 50 72 14 92 8 80 49 6 71
6 6
33 87 76 41 23 24
66 61 7 38 12 81
3 4
92 18 70
98 61 47 31
11 13
12 8 35 48 76 15 93 46 100 1 2
81 85 94 89 100 73 38 98 82 43 64 11 29
18 5
25 59 58 49 96 81 36 79 91 39 69 36 81 93 90 20 87 13
23 40 75 50 47
5 10
11 34 64 80 62
52 32 83 69 67 19 99 33 68 37
20 1
18 92 46 43 74 10 25 56 30 2 75 67 42 87 56 35 78 99 65 38
6
14 1
42 76 81 83 75 54 3 99 71 37 79 97 65 87
15
8 2
46 87 43 68 15 88 76 54
56 98
4 5
54 79 1 62
23 53 92 77 89
4 7
84 73 93 40
14 58 28 4 36 19 51
5 7
60 25 96 88 90
64 33 63 87 79 94 13
7 1
83 71 77 52 8 88 83
70
17 10
65 36 97 1 6 30 57 82 51 20 18 62 18 57 2 69 49
90 92 80 24 100 7 3 55 31 95
11 5
79 47 5 94 91 36 89 26 97 93 69
51 87 85 15 28
1 1
94
96
9 15
10 99 2 28 19 38 30 82 26
17 35 19 12 8 89 72 1 59 19 59 38 97 42 26
11 10
5 25 74 65 7 20 91 51 11 34 78
90 15 75 76 18 94 99 70 23 51
14 12
6 32 50 7 40 83 11 3 82 28 34 42 3 76
74 95 4 40 90 88 63 36 98 65 73 1
5 7
84 84 44 66 38
68 78 42 15 60 30 98
15 10
49 12 50 49 41 55 58 4 14 50 9 97 1 49 77
51 60 39 70 20 20 83 71 31 91
14 5
88 34 68 17 55 32 22 15 33 5 74 46 79 96
78 9 20 42 13
5 16
1 27 65 83 9
7 85 38 74 52 31 79 44 97 33 72 61 28 72 24 75
12 15
21 96 62 94 63 52 40 80 8 62 69 77
10 27 91 68 16 54 38 23 81 42 78 82 80 24 44
11 2
82 29 77 35 8 54 52 17 27 46 75
67 73
3 7
16 47 6
21 38 95 26 23 67 42
5 20
3 51 44 28 60
26 14 52 64 50 96 4 95 67 8 32 98 93 5 70 37 15 44 19 90
6 7
46 4 23 12 23 21
72 83 65 68 23 85 85
8 9
98 21 83 97 48 50 44 27
45 14 53 21 2 70 62 53 74
13 20
41 87 36 87 70 21 96 80 70 41 47 12 66
95 91 67 24 48 13 17 37 73 31 89 97 34 59 5 6 41 42 60 13
16 9
64 93 94 76 32 34 79 54 30 47 23 90 14 36 71 17
14 1 20 98 84 65 42 100 47
20 6
80 58 22 45 64 4 78 31 33 26 35 33 58 52 34 27 26 96 6 86
7 50 22 38 33 30
7 18
51 5 64 100 95 92 72
5 81 47 95 43 59 20 93 65 20 17 6 9 80 6 88 15 14
1 1
28
98
12 6
24 64 86 12 80 67 46 11 4 42 94 18
66 35 1 93 49 19
14 19
83 3 91 52 76 26 83 12 41 21 72 74 2 85
98 14 28 5 62 12 35 21 48 51 60 28 21 74 13 7 45 54 53
15 19
30 16 59 84 1 77 20 24 8 35 88 41 38 50 100
94 38 81 93 13 96 38 6 69 4 83 52 48 10 29 85 58 4 88
2 17
59 16
73 59 43 39 4 60 66 33 40 37 93 2 94 81 55 59 14
8 12
41 47 67 31 93 16 45 64
34 38 69 3 67 11 90 15 54 17 53 44
2 9
7 5
70 49 53 75 99 94 82 16 78
19 12
57 60 28 67 9 40 3 24 35 53 31 55 76 5 72 6 71 79 28
92 55 10 37 28 76 63 96 79 22 63 40
13 17
26 9 100 19 38 78 35 69 6 67 52 15 27
75 75 87 34 48 21 6 40 94 86 15 89 75 55 33 26 14
17 1
4 96 40 98 82 45 24 12 98 93 36 94 84 44 6 32 2
65
5 6
74 24 15 14 83
68 79 62 5 22 64
15 4
11 24 39 90 38 61 21 14 80 88 27 65 10 5 63
12 19 12 43
8 8
4 67 77 70 98 79 15 3
74 35 44 96 43 57 81 100
14 6
12 52 54 62 53 14 15 51 54 15 59 98 36 96
4 82 93 29 24 30
1 17
76
43 40 3 17 52 7 32 25 93 22 2 96 17 28 91 28 92
10 20
36 37 68 42 7 69 97 81 62 98
45 4 45 33 6 46 94 73 64 92 56 25 96 69 49 18 18 73 13 54
11 2
25 39 15 70 37 34 92 86 55 88 49
5 49
16 12
59 43 27 5 70 26 31 40 97 18 88 79 36 49 62 6
41 50 13 41 14 7 96 62 53 23 38 20
7 20
24 53 61 58 82 65 34
15 41 20 22 9 99 56 96 44 83 97 94 41 28 59 16 91 43 51 73
6 14
51 6 59 90 13 88
17 86 92 6 12 37 35 13 68 32 8 62 10 25
7 8
88 49 72 27 4 8 24
18 81 63 52 10 57 77 13
17 8
59 58 16 15 26 78 57 58 6 47 49 36 61 56 39 6 35
36 7 3 65 24 48 78 6
17 20
86 93 99 10 73 58 64 15 78 17 47 26 52 77 14 81 72
93 60 43 23 47 99 13 70 44 91 4 79 2 81 46 91 86 53 57 66
2 17
15 53
40 88 92 57 69 19 95 61 19 28 53 15 79 2 8 55 84
14 13
68 78 88 63 54 9 75 22 10 55 73 36 98 61
36 100 52 66 36 38 68 67 75 4 91 93 71
4 13
22 63 27 83
5 31 92 5 37 83 67 18 70 72 7 95 83
11 20
76 13 53 42 50 95 49 32 54 24 32
77 1 73 60 31 2 88 9 54 15 42 51 46 76 37 3 47 59 95 86
18 2
13 20 79 24 53 66 49 24 81 45 52 53 65 60 99 80 93 78
86 41
16 6
46 82 70 33 96 26 95 48 46 76 98 51 85 13 52 47
20 50 50 52 79 31
10 20
13 45 43 66 35 26 11 84 71 51
44 10 2 21 17 97 38 61 53 25 73 50 28 39 60 10 25 59 16 26
8 7
73 6 26 86 38 49 68 74
34 91 28 19 78 90 48
9 16
89 81 42 78 5 77 22 89 6
85 49 39 43 8 20 57 61 22 5 69 65 58 18 69 47
13 6
7 15 9 41 47 8 94 62 44 60 96 32 87
98 86 38 98 47 81
2 7
36 76
35 46 63 38 2 95 46
3 13
5 88 78
35 12 31 4 42 8 54 96 38 67 60 45 59
11 7
15 78 18 11 55 44 24 5 62 6 81
84 38 71 12 11 37 74
5 13
92 61 52 47 77
47 12 6 17 47 5 18 83 42 86 60 71 45
16 10
56 20 28 17 34 65 53 62 13 63 56 58 20 67 18 76
91 3 66 71 66 46 44 69 28 93
3 13
24 33 40
50 7 70 37 82 40 25 79 96 67 27 4 74
14 5
22 84 31 78 33 35 88 16 5 98 6 95 54 5
43 28 58 77 11
19 3
82 31 21 50 77 5 95 25 42 58 82 14 27 96 65 30 86 12 49
3 31 97
16 2
36 83 50 1 4 85 19 70 25 3 56 47 17 53 30 72
21 86
9 16
77 30 15 52 37 73 78 42 39
13 77 3 71 12 24 6 94 80 63 55 51 45 59 88 85
6 9
44 91 4 25 71 23
18 60 23 75 95 54 2 7 91
9 18
5 90 93 83 83 84 77 29 53
63 25 7 76 73 90 5 16 59 63 71 67 30 20 43 88 30 14
4 9
10 36 5 38
42 9 22 27 21 24 8 34 39
9 11
78 68 95 67 9 27 61 33 3
32 60 85 37 63 92 18 59 26 3 26
2 19
44 18
43 92 33 64 62 77 26 21 80 53 91 75 13 53 18 63 55 99 51
8 16
73 58 43 12 76 64 53 81
81 51 88 54 20 33 65 21 59 17 52 73 67 62 20 76
20 18
55 13 8 81 52 75 20 71 68 49 55 21 88 88 36 76 86 36 69 69
64 84 11 64 31 97 7 41 62 6 36 58 60 99 10 78 61 6
8 19
22 84 51 61 77 78 25 62
70 54 3 72 56 93 36 98 25 92 99 95 49 56 13 68 87 4 13
11 12
3 30 27 66 51 80 29 47 87 55 6
95 26 62 70 49 38 54 67 79 66 41 76
10 1
87 70 15 64 89 51 56 36 52 10
75
13 10
88 70 72 98 85 50 94 7 56 84 67 25 55
35 72 76 96 99 57 75 15 68 8
18 14
69 80 49 80 37 51 66 82 86 32 95 32 37 25 93 29 92 74
74 27 96 49 69 76 42 68 16 76 74 91 61 84
4 15
10 65 45 23
47 59 20 19 8 54 6 20 85 77 45 9 4 34 98
5 18
99 91 27 35 68
73 13 73 38 91 65 85 81 6 79 61 99 39 5 27 48 64 30
1 16
23
11 51 48 29 33 5 9 100 9 78 55 30 86 22 55 4
3 4
13 84 66
25 83 35 67
7 16
67 14 19 38 78 21 64
37 50 40 21 30 11 54 79 69 4 71 20 55 54 24 81
20 19
37 86 46 9 99 89 12 100 75 86 8 27 17 33 70 40 6 91 91 87
50 93 94 3 66 96 70 94 40 12 50 80 26 16 48 31 47 99 7
2 18
54 13
5 85 44 98 23 23 77 74 61 98 24 51 4 66 89 97 38 88
11 4
89 3 51 17 63 59 67 38 61 21 80
89 49 48 17
9 3
55 1 57 51 89 25 15 46 28
23 63 12
18 4
69 17 59 79 86 64 85 84 27 17 39 79 97 97 10 30 35 21
99 6 36 43
15 14
30 37 77 55 40 67 68 34 85 81 27 69 50 67 47
83 56 83 72 99 56 63 56 25 73 4 46 49 65
8 5
33 5 69 14 35 76 44 98
18 88 54 61 16
17 7
36 98 76 50 80 36 78 54 53 49 98 56 16 36 38 54 25
54 82 50 26 61 92 45
10 10
79 97 23 60 52 68 4 39 40 82
84 15 95 94 49 6 14 50 94 97
2 14
61 23
63 33 26 24 27 80 34 56 40 81 28 26 69 50
4 9
62 83 75 58
19 32 52 24 82 4 74 7 37
15 8
34 24 45 84 85 77 48 17 95 37 55 73 65 42 93
59 13 60 10 37 16 51 78
19 20
100 4 70 58 36 21 87 22 19 78 2 95 38 50 95 64 58 49 40
89 91 14 17 82 97 98 54 34 42 42 97 25 62 1 98 47 10 96 12
7 2
97 31 17 71 36 88 89
53 5
3 10
2 24 6
63 85 23 47 73 84 84 42 47 55
12 16
29 59 29 49 42 84 36 51 50 55 32 77
28 8 86 61 56 21 75 18 11 37 65 7 50 14 46 86
7 8
63 46 68 99 3 57 30
33 65 63 79 86 57 13 40
6 20
19 20 71 31 98 55
32 41 18 24 71 70 82 68 47 56 71 72 83 46 57 15 70 84 58 6
8 20
20 57 63 80 15 85 100 73
17 5 66 18 49 24 15 11 57 74 58 70 59 2 26 22 71 89 29 7
12 6
46 75 11 88 24 89 43 35 36 16 3 24
15 24 66 68 58 45
19 9
4 90 11 29 24 12 65 80 36 48 93 67 19 12 92 4 4 11 50
91 56 16 37 12 20 39 51 22
20 9
20 49 2 95 97 89 93 98 70 17 70 66 77 73 59 38 25 41 87 46
64 8 83 22 38 53 52 64 27
5 2
61 29 91 71 96
55 58
6 18
71 3 16 33 89 97
46 26 74 55 33 58 70 98 29 100 42 16 31 50 79 97 27 43
4 2
74 12 77 89
9 28
18 19
81 22 24 74 33 58 93 71 3 48 31 85 43 52 1 44 17 37
46 83 47 11 79 42 34 12 57 9 52 2 93 99 53 67 55 96 23
4 16
84 99 15 71
77 19 46 27 57 15 81 8 70 19 63 82 60 32 2 77
2 7
78 63
45 16 50 92 88 100 47
10 2
19 16 90 51 11 60 65 15 80 91
77 46
18 17
91 26 66 17 28 52 56 7 73 28 30 86 97 4 92 96 75 93
31 73 65 94 98 72 54 47 92 6 89 35 72 92 84 22 15
1 10
20
13 14 2 40 12 84 29 94 88 57
15 18
9 76 87 22 81 61 31 28 23 42 21 50 1 60 72
35 39 78 96 81 73 45 37 90 25 95 84 13 43 56 83 96 95
20 8
100 66 11 62 42 14 91 28 13 81 82 76 82 2 17 32 95 17 6 53
32 73 75 75 14 33 5 78
7 8
9 36 19 3 34 73 21
68 38 42 38 25 81 90 62
1 5
8
22 11 8 83 77
13 4
41 91 30 62 48 59 96 24 56 15 84 47 23
2 13 13 11
9 12
53 60 43 35 18 8 3 97 23
69 42 67 30 94 34 99 69 82 97 76 92
11 8
59 69 84 40 57 67 72 12 74 82 69
45 32 4 46 33 98 72 77
20 5
58 42 63 11 28 82 83 47 69 9 54 94 88 53 63 25 53 44 49 4
24 25 96 36 84
12 12
62 50 98 80 3 19 94 56 22 78 18 35
29 91 22 66 92 45 32 59 35 85 39 71
5 4
97 53 68 29 33
52 82 77 25
9 3
41 68 71 12 96 18 29 66 38
95 95 53
14 11
73 22 1 38 83 5 9 56 79 91 55 77 66 37
17 88 95 99 69 98 83 82 56 12 99
7 15
11 13 25 25 26 84 19
31 7 35 40 51 82 94 93 59 4 37 23 31 78 51
2 14
20 20
15 44 86 95 34 45 50 61 93 86 35 84 56 67
8 1
26 55 23 35 22 75 19 53
12
6 7
48 4 99 20 58 79
7 27 72 33 89 20 34
4 3
40 46 95 99
4 24 40
16 8
40 47 21 21 74 33 66 91 2 62 35 76 38 22 82 31
7 48 81 38 24 34 62 20
16 10
97 24 20 81 86 52 51 79 20 30 61 20 95 63 21 46
11 67 47 81 19 58 86 1 7 7
19 20
34 51 32 13 16 86 82 5 9 75 56 22 37 11 73 20 78 18 50
38 41 25 49 75 69 25 15 94 98 91 55 20 75 70 85 30 13 16 33
1 9
97
65 33 82 11 98 34 65 24 55
1 8
15
77 96 8 31 65 14 98 86
17 4
9 92 84 55 30 26 89 24 43 39 36 34 1 10 72 47 6
97 82 28 28
16 1
28 32 28 93 49 48 9 84 43 81 73 11 55 33 66 70
46
10 11
80 31 22 60 12 40 89 70 47 46
46 88 91 76 98 45 53 4 71 59 32
14 14
29 24 3 81 78 69 79 2 20 1 15 99 73 85
80 68 42 76 47 84 95 34 7 81 44 11 78 99
4 2
20 48 44 86
73 83
5 12
7 16 31 27 15
14 66 91 32 53 77 31 99 88 54 35 53
5 11
34 15 56 48 49
33 64 75 14 79 77 15 89 47 31 1
7 5
42 50 46 46 59 7 87
38 50 16 20 22
10 6
54 79 82 64 5 69 12 85 70 16
45 68 76 14 15 31
16 3
35 25 19 4 43 69 32 21 60 93 87 63 13 87 20 50
2 31 94
4 14
62 36 61 70
41 91 85 56 32 86 88 33 56 9 41 63 90 87
3 16
21 48 39
89 80 91 1 99 29 60 79 53 95 48 24 77 57 20 30
19 17
18 89 89 86 64 89 17 62 47 12 29 100 33 22 30 88 71 95 74
90 84 93 58 7 56 31 24 40 70 15 54 24 30 61 22 83
20 13
44 21 32 17 55 35 72 76 76 63 92 13 37 11 25 50 60 2 86 37
37 34 73 27 43 99 76 15 8 75 34 24 44
20 18
4 18 57 36 2 84 69 35 33 50 3 67 10 51 16 40 11 7 4 6
82 82 97 36 34 79 66 61 54 18 18 37 7 27 63 81 91 13
7 7
1 52 18 83 6 71 78
37 35 87 1 32 97 73
11 20
71 64 37 17 31 13 91 46 70 97 19
63 11 11 4 76 32 95 60 40 29 88 78 50 71 63 89 75 86 14 63
14 20
26 67 38 88 49 91 92 59 96 59 83 10 90 44
2 34 16 82 30 27 51 54 61 14 77 5 7 51 96 7 1 36 69 48
13 8
6 15 7 16 93 14 84 25 19 84 94 8 78
95 97 93 15 22 17 92 64
3 13
28 79 90
21 59 29 81 77 51 1 26 76 76 27 48 34
19 17
26 7 73 77 67 33 17 36 48 94 58 96 69 36 39 80 40 50 17
3 93 90 65 81 20 46 19 98 90 93 84 12 60 29 17 49
6 7
81 62 2 56 99 14
98 88 14 57 26 13 79
14 20
60 63 2 90 69 25 50 87 22 96 56 26 44 8
34 85 86 1 2 43 4 27 69 15 81 28 36 67 93 60 2 42 72 59
4 10
5 71 19 47
100 60 66 86 49 66 25 15 98 99
15 3
65 86 33 50 88 13 17 55 54 88 8 27 41 35 88
54 43 32
2 10
7 99
85 94 6 20 73 96 88 81 9 23
19 13
18 13 95 74 2 30 45 99 94 64 27 43 48 89 45 20 6 73 60
89 57 57 2 57 11 8 3 70 5 85 34 47
5 4
84 85 77 1 41
30 62 76 62
9 10
56 13 68 99 66 97 50 66 95
18 94 65 52 43 54 5 68 91 96
5 17
39 12 45 31 74
56 75 67 3 75 30 69 95 87 34 87 76 7 97 32 67 93
5 19
40 13 11 73 77
8 30 54 18 35 74 96 76 5 78 98 41 12 50 14 89 9 69 56
13 7
1 81 42 24 46 25 26 56 11 33 32 80 52
70 55 80 37 60 19 37
9 3
96 88 96 14 13 6 94 55 10
50 82 57
14 18
96 26 18 30 63 53 40 99 20 37 93 85 97 56
96 53 26 32 36 76 43 50 38 66 45 42 73 76 88 68 12 15
8 3
31 23 57 76 94 13 89 71
64 33 74
10 6
12 13 81 86 27 64 64 36 70 68
20 65 42 60 47 82
16 1
63 17 75 4 46 65 18 19 97 53 4 96 97 5 38 80
24
5 17
81 78 44 9 85
29 22 63 85 28 6 71 51 82 85 59 80 60 21 35 82 14
7 15
35 14 38 56 85 99 33
82 24 55 73 39 99 78 40 91 7 57 39 71 10 20
5 6
93 13 66 39 47
10 30 56 84 14 63
12 15
37 6 59 76 76 87 25 98 46 88 86 74
65 70 25 39 42 23 44 40 13 61 34 1 73 94 21
6 10
62 24 14 50 37 95
1 67 14 13 43 69 13 33 39 53
9 14
28 30 91 82 4 48 65 92 44
68 100 70 33 17 86 91 66 15 53 94 44 62 62
13 8
59 87 35 93 16 66 7 47 51 3 10 17 78
94 90 16 90 95 25 94 92
20 14
60 46 58 60 80 52 36 45 7 29 46 72 52 62 92 35 96 74 97 70
68 80 85 22 22 63 51 84 12 85 59 83 95 81
12 10
25 2 59 59 96 49 19 100 36 15 15 50
57 53 96 18 31 97 24 39 1 96
16 10
3 6 35 28 51 24 8 62 3 34 24 41 45 22 9 12
74 55 60 73 16 22 84 76 20 2
13 14
5 15 26 75 91 98 76 96 44 17 73 14 43
54 49 66 12 89 36 83 89 91 50 23 76 56 42
14 19
5 31 44 46 22 42 28 80 54 58 28 39 94 23
26 4 10 76 66 4 83 5 93 37 42 65 8 49 68 68 99 82 92
19 14
69 16 7 67 23 48 18 87 99 54 70 88 94 92 100 33 65 29 6
47 79 56 9 88 52 100 96 99 3 30 15 95 61
10 18
66 3 62 71 100 56 97 67 30 61
98 1 28 87 14 1 15 41 38 63 88 24 58 50 34 13 19 65
20 14
18 65 97 88 15 57 42 79 44 41 7 62 98 48 78 59 95 85 3 65
66 74 22 41 84 88 57 64 12 60 7 84 70 22
2 3
91 17
78 2 9
20 8
3 83 43 23 56 98 51 74 86 82 66 76 35 38 84 99 52 75 5 74
84 30 96 35 71 51 1 78
19 10
4 95 34 98 80 88 74 41 42 37 53 29 11 58 43 62 25 56 14
82 22 44 96 60 23 47 56 2 95
5 9
90 86 94 99 29
91 80 26 31 14 30 72 80 34
6 15
82 75 5 1 1 41
70 11 2 24 18 10 64 75 79 49 78 1 88 12 75
14 19
87 64 71 39 25 90 70 82 53 33 79 28 81 54
42 74 34 71 94 41 14 77 47 100 69 1 65 41 75 12 59 69 49
13 17
75 7 19 3 25 65 4 91 99 87 59 31 90
43 3 13 98 66 10 25 37 35 23 26 42 79 80 61 26 84
9 1
19 7 91 9 23 73 13 89 93
13
7 2
33 76 46 5 39 96 58
72 13
6 20
41 78 53 100 56 71
36 8 58 33 39 34 97 89 27 42 41 55 97 98 1 48 68 97 75 52
8 5
40 4 19 20 49 81 79 47
61 99 74 14 28
19 9
97 89 78 98 74 37 72 50 45 63 77 88 39 29 71 100 79 49 94
53 4 90 7 3 5 19 82 1
19 15
68 24 3 96 54 22 34 43 23 49 71 85 14 13 64 82 38 42 25
88 100 19 43 60 37 72 54 2 41 73 60 20 17 33
8 3
97 32 20 54 11 57 40 33
2 12 60
15 4
41 13 52 21 76 29 36 21 2 3 90 82 83 20 34
4 66 41 8
4 11
14 46 37 50
4 78 93 4 32 61 13 69 66 57 45
9 15
81 82 70 47 16 99 69 96 9
91 85 80 5 69 31 91 36 31 80 31 44 36 66 15
9 14
83 69 100 36 96 84 55 89 27
10 82 24 73 66 22 69 29 43 28 90 36 88 62
4 3
66 95 30 92
93 38 93
17 19
43 43 96 44 46 55 37 68 42 59 43 36 27 99 39 97 81
27 47 63 50 76 56 88 68 63 68 43 61 72 65 93 72 5 69 75
7 13
60 58 8 6 5 93 2
63 33 23 62 14 46 6 44 19 2 69 66 79
17 11
96 47 7 18 3 38 19 69 73 94 1 15 54 32 89 57 58
67 25 72 89 17 7 60 54 86 21 54
13 11
60 35 73 40 37 19 10 59 87 55 16 99 87
67 78 77 74 65 96 34 58 56 77 75
18 14
2 12 65 66 9 2 7 6 27 77 25 50 91 14 84 60 96 82
54 26 47 25 4 56 15 81 69 99 87 80 57 62
3 1
55 49 71
52
12 17
62 77 26 81 5 69 82 68 78 21 50 81
33 1 48 42 22 42 64 93 17 89 54 26 45 34 38 7 10
13 10
91 47 16 12 31 36 99 73 92 13 87 84 79
85 64 8 19 40 79 41 79 57 49
4 13
25 17 38 21
74 74 86 83 73 51 80 85 44 89 90 23 41
16 10
80 14 78 46 92 42 15 7 28 18 40 47 88 13 4 100
29 75 54 30 44 40 65 88 1 14
1 8
13
10 65 58 60 56 20 78 35
2 7
39 12
85 6 56 5 99 70 78
1 6
85
88 35 44 6 82 93
17 5
75 90 73 13 40 24 27 49 14 82 15 41 23 64 36 15 98
98 91 76 38 65
10 15
35 6 58 78 2 88 77 60 28 6
41 28 34 55 15 41 80 81 25 39 49 70 13 8 65
14 19
37 76 43 43 49 48 4 16 53 14 34 43 23 17
66 2 18 42 5 73 92 67 18 84 28 76 36 31 48 97 86 21 97
6 5
45 26 9 97 65 16
24 4 46 49 84
5 4
60 11 47 12 14
91 75 81 1
1 1
94
40
11 12
96 16 22 34 65 30 52 9 50 14 35
17 30 81 76 51 16 81 26 43 60 100 28
15 19
36 27 90 55 66 37 98 96 50 11 66 46 73 100 97
56 43 79 41 51 50 66 9 17 53 73 59 50 73 95 2 62 31 21
6 1
96 65 7 78 88 93
70
20 12
54 24 16 64 97 16 65 49 96 73 83 56 98 66 5 53 51 13 63 13
78 29 44 89 15 76 84 89 52 28 92 29
8 14
1 36 44 15 65 44 20 61
58 71 68 1 41 33 96 51 80 67 43 55 24 13
5 3
40 93 93 39 56
3 12 19
8 7
56 69 54 46 70 25 63 16
27 2 38 31 87 20 3
15 6
40 34 97 25 78 26 52 71 76 26 79 53 24 15 21
41 22 32 91 96 79
17 17
36 87 89 41 35 36 47 67 9 45 1 60 14 84 16 35 10
80 93 3 23 4 12 98 19 98 52 23 72 73 96 70 2 67
20 19
48 52 57 14 99 73 13 50 92 78 40 13 35 84 82 45 63 99 98 11
87 54 48 39 81 42 28 45 9 83 1 91 74 95 91 85 85 20 30
7 16
10 33 66 76 87 11 91
100 70 93 95 64 96 34 54 39 46 66 16 1 9 68 83
5 9
75 62 77 87 61
15 5 38 59 3 79 9 98 37
10 19
98 30 62 19 81 36 74 22 89 34
51 27 19 86 22 98 49 39 25 48 41 51 67 85 95 42 72 75 90
5 17
88 4 57 54 20
74 61 11 20 41 67 98 64 20 56 72 14 47 39 72 77 74
6 14
39 19 69 13 100 4
49 26 8 83 79 47 20 8 22 49 78 42 60 90
5 14
41 71 26 91 27
31 77 44 17 59 69 77 36 80 68 90 36 96 100
15 20
73 36 55 42 12 76 25 96 15 60 89 10 84 13 52
37 12 41 80 2 56 86 69 77 56 43 94 95 19 67 5 20 12 27 59
5 8
28 17 11 38 67
34 38 61 92 50 71 90 92
12 19
79 46 53 42 77 93 76 16 79 88 11 39
52 38 64 87 98 8 54 37 89 77 60 73 44 61 97 8 49 74 50
19 20
89 71 70 39 59 54 1 37 66 35 66 38 83 3 49 17 31 24 27
94 59 79 60 9 46 62 73 61 99 62 46 49 100 26 85 67 40 38 53
16 2
1 28 1 28 71 50 5 1 20 60 97 79 67 74 62 2
8 40
11 15
82 85 52 58 50 95 8 1 31 81 16
26 39 61 29 72 76 42 38 19 33 40 52 75 28 95
1 9
51
87 38 23 76 51 64 7 68 61
10 8
57 67 81 49 19 26 87 4 23 70
33 39 43 99 61 11 71 91
1 16
52
77 66 46 51 56 69 35 38 26 22 19 24 41 24 43 32
14 18
86 86 12 73 91 14 94 95 77 51 30 62 38 89
3 55 16 32 20 4 59 18 74 2 45 77 86 72 92 71 5 74
8 11
82 90 43 55 51 59 99 93
1 73 47 28 51 94 58 89 71 80 86
20 6
96 62 87 39 93 25 42 23 55 81 30 91 53 97 13 100 27 19 83 15
80 7 40 99 38 74
16 2
29 72 10 48 83 63 50 86 3 5 51 12 18 53 81 84
52 87
20 5
69 16 75 72 65 31 26 22 95 86 92 84 11 53 46 50 64 54 30 93
3 52 85 1 65
1 6
79
85 28 96 56 84 67
16 17
68 21 40 9 53 5 90 13 23 30 63 15 58 97 12 47
52 86 92 53 54 4 32 46 11 72 54 15 4 82 50 36 51
3 4
14 33 16
52 38 19 54
9 4
49 68 75 44 18 68 61 8 9
30 91 80 95
15 5
69 22 48 82 31 68 85 34 27 78 26 60 78 61 73
97 83 97 17 19
13 9
57 55 59 60 31 27 58 87 18 45 95 77 29
26 6 82 1 16 63 28 59 57
5 13
75 41 46 2 30
88 69 62 53 98 13 17 64 73 43 25 28 98
3 13
81 76 95
49 41 44 91 63 31 11 75 53 25 47 25 81
2 19
20 40
5 54 2 91 28 20 70 93 45 37 99 94 93 84 12 37 8 9 89
8 14
79 5 75 42 71 86 61 97
87 10 75 27 60 34 90 95 20 66 37 30 29 94
13 16
88 52 27 46 35 31 66 5 80 53 34 26 67
83 30 20 72 48 39 33 50 45 75 77 18 24 3 62 78
4 17
22 90 39 62
64 14 32 69 15 26 89 38 9 69 31 64 22 38 45 69 30
6 16
28 75 56 66 62 97
76 62 54 35 69 77 58 85 63 25 69 80 65 65 76 36
20 14
100 91 34 29 75 59 64 38 55 27 36 43 18 19 56 71 92 20 29 59
48 53 5 88 15 89 10 83 47 42 48 92 5 87
11 16
72 83 14 35 100 100 50 87 23 56 57
3 48 44 3 52 63 28 56 15 54 28 88 33 3 35 70
18 19
26 29 31 77 74 78 20 13 19 28 46 86 49 63 82 32 59 82
56 43 87 76 9 82 95 87 22 16 31 60 91 11 21 13 1 48 12
7 4
92 21 96 57 54 17 30
65 14 65 6
20 20
28 34 35 31 45 63 34 91 75 40 59 79 59 65 74 31 53 89 79 12
11 61 35 47 12 51 98 22 63 51 95 86 14 45 11 22 99 37 22 42
10 14
95 5 40 31 26 68 90 53 57 1
48 79 88 13 95 33 40 2 84 65 64 54 98 17
3 2
64 40 69
92 92
8 17
53 53 62 54 7 34 38 50
60 93 22 24 53 73 8 64 72 72 85 2 91 57 63 2 75
12 20
35 82 93 48 47 33 97 47 97 34 61 44
3 44 16 7 60 58 10 84 63 43 67 18 6 73 12 41 13 89 35 81
20 17
94 97 56 27 28 80 7 47 11 3 79 49 7 81 83 96 22 94 66 80
42 53 54 61 66 89 34 85 29 64 61 86 62 87 5 58 90
11 4
17 93 72 67 67 21 96 25 16 13 77
8 1 36 64
13 9
60 55 55 34 3 19 52 32 9 47 1 78 28
71 65 25 82 58 53 62 43 5
2 16
28 5
62 80 29 65 55 99 28 77 39 20 12 13 23 83 7 75
8 11
40 93 68 17 90 13 51 51
15 23 15 26 90 14 30 20 57 83 53
7 8
33 75 35 60 83 90 80
9 81 62 74 4 99 16 99
6 17
40 73 7 82 27 69
43 53 86 85 89 30 37 43 55 6 29 48 12 66 67 14 66
4 11
38 56 79 26
18 32 39 48 36 78 74 34 10 36 85
1 8
16
55 17 45 33 88 15 14 42
11 12
5 66 61 28 87 6 92 7 75 98 29
96 53 76 19 57 11 63 2 39 92 2 64
20 4
11 35 80 93 36 81 32 5 61 83 24 58 40 39 36 56 23 25 86 11
90 6 62 98
6 12
61 81 99 32 79 56
84 96 41 53 33 77 11 35 52 42 75 13
9 7
76 35 64 27 4 82 63 66 39
26 41 36 66 79 44 20
13 18
64 98 25 11 18 45 14 34 6 62 61 58 77
71 8 75 19 77 2 38 27 47 79 80 58 61 2 95 16 93 86
16 15
69 59 50 14 39 12 14 39 7 91 61 89 86 30 57 46
65 78 87 18 90 43 15 47 99 29 28 3 84 34 32
10 5
22 86 81 30 1 91 7 86 56 4
91 41 4 99 61
10 18
62 41 65 33 22 87 70 100 98 22
20 21 18 31 87 35 92 99 43 73 29 39 34 28 61 9 74 17
19 6
28 81 2 47 18 15 8 70 19 18 33 87 77 52 40 36 22 48 98
40 48 21 5 90 63
20 7
67 44 98 52 83 96 67 3 68 24 17 82 21 65 3 54 32 40 74 96
41 30 67 90 33 31 55
14 20
54 26 10 83 59 9 7 75 33 37 18 12 56 13
2 90 72 7 91 24 96 43 53 36 12 87 67 9 87 13 61 57 50 76
2 11
75 72
66 94 27 37 78 76 97 77 39 55 20
15 6
56 77 52 47 71 22 81 78 92 24 55 32 90 35 46
8 34 21 6 7 40
10 17
59 94 51 95 25 64 26 77 43 2
75 95 66 65 30 99 9 51 47 63 77 25 81 62 7 84 92
20 13
2 63 61 21 57 22 94 24 27 65 23 48 60 43 70 59 42 23 91 18
48 7 95 39 69 16 10 75 42 36 8 48 55
17 11
33 50 54 19 85 22 41 41 59 1 55 45 41 47 42 28 12
61 80 34 66 19 81 89 65 39 45 4
17 3
28 29 69 38 64 36 55 40 2 29 51 86 53 90 92 27 58
7 4 61
14 8
47 85 47 27 43 99 28 91 79 78 4 70 99 94
67 28 46 25 89 89 49 65
17 7
33 86 31 62 84 89 70 90 93 61 66 64 31 42 72 53 46
77 21 54 87 49 99 83
10 10
9 44 67 56 45 59 95 4 97 23
10 72 31 15 40 58 15 29 60 36
5 7
6 59 40 42 95
60 29 1 80 1 14 22
7 10
71 38 90 54 44 25 1
74 97 51 32 53 29 89 23 26 39
20 12
64 16 96 77 89 35 67 19 68 68 88 32 64 78 29 14 90 29 69 46
67 44 82 9 60 16 28 51 83 51 76 67
1 6
82
48 58 59 92 23 67
20 5
10 12 10 26 75 86 59 89 99 87 85 12 28 53 16 90 96 4 8 91
87 68 76 4 76
18 9
24 97 32 33 77 10 88 8 47 6 74 30 15 90 87 79 46 28
42 5 8 14 59 50 14 96 99
8 8
10 58 11 59 23 49 35 40
19 8 43 83 42 40 26 98
2 18
42 71
46 75 32 69 45 86 77 40 75 13 69 36 84 20 15 94 47 5
18 11
77 50 83 23 55 42 92 87 28 92 90 60 76 78 84 97 78 68
6 1 71 59 31 67 96 70 44 96 60
12 3
89 4 60 88 2 2 7 71 20 86 82 84
7 48 65
5 5
56 5 68 17 76
43 99 5 46 19
6 9
43 18 61 22 57 12
66 88 81 23 79 79 14 38 26
14 9
75 84 87 95 58 23 1 58 43 48 19 64 51 61
73 98 76 24 22 63 49 26 69
6 19
89 83 75 14 3 28
23 89 16 17 51 1 64 16 62 23 34 11 100 31 38 93 31 5 44
18 10
52 79 21 21 30 87 21 90 97 84 5 51 45 45 51 5 28 13
90 23 29 93 19 1 46 12 76 50
9 6
24 70 55 33 5 24 40 63 87
37 64 15 18 16 5
11 3
56 7 88 95 1 55 26 75 35 40 43
42 57 9
1 14
16
69 37 28 69 57 24 72 22 14 90 6 66 100 42
15 20
88 76 80 20 48 71 17 95 37 12 20 66 52 57 64
18 42 62 62 75 58 91 60 96 23 55 49 81 71 7 38 54 97 42 72
9 20
31 59 75 50 65 100 8 30 58
36 10 34 28 16 82 66 7 7 4 87 2 55 53 28 89 76 72 81 92
3 19
27 39 92
29 58 4 92 43 79 1 92 32 54 3 16 31 37 55 78 72 22 69
20 19
93 36 49 80 36 60 53 46 34 84 24 93 37 53 51 43 83 52 7 86
1 88 44 88 95 26 12 22 65 58 81 70 73 25 6 62 35 33 79
6 16
35 72 9 35 30 18
37 63 82 26 58 39 53 36 27 44 85 25 25 63 60 85
3 9
55 14 20
97 20 95 32 45 35 66 99 25
9 15
68 70 40 83 87 88 100 86 75
73 94 25 34 52 68 44 52 27 54 37 44 54 3 88
7 9
85 64 94 21 9 44 76
88 88 100 86 41 21 8 9 65
8 17
60 29 64 59 95 57 94 32
1 82 36 15 43 9 39 6 18 86 82 69 61 78 4 4 65
17 2
53 8 89 91 80 10 32 90 61 19 18 67 57 23 9 22 98
56 20
15 6
52 33 60 96 40 35 3 19 46 96 69 37 4 11 15
10 27 63 77 94 72
15 14
42 78 100 62 55 39 86 12 94 91 39 76 71 12 83
46 46 72 46 53 69 89 5 41 19 16 13 93 74
15 6
82 70 31 30 31 12 62 44 18 65 91 89 57 29 17
58 11 52 31 8 94
7 7
90 8 48 31 55 59 94
95 37 31 26 53 67 28
9 8
100 62 79 12 94 75 78 43 92
28 41 72 97 85 25 87 18
12 8
34 68 14 56 40 67 50 5 48 64 12 80
94 80 79 69 38 43 63 42
19 10
72 17 6 33 61 50 24 62 86 79 68 4 50 62 74 1 2 6 29
60 16 99 74 43 53 77 6 74 28
14 16
67 40 5 57 88 70 7 82 37 8 77 54 67 27
60 61 89 75 80 70 87 22 45 54 90 48 61 19 89 78
1 2
87
6 71
1 3
84
15 50 83
20 7
66 33 62 40 26 25 61 16 21 97 9 11 53 83 37 21 69 71 41 55
34 83 68 82 23 77 79
14 3
84 29 28 39 23 90 32 24 36 84 12 18 67 25
59 44 100
18 15
73 49 85 12 94 38 25 75 50 18 48 88 69 61 84 32 97 64
23 87 92 79 77 91 63 75 46 71 32 49 81 25 46
5 15
65 20 16 42 63
50 26 82 37 92 76 15 43 40 68 17 89 48 68 3
17 14
75 1 62 66 48 58 74 24 65 78 21 27 37 73 91 67 26
42 58 16 99 28 42 81 96 25 79 18 1 6 58
18 3
1 81 49 75 63 22 55 56 74 56 16 37 80 54 38 1 46 62
38 2 3
16 3
78 14 92 81 61 95 55 63 29 82 82 70 29 38 86 71
50 8 66
17 17
50 77 69 7 24 49 45 83 94 81 82 80 12 52 13 5 17
87 81 99 20 99 11 14 26 93 25 24 38 84 60 16 100 62
10 4
71 80 85 28 19 21 6 33 51 35
11 11 28 54
13 16
96 51 38 18 36 55 28 17 86 93 17 50 40
63 13 49 75 57 75 36 73 81 36 50 24 30 94 73 72
5 18
80 93 59 58 30
86 96 45 17 59 57 54 48 4 75 32 37 85 58 25 39 32 100
11 2
50 63 70 34 33 50 40 68 63 93 72
1 66
12 10
36 78 21 13 84 99 94 41 100 47 31 89
10 80 90 55 29 49 100 63 51 64
3 20
46 14 71
54 63 23 24 13 43 34 55 33 84 2 65 83 83 64 2 27 80 38 71
20 3
97 97 53 26 72 7 88 28 15 24 78 12 53 91 61 21 27 41 10 60
63 19 67
12 17
45 49 21 21 32 51 96 87 72 69 81 93
19 54 78 29 52 63 25 49 77 50 42 37 50 16 18 48 40
7 1
23 3 49 61 13 72 51
9
5 19
34 75 68 26 85
54 88 76 2 77 90 59 57 94 76 75 60 60 88 56 17 81 59 4
2 5
55 27
100 1 17 69 41
4 4
56 14 70 20
75 1 68 52
4 16
70 9 70 93
33 80 84 52 37 36 52 24 68 61 93 2 92 71 2 56
17 9
25 68 85 46 49 34 55 75 36 1 40 39 5 47 81 94 55
72 79 78 88 44 46 89 51 94
11 9
71 97 65 75 93 35 95 21 90 32 4
24 11 28 27 50 99 46 29 20
1 10
1
58 59 76 79 82 48 7 64 41 35
7 16
22 33 39 61 81 67 8
21 33 41 35 8 59 5 91 11 85 38 9 90 51 85 50
15 17
16 45 41 34 94 6 70 75 84 28 2 31 87 68 41
100 11 28 52 36 57 41 81 90 75 97 67 5 59 61 19 20
15 12
13 73 24 87 16 81 74 15 54 49 74 6 89 77 60
94 48 51 69 36 3 13 34 38 46 44 24
6 10
61 82 69 69 88 50
1 93 48 83 23 81 29 64 77 4
2 20
69 7
80 89 29 19 16 9 89 61 93 40 32 13 44 92 71 20 57 2 60 37
17 12
96 15 26 74 14 29 69 4 38 62 13 63 42 75 30 96 45
43 2 23 47 54 79 5 38 14 91 42 64
12 3
60 35 93 65 39 27 23 57 87 63 79 44
33 5 38
20 5
22 1 25 89 71 59 92 17 22 47 51 90 74 47 86 27 6 82 88 91
50 55 6 5 22
20 8
38 73 88 88 42 40 97 50 7 12 75 34 41 44 19 79 84 36 53 2
10 23 66 77 54 34 71 97
10 15
36 25 10 71 74 16 34 20 17 31
32 91 26 41 12 35 39 13 42 16 38 51 87 85 46
19 9
59 86 9 66 32 36 99 77 13 38 23 21 4 100 66 28 75 21 89
54 35 30 40 3 82 74 34 56
1 1
15
91
2 16
70 18
15 38 39 20 61 66 54 32 75 99 34 36 64 43 47 23
20 12
40 47 72 78 62 85 14 83 91 52 54 33 4 21 71 16 36 38 2 9
11 90 38 37 75 50 55 16 50 36 19 90
14 3
76 53 79 4 99 84 49 24 71 94 32 59 72 89
46 31 53
20 12
99 18 9 78 92 7 84 10 84 15 14 77 90 93 63 66 51 99 45 44
56 81 10 29 33 11 97 2 55 5 6 27
19 16
14 54 38 80 8 51 67 80 26 73 60 79 56 22 49 39 24 25 54
57 81 59 94 19 53 14 31 65 67 16 67 67 65 63 94
14 14
66 89 14 41 18 89 63 49 7 58 5 59 3 61
82 91 26 30 44 100 84 22 44 99 97 86 96 8
5 10
65 68 54 35 62
12 77 81 76 1 73 62 76 74 77
18 8
93 19 29 86 50 84 48 79 34 84 36 21 82 20 41 86 94 91
12 55 22 33 17 54 92 28
18 8
99 46 18 35 10 4 83 29 27 96 77 24 21 64 41 44 83 69
55 20 74 22 76 9 75 34
20 17
2 81 25 65 80 23 22 88 50 87 49 50 76 38 2 54 15 38 22 60
43 35 4 19 54 9 39 32 3 40 39 70 56 3 35 20 88
10 1
38 18 96 78 28 20 93 78 1 72
48
1 1
59
10
9 8
89 46 6 65 86 64 36 3 61
14 9 64 91 62 92 45 52
1 6
83
47 45 45 9 9 52
16 20
70 51 1 17 91 29 96 11 73 61 41 34 97 71 41 89
46 31 89 53 34 100 14 36 89 66 8 23 57 13 59 96 84 57 12 12
5 12
57 70 3 79 17
3 72 29 49 68 100 45 82 19 79 36 81
18 11
33 53 78 52 52 24 73 13 92 95 13 18 5 81 94 84 22 88
40 31 80 40 15 25 1 82 78 28 53
11 17
55 1 22 26 18 3 5 19 58 100 61
22 66 55 97 84 1 3 39 39 93 96 39 8 61 82 34 38
8 8
72 9 12 34 2 47 71 16
17 63 78 58 14 37 21 78
20 15
60 100 25 83 34 49 25 43 36 48 76 87 14 88 96 98 59 1 82 58
12 34 89 16 61 56 6 21 36 98 90 95 31 36 78
20 10
4 5 90 47 43 10 10 21 1 72 77 17 53 16 66 20 62 39 82 11
32 53 46 97 100 43 9 17 40 34
15 14
72 18 23 93 72 7 6 30 7 27 45 31 69 86 67
43 6 21 65 85 30 100 37 59 31 8 15 23 61
17 19
65 69 97 61 58 22 32 11 59 27 65 86 24 8 35 46 14
88 54 18 18 20 46 36 71 99 52 51 100 68 56 88 67 16 88 32
3 1
99 69 31
12
3 13
93 91 12
13 12 19 62 75 2 76 39 25 86 88 95 16
16 16
54 62 12 27 66 32 87 77 42 13 38 90 56 5 40 52
7 42 21 64 54 99 9 5 60 27 45 31 49 55 43 54
20 6
89 84 35 66 26 63 8 82 52 81 32 46 23 50 38 4 85 97 33 39
44 79 23 79 47 55
15 10
33 96 32 14 93 99 59 17 12 82 93 72 14 17 31
32 49 41 13 76 52 72 79 20 94
3 2
88 37 52
64 71
11 20
68 52 44 70 71 65 29 70 10 55 19
35 9 24 59 18 90 80 43 60 28 59 99 88 17 50 49 43 32 77 80
1 3
44
46 23 94
15 6
11 14 44 35 38 47 12 55 51 79 54 81 46 33 19
3 2 18 65 5 74
11 9
92 68 77 96 56 69 76 85 2 18 89
13 34 87 24 98 63 90 71 25
2 16
24 57
59 85 55 61 84 55 14 69 48 43 35 38 81 36 62 21
2 10
51 17
85 80 56 46 10 34 42 90 79 64
16 11
2 37 19 39 62 21 84 95 6 60 31 53 13 49 50 46
84 15 33 93 15 87 48 58 20 84 84
4 2
77 46 95 64
35 46
6 16
17 85 6 60 42 20
45 60 18 74 29 18 34 58 91 76 91 19 56 34 67 50
14 9
96 19 60 45 54 60 82 57 62 21 39 25 65 7
59 43 97 93 61 83 69 2 65
13 12
53 59 11 51 91 59 20 51 72 62 46 79 6
84 53 64 45 20 22 66 89 70 81 66 84
2 15
42 77
1 76 15 74 3 19 4 11 64 33 40 20 26 10 44
19 11
80 67 48 99 42 16 63 46 18 91 10 72 95 20 24 23 71 15 95
1 22 66 34 59 82 54 96 7 17 35
15 14
2 11 54 27 85 59 80 7 70 42 63 31 53 28 58
29 33 24 22 27 49 58 61 39 82 30 42 21 20
3 15
16 100 5
75 1 15 75 60 18 2 70 95 20 31 28 75 29 19
10 1
99 87 87 59 32 33 66 60 24 61
36
18 14
21 76 84 67 48 85 56 21 44 31 62 14 9 82 79 98 20 38
16 65 40 33 28 30 20 56 33 81 2 95 84 14
10 16
76 71 89 64 11 78 83 66 73 33
69 97 55 1 40 31 73 27 20 93 60 66 85 79 41 95
2 14
73 3
41 49 99 80 45 28 9 1 36 5 35 10 81 70
6 20
39 25 54 51 100 9
40 27 82 28 41 46 78 99 21 25 88 32 33 63 16 21 82 12 21 94
20 11
72 79 76 93 69 40 98 92 58 63 31 17 51 5 84 62 68 46 33 89
70 80 47 46 27 28 59 13 52 97 76
6 14
38 93 3 7 76 45
2 33 79 97 48 94 68 22 84 46 73 16 29 95
1 4
43
48 4 62 55
8 12
72 94 28 87 82 67 100 94
24 94 70 35 67 85 89 40 7 50 3 54
18 15
40 4 76 85 25 37 17 74 30 37 55 36 65 88 57 43 56 89
5 82 6 29 47 99 19 2 92 27 80 4 8 63 52
11 15
65 25 75 84 23 48 23 65 35 97 7
49 57 75 98 58 41 38 56 15 66 36 96 72 80 39
19 8
19 51 24 50 49 53 87 97 89 84 18 59 6 92 58 83 36 54 3
35 48 9 80 10 39 77 8
19 18
86 32 84 85 25 50 12 75 64 43 54 96 29 19 71 52 26 84 77
93 32 66 66 96 20 29 29 8 20 49 73 2 72 66 100 84 79
14 5
59 98 54 50 24 56 72 91 82 16 86 69 26 77
54 17 26 13 60
18 11
83 96 23 7 30 77 98 16 87 27 53 27 27 65 89 66 42 19
43 54 5 78 77 93 34 15 47 41 74
12 7
99 34 39 31 62 78 73 76 65 55 84 65
5 87 89 20 76 76 76
17 15
1 3 61 49 17 54 80 29 78 53 71 73 15 8 23 77 78
31 13 32 31 8 12 7 39 35 42 88 41 61 59 21
13 5
27 7 44 6 13 7 14 44 91 67 28 22 75
22 89 17 9 76
13 20
2 36 82 30 55 6 98 12 12 44 100 80 77
45 38 39 4 94 80 67 57 79 92 74 77 100 96 85 24 77 91 66 39
9 8
11 91 72 53 100 100 81 42 25
10 1 84 77 27 94 86 16
7 17
87 86 7 91 86 83 27
88 36 49 44 92 74 4 47 20 52 97 63 7 51 31 59 18
12 5
90 47 79 91 93 43 57 76 32 48 46 25
13 80 96 13 44
11 18
7 61 97 2 64 50 10 28 86 30 68
40 73 99 57 87 22 89 99 11 67 24 6 87 81 54 77 28 98
11 1
42 27 91 19 28 79 72 39 19 6 93
56
16 4
44 57 15 43 49 76 68 80 60 61 70 50 55 55 7 37
69 59 41 61
13 19
40 48 29 76 62 84 63 61 42 35 36 34 18
41 48 62 4 85 47 77 5 96 31 98 93 65 39 55 56 39 69 76
8 19
2 67 13 11 41 39 84 59
83 4 76 52 78 1 68 16 69 23 34 60 65 11 30 86 92 20 30
7 9
70 3 18 65 24 82 23
81 42 65 1 10 36 85 44 23
14 19
72 82 62 64 17 76 29 3 21 100 46 59 84 48
49 58 19 40 81 67 100 5 71 21 88 91 25 2 2 40 16 21 42
3 6
80 15 49
64 75 76 3 53 95
18 18
98 31 37 86 92 75 63 96 81 56 45 36 79 70 49 8 83 90
84 7 87 64 26 70 41 66 81 66 62 50 42 40 7 96 44 100
8 2
23 26 40 87 50 17 90 49
97 43
3 6
100 6 22
47 86 14 54 68 39
20 8
65 3 61 50 60 49 80 25 85 24 80 80 21 41 44 86 39 59 73 9
78 45 68 61 73 44 57 21
1 3
13
19 75 13
13 15
84 22 76 27 39 6 17 94 10 9 55 28 89
14 55 88 89 76 22 7 6 11 100 38 98 63 38 7
4 8
36 72 66 17
8 75 80 74 29 41 90 46
17 7
97 25 76 72 15 83 54 85 23 83 21 3 62 1 13 49 81
85 63 83 20 74 38 92
12 3
24 69 14 37 42 56 1 55 84 5 53 16
66 40 7
17 2
14 54 93 44 4 4 99 64 43 57 95 68 14 35 49 59 34
93 13
7 5
93 45 7 64 98 94 78
57 62 44 39 54
12 17
38 56 31 54 1 12 66 30 37 30 46 97
73 1 71 14 26 44 27 33 74 64 2 82 64 67 76 76 38
7 6
35 32 17 21 66 42 91
45 90 97 58 44 89
10 13
93 92 29 96 93 58 16 93 37 42
74 79 66 9 41 90 27 34 84 80 11 8 21
11 12
11 36 56 45 43 30 18 85 92 44 53
70 12 41 84 63 20 3 91 3 92 19 65
11 10
92 56 44 27 4 64 78 22 27 43 66
86 22 68 17 56 29 24 67 64 50
15 1
59 52 81 11 71 92 86 67 83 39 61 40 7 30 62
44
17 17
68 86 23 21 60 24 30 46 67 2 72 21 20 22 52 47 88
26 20 76 85 34 78 86 39 91 64 95 70 32 46 22 66 33
8 11
81 67 6 70 84 93 18 4
2 10 61 50 4 77 59 96 88 48 42
11 11
25 83 56 54 24 25 67 93 99 31 28
87 16 78 21 39 3 65 6 94 54 52
20 10
27 46 23 21 77 15 36 20 67 11 4 81 3 16 98 89 32 39 17 30
93 72 40 2 96 94 32 67 68 56
13 13
84 75 45 11 86 18 44 54 16 72 39 76 10
17 57 38 77 65 5 95 26 15 41 55 97 72
12 8
78 78 54 73 84 89 99 94 25 49 84 1
84 94 29 28 99 75 55 41
17 11
84 61 97 24 66 9 77 11 68 96 40 56 86 38 64 8 43
62 92 14 58 42 92 10 78 26 92 50
5 13
29 95 58 4 88
29 91 20 76 67 99 20 72 48 21 65 75 41
3 12
47 60 24
32 2 6 91 49 12 95 26 2 7 85 76
12 6
100 78 65 98 100 22 14 52 73 15 57 21
51 59 59 36 100 85
15 20
32 71 5 40 32 33 57 21 7 37 10 99 44 93 78
48 87 59 1 31 4 81 30 74 70 61 31 57 52 26 19 57 24 75 55
14 15
9 72 82 15 45 68 99 65 95 57 9 7 36 53
53 43 93 64 43 66 31 89 53 66 25 53 50 40 57
14 8
88 51 21 42 7 88 33 95 20 80 10 65 52 61
86 59 32 90 32 7 15 8
4 12
62 80 32 30
38 55 42 69 5 93 31 14 90 55 2 30
16 5
59 4 79 96 53 83 38 97 76 98 70 52 100 99 2 46
20 93 89 8 71
9 8
70 39 36 45 12 89 68 89 61
46 71 94 67 37 51 94 75
19 9
6 56 9 21 52 20 45 99 66 52 26 89 32 94 68 30 30 98 100
85 35 72 38 49 99 85 42 11
2 9
2 58
51 22 15 70 31 32 96 24 51
8 18
60 37 81 37 56 60 26 50
6 19 30 95 18 42 82 36 85 20 18 10 87 82 36 43 86 55
20 4
97 98 23 55 42 8 92 93 92 83 97 32 2 19 79 94 18 81 94 72
23 63 63 52
19 18
85 40 58 96 15 93 25 94 13 25 11 7 2 33 52 75 100 87 13
57 64 22 74 18 18 73 96 76 22 23 11 87 18 34 68 59 58
19 20
12 58 92 16 64 79 27 11 13 34 64 96 57 60 43 40 88 9 55
100 49 65 20 73 13 58 82 55 7 35 79 35 78 82 89 64 95 8 2
13 20
100 70 73 37 23 61 50 19 11 87 76 88 43
49 79 77 73 34 56 8 100 44 8 78 54 23 87 90 55 46 7 20 72
6 18
7 42 40 76 19 44
7 34 8 44 20 96 1 63 28 12 66 32 74 97 7 97 19 45
15 6
7 80 5 72 54 46 82 72 77 16 5 17 61 48 2
21 4 49 43 84 40
4 2
68 53 49 29
91 7
19 9
12 42 48 52 63 64 70 18 57 87 52 60 13 4 62 68 97 89 44
19 69 12 51 91 18 78 77 93
13 1
36 92 58 30 75 40 74 23 48 92 37 86 31
52
12 9
42 20 24 72 23 7 13 38 90 81 56 76
36 58 54 32 52 69 27 83 49
17 19
100 22 83 20 31 82 58 30 74 18 93 78 88 29 33 28 49
43 21 65 59 14 88 58 20 7 14 87 34 43 51 84 85 28 7 63
13 15
16 100 21 89 40 52 21 91 48 3 73 16 41
46 48 71 19 45 66 34 77 18 85 68 99 88 84 72
12 9
4 8 32 65 29 31 87 73 23 59 52 96
27 64 15 5 89 31 88 100 77
8 18
72 22 8 100 52 72 60 31
74 92 44 90 41 75 20 100 97 23 59 90 37 65 59 43 84 40
7 2
65 53 77 83 74 41 60
22 42
6 3
91 43 69 47 100 49
42 1 6
4 20
34 17 82 21
30 91 94 28 14 77 22 78 13 62 35 8 87 62 52 72 41 72 63 52
18 4
51 5 13 42 83 38 85 37 61 67 16 33 36 94 68 89 87 12
93 6 91 21
1 10
49
56 66 30 6 20 92 85 25 71 12
18 20
53 30 22 76 29 41 64 12 72 70 39 66 76 92 47 78 43 2
8 69 13 43 6 60 33 89 63 6 41 15 84 77 54 15 44 14 1 37
4 8
8 98 10 57
53 10 89 5 2 87 47 97
20 3
42 45 100 81 22 19 81 69 99 34 51 52 92 71 18 81 65 47 97 66
98 27 96
3 17
95 38 38
52 92 91 18 88 46 16 33 59 94 30 6 52 41 59 15 69
20 20
83 52 50 48 81 71 76 83 8 34 8 28 61 65 46 48 48 64 74 81
8 41 5 32 6 49 52 75 62 52 31 15 85 32 55 43 44 10 81 92
8 8
29 35 44 12 87 54 90 96
17 23 10 64 79 99 85 92
10 16
7 63 46 72 47 37 8 68 62 61
61 50 83 80 20 75 5 88 16 90 7 62 32 47 87 29
13 12
100 92 7 59 53 64 80 34 55 27 76 54 75
75 28 21 93 73 95 57 22 78 100 58 23
17 18
59 72 67 58 18 66 78 96 47 5 74 14 89 71 7 32 14
35 81 66 94 19 35 2 39 78 32 59 8 11 61 75 61 36 1
17 9
87 92 20 53 1 9 87 70 46 48 98 50 94 44 48 76 88
46 31 83 93 40 13 35 13 83
11 5
39 86 93 77 56 76 71 27 44 66 47
92 8 30 40 32
5 17
32 87 12 62 84
36 36 53 23 83 83 34 94 73 69 11 71 95 20 41 93 99
10 11
50 15 74 34 69 79 95 19 88 79
31 36 96 99 97 92 52 13 56 6 89
3 3
54 65 98
19 40 47
4 7
7 72 87 67
46 2 80 92 3 8 56
2 19
95 23
67 27 96 4 61 11 39 14 79 62 66 26 9 31 80 42 84 51 62
12 15
76 17 89 37 95 54 87 48 3 45 64 59
60 71 24 85 94 8 86 55 67 82 52 94 40 56 86
20 12
55 19 2 47 20 40 96 25 76 67 33 85 39 86 10 3 18 57 79 94
57 12 23 70 25 10 11 90 19 71 99 75
3 11
17 24 18
76 91 28 93 37 61 12 36 37 85 58
16 8
74 71 61 58 37 37 16 66 59 30 18 45 81 91 91 16
74 66 12 18 97 89 21 39
9 4
84 98 27 47 37 72 23 69 24
22 3 62 70
3 14
94 55 92
91 80 65 47 71 9 36 24 79 90 53 91 16 93
20 4
76 93 37 5 88 44 10 20 52 56 67 42 33 100 80 45 64 83 35 78
96 89 36 52
4 1
28 68 54 99
98
7 17
24 25 83 76 1 95 70
53 92 23 9 47 43 65 63 48 71 97 99 59 22 95 25 80
9 2
18 63 7 60 52 53 56 35 75
39 71
8 2
24 49 67 46 32 44 76 58
27 72
1 2
42
37 6
4 19
42 35 22 24
80 17 97 76 62 26 84 37 75 16 67 15 91 74 13 24 17 51 82
14 10
13 77 96 73 83 51 9 65 60 51 56 26 90 100
86 33 3 2 75 7 3 41 45 58
4 4
67 28 13 52
4 94 72 70
9 18
52 44 47 97 63 57 87 86 62
64 3 57 76 29 48 65 86 1 46 6 97 57 50 44 75 26 5
10 14
76 6 36 44 2 12 26 2 12 57
27 4 30 40 50 39 6 76 64 24 66 43 64 14
11 4
38 39 43 57 56 72 75 22 72 36 66
40 36 53 32
