6
41
6426 9445 8772 81 3447 629 3497 7202 7775 4325 3982 4784 8417 2156 1932 5902 5728 8537 3857 739 6918 9211 9679 8506 3340 6568 1868 16 7940 6263 4593 1449 6991 310 3355 7068 1431 8580 1757 9218 4934
45
3676 9355 6221 9080 5922 1545 8511 4067 5467 8674 4691 6504 9835 2034 4965 9980 1221 5895 2501 8152 8325 7731 9302 8153 9896 9022 7489 8399 607 6466 4432 1502 3968 8333 7475 3792 84 7010 9694 7328 7354 4712 8409 6480 2643
42
1951 3492 4420 8197 8607 7925 2167 717 3438 9200 6986 6104 6483 3620 9806 881 6858 5559 6553 8502 3554 2962 2325 7435 9279 464 7327 2549 9832 6595 8200 8720 7658 639 9992 9130 6467 8989 7958 2581 6600 7466
30
1929 9775 2581 9770 9455 3718 4628 6807 9335 1898 1552 6530 5811 9569 4148 3384 6954 8913 114 6315 3686 9334 382 1392 8326 1008 3553 962 4957 4850
48
2061 1185 1588 4305 2980 7564 1890 52 8747 943 1740 7593 7469 7370 2516 443 6007 9525 3299 412 7163 6699 3571 8976 7455 2217 3590 9343 4427 3220 1342 4584 4239 4496 5875 2601 1258 1449 3377 40 7428 8238 2455 3517 1653 4433 1768 1957
19
6456 6878 2977 5368 1999 4882 3541 1826 3764 3269 1401 2098 8698 6763 1515 5413 1495 6523 4571
