6
75
43849 12276 18819 34144 47238 18340 64904 16673 20894 9844 31309 45871 38752 24011 31227 55005 55535 51080 63056 33586 35397 41082 1822 44393 35499 29415 4299 31599 47939 53510 17104 9832 58750 57221 26170 44331 61862 45059 64556 22209 27989 27543 44123 1258 25084 19783 913 22168 31582 27794 33322 39537 32274 22503 64154 37201 3588 32555 16356 198 50420 28215 9252 5522 39157 55128 50951 38445 37616 28110 13390 58689 54559 36941 21071
33
61842 50047 8307 17793 37037 64639 17849 40839 26536 47967 61234 3768 32526 62883 65155 38980 51518 53444 34918 64652 2285 11439 41769 27047 1954 65091 34093 64992 7225 31190 62312 6709 353
62
65508 34010 64542 11407 6206 23476 21063 59426 25639 55007 4361 23438 29671 56105 9058 58860 16085 23700 47271 13513 29152 37080 64254 7844 3593 61918 5605 19827 22246 4166 36009 47391 4385 13794 57584 61955 4343 55353 35120 15217 6330 56069 14133 30253 1871 41653 28319 56048 22193 63212 27489 34022 60012 46336 22595 52272 11811 21115 54625 28771 33802 12190
40
37640 876 47577 41571 33306 34598 24148 38818 21131 3114 19562 42194 19135 24574 2088 34357 7438 7994 52435 9309 62023 1038 48991 19122 17448 33977 61688 44528 34791 49683 12669 17062 43180 50692 45568 58295 21012 4618 30535 18653
77
32183 40014 19745 7812 25905 25795 34148 22920 10161 8073 9946 37418 62980 55606 15754 970 61709 56980 13007 31037 38977 3875 41946 18251 34857 65430 34861 5937 35044 60498 43041 33056 60578 31730 25441 30396 15914 20933 51053 32157 16213 28750 63000 47569 14224 27587 56331 51288 37470 27791 14144 27047 52692 465 60807 64550 47388 50139 45828 50866 754 50867 175 4892 6186 56469 23250 6311 21032 43119 59279 46734 30054 32867 21848 65148 32754
37
4469 36626 51181 11306 52865 48740 27149 33478 23277 38012 2075 24591 51068 38358 55158 20396 56773 24034 65423 61303 59061 2438 18539 33279 49418 29081 6436 20743 18393 13673 50792 57349 2312 38198 12536 61092 19413
