27
6 1 5 7 15 18 26
9 0 2 3 6 8 9 10 15 23
11 1 3 4 7 8 12 15 22 23 25 26
11 1 2 4 6 15 16 17 18 24 25 26
9 2 3 5 7 8 9 12 20 22
9 0 4 6 7 8 16 21 23 25
9 1 3 5 7 8 13 14 21 22
12 0 2 4 5 6 8 11 17 19 22 23 26
12 1 2 4 5 6 7 9 13 17 18 19 20
7 1 4 8 10 15 22 24
7 1 9 11 16 17 19 20
6 7 10 12 15 20 24
5 2 4 11 13 26
7 6 8 12 14 15 17 19
8 6 13 15 16 18 19 21 22
13 0 1 2 3 9 11 13 14 16 17 18 21 23
11 3 5 10 14 15 17 18 21 22 24 26
10 3 7 8 10 13 15 16 18 20 22
10 0 3 8 14 15 16 17 19 20 26
9 7 8 10 13 14 18 20 21 25
9 4 8 10 11 17 18 19 21 26
8 5 6 14 15 16 19 20 22
12 2 4 6 7 9 14 16 17 21 23 24 25
8 1 2 5 7 15 22 24 25
7 3 9 11 16 22 23 25
8 2 3 5 19 22 23 24 26
9 0 2 3 7 12 16 18 20 25
