197
25
6 3 7 8 13 18 23
2 2 14
4 1 7 12 15
5 0 6 8 9 11
3 15 16 21
5 6 9 12 23 24
5 3 5 15 17 23
3 0 2 23
5 0 3 9 10 16
4 3 5 8 18
3 8 21 23
4 3 13 18 20
5 2 5 14 16 19
5 0 11 17 21 22
2 1 12
4 2 4 6 16
4 4 8 12 15
4 6 13 23 24
4 0 9 11 20
2 12 22
3 11 18 22
3 4 10 13
4 13 19 20 23
7 0 5 6 7 10 17 22
2 5 17
29
6 1 3 4 12 18 21
10 0 6 7 9 10 15 19 21 22 24
10 4 5 6 7 11 12 21 23 26 28
9 0 9 14 16 19 20 21 26 27
14 0 2 5 6 8 9 11 15 16 17 19 22 26 28
11 2 4 6 9 13 14 16 17 19 21 25
10 1 2 4 5 14 16 22 24 27 28
5 1 2 15 19 24
7 4 13 15 18 24 25 28
11 1 3 4 5 11 12 16 17 19 22 28
8 1 14 17 21 22 23 24 26
13 2 4 9 12 13 14 15 16 17 19 20 22 27
10 0 2 9 11 13 15 17 20 21 24
13 5 8 11 12 14 15 16 17 20 21 25 27 28
11 3 5 6 10 11 13 17 22 23 27 28
13 1 4 7 8 11 12 13 16 17 18 19 22 24
12 3 4 5 6 9 11 13 15 23 25 26 28
14 4 5 9 10 11 12 13 14 15 19 20 21 27 28
7 0 8 15 22 24 25 27
15 1 3 4 5 7 9 11 15 17 20 22 23 25 27 28
11 3 11 12 13 17 19 21 22 23 26 27
13 0 1 2 3 5 10 12 13 17 20 23 27 28
12 1 4 6 9 10 11 14 15 18 19 20 23
9 2 10 14 16 19 20 21 22 27
9 1 6 7 8 10 12 15 18 27
7 5 8 13 16 18 19 28
7 2 3 4 10 16 20 28
13 3 6 11 13 14 17 18 19 20 21 23 24 28
14 2 4 6 8 9 13 14 16 17 19 21 25 26 27
11
3 1 3 10
4 0 2 6 9
3 1 4 9
2 0 6
3 2 5 9
3 4 6 8
4 1 3 5 7
1 6
1 5
3 1 2 4
1 0
27
9 5 6 12 15 17 19 20 23 26
10 3 4 6 8 11 12 18 19 20 22
8 4 5 13 14 18 20 24 26
9 1 4 7 13 15 16 18 19 21
8 1 2 3 5 7 8 10 15
7 0 2 4 9 15 16 23
9 0 1 8 10 14 17 21 23 25
8 3 4 9 10 15 18 20 25
7 1 4 6 10 18 20 22
7 5 7 10 11 15 17 25
11 4 6 7 8 9 15 17 18 20 22 26
6 1 9 14 19 23 26
9 0 1 15 18 19 21 22 24 25
4 2 3 19 23
5 2 6 11 20 23
11 0 3 4 5 7 9 10 12 18 19 23
4 3 5 18 22
7 0 6 9 10 18 19 22
11 1 2 3 7 8 10 12 15 16 17 19
10 0 1 3 11 12 13 15 17 18 23
8 0 1 2 7 8 10 14 21
4 3 6 12 20
7 1 8 10 12 16 17 26
10 0 5 6 11 13 14 15 19 24 25
3 2 12 23
5 6 7 9 12 23
5 0 2 10 11 22
25
3 3 10 13
3 9 19 20
2 17 21
4 0 16 18 19
1 16
7 6 7 8 13 14 15 18
5 5 9 17 18 22
4 5 14 15 21
3 5 9 19
5 1 6 8 17 24
3 0 21 24
4 19 20 21 22
0
7 0 5 14 18 21 22 24
6 5 7 13 15 19 24
4 5 7 14 19
3 3 4 17
7 2 6 9 16 18 22 24
8 3 5 6 13 17 20 21 24
6 1 3 8 11 14 15
3 1 11 18
6 2 7 10 11 13 18
5 6 11 13 17 23
1 22
6 9 10 13 14 17 18
24
8 4 5 10 13 14 18 19 21
2 13 21
7 3 6 10 15 21 22 23
4 2 4 16 20
6 0 3 8 13 14 22
7 0 7 9 12 15 22 23
8 2 7 9 10 13 16 22 23
7 5 6 9 16 20 21 23
3 4 14 16
7 5 6 7 10 12 20 21
7 0 2 6 9 12 18 19
1 14
3 5 9 10
5 0 1 4 6 20
4 0 4 8 11
3 2 5 21
5 3 6 7 8 23
1 22
2 0 10
2 0 10
4 3 7 9 13
6 0 1 2 7 9 15
5 2 4 5 6 17
5 2 5 6 7 16
27
11 5 9 10 11 12 17 19 20 21 22 24
8 5 6 16 17 20 23 24 25
10 7 10 11 12 13 14 19 22 25 26
6 5 9 15 21 22 26
6 7 9 12 13 19 21
10 0 1 3 7 11 12 16 17 24 25
7 1 9 14 15 19 20 26
17 2 4 5 9 10 12 15 17 18 19 20 21 22 23 24 25 26
9 10 11 16 17 18 22 23 25 26
9 0 3 4 6 7 12 22 24 25
9 0 2 7 8 14 16 17 18 21
10 0 2 5 8 13 14 16 19 22 25
14 0 2 4 5 7 9 13 14 15 16 19 20 21 24
9 2 4 11 12 17 19 22 24 26
10 2 6 10 11 12 15 19 20 21 26
11 3 6 7 12 14 17 19 20 21 25 26
10 1 5 8 10 11 12 19 21 25 26
13 0 1 5 7 8 10 13 15 18 19 20 24 26
7 7 8 10 17 22 23 25
15 0 2 4 6 7 11 12 13 14 15 16 17 20 21 26
10 0 1 6 7 12 14 15 17 19 21
13 0 3 4 7 10 12 14 15 16 19 20 22 26
12 0 2 3 7 8 9 11 13 18 21 24 25
6 1 7 8 18 25 26
9 0 1 5 7 9 12 13 17 22
12 1 2 5 7 8 9 11 15 16 18 22 23
13 2 3 6 7 8 13 14 15 16 17 19 21 23
11
1 10
1 5
1 8
3 4 7 9
2 3 7
1 1
2 9 10
3 3 4 8
2 2 7
2 3 6
2 0 6
30
5 6 11 15 16 20
3 12 16 28
4 4 11 20 29
1 16
6 2 13 15 18 24 28
2 21 26
3 0 21 29
5 11 16 19 24 28
4 22 23 24 28
5 11 19 23 27 29
8 12 13 16 20 24 25 26 29
6 0 2 7 9 14 22
4 1 10 19 26
4 4 10 21 23
4 11 19 23 26
3 0 4 29
8 0 1 3 7 10 17 20 21
1 16
3 4 20 29
4 7 9 12 14
5 0 2 10 16 18
7 5 6 13 16 22 26 27
4 8 11 21 26
6 8 9 13 14 26 28
5 4 7 8 10 27
3 10 26 27
8 5 10 12 14 21 22 23 25
4 9 21 24 25
5 1 4 7 8 23
6 2 6 9 10 15 18
14
5 2 7 8 12 13
5 5 7 8 9 13
4 0 4 8 13
5 4 9 10 12 13
6 2 3 9 10 11 13
3 1 9 10
4 8 9 10 11
5 0 1 10 11 12
6 0 1 2 6 9 12
8 1 3 4 5 6 8 10 11
8 3 4 5 6 7 9 11 13
6 4 6 7 9 10 12
5 0 3 7 8 11
6 0 1 2 3 4 10
24
0
3 8 14 17
2 4 12
4 12 14 16 17
5 2 11 17 18 21
3 16 17 21
3 12 13 15
4 8 11 16 19
3 1 7 22
1 12
3 11 20 23
4 4 7 10 17
4 2 3 6 9
5 6 18 19 21 22
4 1 3 22 23
1 6
4 3 5 7 18
6 1 3 4 5 11 23
6 4 13 16 20 21 23
3 7 13 20
3 10 18 19
4 4 5 13 18
4 8 13 14 23
5 10 14 17 18 22
29
16 2 3 4 7 8 9 10 11 12 13 16 18 19 20 24 25
9 4 7 10 12 19 23 25 27 28
12 0 3 5 14 15 16 17 18 19 22 26 27
11 0 2 5 13 15 17 18 21 22 25 27
15 0 1 5 7 8 9 10 11 12 13 18 20 21 24 28
10 2 3 4 8 9 10 15 17 23 25
9 11 16 17 19 21 23 25 27 28
15 0 1 4 8 12 15 16 19 20 22 23 24 25 26 28
13 0 4 5 7 9 14 15 17 21 22 23 24 26
15 0 4 5 8 10 12 15 16 20 21 23 24 25 26 27
14 0 1 4 5 9 11 12 13 14 15 17 21 26 28
9 0 4 6 10 13 14 19 20 21
8 0 1 4 7 9 10 14 19
13 0 3 4 10 11 14 15 16 17 18 20 22 27
9 2 8 10 11 12 13 18 24 25
14 2 3 5 7 8 9 10 13 19 20 21 23 24 25
11 0 2 6 7 9 13 17 19 21 24 25
13 2 3 5 6 8 10 13 16 19 21 23 24 27
13 0 2 3 4 13 14 19 20 21 22 23 26 28
13 0 1 2 6 7 11 12 15 16 17 18 24 27
13 0 4 7 9 11 13 15 18 21 23 24 25 27
16 3 4 6 8 9 10 11 15 16 17 18 20 22 24 25 28
9 2 3 7 8 13 18 21 24 27
13 1 5 6 7 8 9 15 17 18 20 24 25 28
15 0 4 7 8 9 14 15 16 17 19 20 21 22 23 27
16 0 1 3 5 6 7 9 14 15 16 20 21 23 26 27 28
8 2 7 8 9 10 18 25 27
13 1 2 3 6 9 13 17 19 20 22 24 25 26
9 1 4 6 7 10 18 21 23 25
25
8 4 5 7 10 13 15 16 19
9 2 5 7 8 9 18 19 20 22
5 1 3 8 14 20
7 2 6 9 11 20 21 22
9 0 5 9 11 13 16 17 20 22
9 0 1 4 12 14 15 16 22 24
9 3 8 9 15 17 18 19 22 23
8 0 1 8 11 12 15 19 22
9 1 2 6 7 13 15 18 19 24
9 1 3 4 6 16 19 20 21 24
6 0 11 15 19 20 21
7 3 4 7 10 16 18 24
7 5 7 13 14 15 20 24
8 0 4 8 12 18 19 23 24
7 2 5 12 16 17 21 24
9 0 5 6 7 8 10 12 20 22
8 0 4 5 9 11 14 18 19
5 4 6 14 19 20
7 1 6 8 11 13 16 19
12 0 1 6 7 8 9 10 13 16 17 18 20
10 1 2 3 4 9 10 12 15 17 19
4 3 9 10 14
7 1 3 4 5 6 7 15
3 6 13 24
8 5 8 9 11 12 13 14 23
27
1 19
4 2 10 22 25
4 1 15 17 19
6 14 16 17 18 22 26
1 11
4 10 11 15 17
1 17
5 14 18 19 22 23
2 14 24
2 10 21
4 1 5 9 20
5 4 5 13 23 24
2 16 24
1 11
5 3 7 8 18 25
3 2 5 20
3 3 12 19
6 2 3 5 6 18 23
4 3 7 14 17
5 0 2 7 16 21
3 10 15 26
3 9 19 23
3 1 3 7
5 7 11 17 21 24
4 8 11 12 23
2 1 14
2 3 20
24
11 7 8 9 12 13 14 15 16 19 20 21
11 2 6 7 8 10 11 15 17 18 19 22
10 1 3 5 7 10 12 14 15 19 23
12 2 4 5 7 8 11 12 15 16 18 21 23
8 3 9 10 11 14 16 18 20
9 2 3 9 11 14 15 19 21 22
7 1 7 10 13 15 21 23
12 0 1 2 3 6 11 13 15 16 17 18 21
10 0 1 3 14 16 17 18 21 22 23
9 0 4 5 11 12 14 16 21 22
9 1 2 4 6 11 14 16 18 19
12 1 3 4 5 7 9 10 13 14 17 18 19
8 0 2 3 9 14 16 17 21
7 0 6 7 11 16 17 22
13 0 2 4 5 8 9 10 11 12 15 18 20 21
10 0 1 2 3 5 6 7 14 18 23
13 0 3 4 7 8 9 10 12 13 17 19 20 21
13 1 7 8 11 12 13 16 18 19 20 21 22 23
13 1 3 4 7 8 10 11 14 15 17 19 20 21
11 0 1 2 5 10 11 16 17 18 22 23
6 0 4 14 16 17 18
12 0 3 5 6 7 8 9 12 14 16 17 18
7 1 5 8 9 13 17 19
7 2 3 6 8 15 17 19
18
2 14 16
3 11 13 17
5 6 7 10 14 15
3 8 10 12
2 8 11
1 10
5 2 8 13 15 17
7 2 9 10 11 15 16 17
3 3 4 6
2 7 11
4 2 3 5 7
4 1 4 7 9
2 3 13
3 1 6 12
2 0 2
4 2 6 7 16
4 0 7 15 17
4 1 6 7 16
24
2 4 10
5 3 9 13 14 18
4 9 12 13 14
5 1 7 15 21 23
2 0 15
4 6 8 10 16
4 5 15 18 23
6 3 8 9 14 17 19
4 5 7 15 17
6 1 2 7 19 20 22
7 0 5 11 13 18 21 22
4 10 15 16 19
3 2 20 21
4 1 2 10 16
4 1 2 7 20
7 3 4 6 8 11 18 22
6 5 11 13 17 21 22
5 7 8 16 19 23
4 1 6 10 15
6 7 9 11 17 20 21
5 9 12 14 19 21
7 3 10 12 16 19 20 22
6 9 10 15 16 21 23
4 3 6 17 22
29
3 6 9 20
1 16
2 23 27
2 14 28
5 8 13 17 21 23
2 11 15
4 0 10 14 16
0
2 4 17
2 0 12
2 6 13
3 5 12 14
3 9 11 17
5 4 10 15 19 24
5 3 6 11 15 23
4 5 13 14 27
4 1 6 23 25
4 4 8 12 25
1 23
1 13
3 0 21 23
3 4 20 28
1 25
7 2 4 14 16 18 20 25
1 13
5 16 17 22 23 28
0
2 2 15
3 3 21 25
16
3 1 4 9
3 0 7 10
3 11 14 15
2 5 15
3 0 8 10
3 3 11 14
4 8 9 10 13
3 1 8 15
6 4 6 7 10 12 14
4 0 6 11 12
4 1 4 6 8
3 2 5 9
2 8 9
1 6
3 2 5 8
3 2 3 7
28
3 14 15 17
2 2 11
2 1 22
2 8 22
1 19
3 7 13 14
2 19 20
3 5 24 26
5 3 9 18 20 27
2 8 10
1 9
2 1 13
1 17
2 5 11
3 0 5 25
3 0 23 25
2 18 23
3 0 12 22
2 8 16
3 4 6 20
4 6 8 19 27
0
5 2 3 17 23 25
3 15 16 22
1 7
3 14 15 22
1 7
2 8 20
17
3 8 11 15
3 6 9 14
4 5 7 8 16
4 9 10 14 16
3 6 9 10
3 2 6 11
7 1 4 5 9 13 14 15
2 2 13
4 0 2 10 11
5 1 3 4 6 16
5 3 4 8 14 16
5 0 5 8 13 14
2 13 16
5 6 7 11 12 15
5 1 3 6 10 11
3 0 6 13
5 2 3 9 10 12
29
12 2 3 4 6 8 10 15 19 22 23 25 26
14 2 3 4 7 8 9 10 16 17 21 23 25 26 27
15 0 1 6 10 13 15 17 18 19 20 21 23 24 25 27
17 0 1 5 7 8 12 14 17 19 20 21 22 24 25 26 27 28
16 0 1 7 8 9 10 15 16 17 18 21 22 23 24 27 28
7 3 7 9 13 18 20 22
7 0 2 14 15 16 21 24
15 1 3 4 5 9 10 11 12 13 15 22 23 25 26 28
13 0 1 3 4 9 12 14 17 18 19 23 24 27
16 1 4 5 7 8 10 13 14 16 19 20 21 22 24 27 28
14 0 1 2 4 7 9 12 13 18 21 23 24 25 27
12 7 12 14 16 17 18 20 23 24 25 26 28
18 3 7 8 10 11 13 14 15 16 18 19 20 22 23 24 26 27 28
13 2 5 7 9 10 12 14 15 17 19 23 24 25
12 3 6 8 9 11 12 13 17 20 22 26 27
15 0 2 4 6 7 12 13 17 19 20 23 25 26 27 28
9 1 4 6 9 11 12 19 24 27
15 1 2 3 4 8 11 13 14 15 18 20 21 22 23 28
10 2 4 5 8 10 11 12 17 20 27
13 0 2 3 8 9 12 13 15 16 20 22 23 27
13 2 3 5 9 11 12 14 15 17 18 19 22 26
13 1 2 3 4 6 9 10 17 22 25 26 27 28
16 0 3 4 5 7 9 12 14 17 19 20 21 23 24 25 27
16 0 1 2 4 7 8 10 11 12 13 15 17 19 22 26 28
14 2 3 4 6 8 9 10 11 12 13 16 22 25 26
13 0 1 2 3 7 10 11 13 15 21 22 24 26
14 0 1 3 7 11 12 14 15 20 21 23 24 25 28
16 1 2 3 4 8 9 10 12 14 15 16 18 19 21 22 28
12 3 4 7 9 11 12 15 17 21 23 26 27
28
8 1 5 6 9 10 14 17 23
7 0 4 9 11 14 19 22
6 10 16 17 23 24 25
8 4 7 11 15 16 21 26 27
4 1 3 9 15
11 0 6 7 11 12 13 15 22 24 26 27
6 0 5 11 13 22 24
7 3 5 8 12 21 22 25
6 7 9 17 18 21 24
5 0 1 4 8 10
6 0 2 9 15 16 23
5 1 3 5 6 16
6 5 7 19 22 24 26
3 5 6 20
6 0 1 17 19 24 26
10 3 4 5 10 17 18 21 22 23 27
6 2 3 10 11 17 26
6 0 2 8 14 15 16
3 8 15 23
5 1 12 14 24 27
3 13 21 24
5 3 7 8 15 20
8 1 5 6 7 12 15 24 27
5 0 2 10 15 18
10 2 5 6 8 12 14 19 20 22 25
4 2 7 24 26
6 3 5 12 14 16 25
5 3 5 15 19 22
21
5 2 5 11 14 18
6 4 9 13 14 17 18
4 0 9 12 20
5 8 12 15 17 18
8 1 7 11 14 15 16 18 20
3 0 6 17
6 5 7 10 14 16 20
4 4 6 13 14
4 3 16 19 20
6 1 2 12 14 17 19
4 6 13 18 20
2 0 4
6 2 3 9 13 16 19
7 1 7 10 12 14 17 18
10 0 1 4 6 7 9 13 17 18 19
4 3 4 19 20
4 4 6 8 12
6 1 3 5 9 13 14
7 0 1 3 4 10 13 14
5 8 9 12 14 15
6 2 4 6 8 10 15
17
6 2 3 4 10 11 16
5 2 3 6 9 12
6 0 1 5 6 10 13
8 0 1 4 7 9 10 13 15
5 0 3 7 8 13
6 2 7 9 14 15 16
6 1 2 8 9 11 13
6 3 4 5 8 11 16
5 4 6 7 11 12
5 1 3 5 6 11
7 0 2 3 12 13 14 16
6 0 6 7 8 9 15
4 1 8 10 16
6 2 3 4 6 10 16
3 5 10 15
5 3 5 11 14 16
7 0 5 7 10 12 13 15
22
4 5 11 18 19
5 2 7 13 16 19
10 1 4 5 6 7 10 12 14 17 21
7 4 5 6 8 12 16 21
8 2 3 5 7 11 14 18 21
9 0 2 3 4 7 9 15 17 19
7 2 3 7 10 11 14 21
11 1 2 4 5 6 10 11 13 14 16 17
7 3 11 12 13 17 18 20
5 5 11 12 17 19
7 2 6 7 14 16 19 20
9 0 4 6 7 8 9 17 20 21
7 2 3 8 9 17 19 21
6 1 7 8 15 16 20
6 2 4 6 7 10 15
5 5 13 14 18 20
6 1 3 7 10 13 18
8 2 5 7 8 9 11 12 18
8 0 4 8 15 16 17 19 20
7 0 1 5 9 10 12 18
6 8 10 11 13 15 18
6 2 3 4 6 11 12
15
7 1 4 6 7 8 10 11
6 0 2 5 9 10 14
3 1 4 12
4 7 9 12 13
7 0 2 5 8 9 10 12
5 1 4 6 11 14
5 0 5 9 10 11
6 0 3 9 10 13 14
3 0 4 10
6 1 3 4 6 7 14
7 0 1 4 6 7 8 13
4 0 5 6 13
4 2 3 4 14
4 3 7 10 11
5 1 5 7 9 12
28
9 5 6 10 14 15 16 18 19 21
6 8 13 16 19 24 26
9 5 6 9 12 16 18 20 23 26
4 10 14 25 26
6 15 16 19 21 23 26
11 0 2 13 17 18 19 20 21 23 24 26
9 0 2 12 13 15 16 20 21 24
8 8 9 12 15 17 19 26 27
9 1 7 14 17 19 21 23 24 26
5 2 7 13 17 20
5 0 3 13 15 16
5 16 18 19 20 26
7 2 6 7 14 15 18 21
8 1 5 6 9 10 14 15 19
10 0 3 8 12 13 17 19 20 21 25
12 0 4 6 7 10 12 13 16 17 19 22 27
11 0 1 2 4 6 10 11 15 19 25 26
13 5 7 8 9 14 15 18 19 21 23 25 26 27
8 0 2 5 11 12 17 21 24
15 0 1 4 5 7 8 11 13 14 15 16 17 23 25 26
10 2 5 6 9 11 14 22 23 26 27
11 0 4 5 6 8 12 14 17 18 22 25
4 15 20 21 24
9 2 4 5 8 17 19 20 25 27
8 1 5 6 8 18 22 25 27
10 3 14 16 17 19 21 23 24 26 27
13 1 2 3 4 5 7 8 11 16 17 19 20 25
7 7 15 17 20 23 24 25
13
3 1 3 6
5 0 2 4 5 7
4 1 3 6 7
3 0 2 10
4 1 5 6 7
2 1 4
7 0 2 4 7 8 9 10
7 1 2 4 6 9 10 11
3 6 9 11
4 6 7 8 10
5 3 6 7 9 11
3 7 8 10
0
19
8 3 7 10 12 13 14 15 16
8 5 6 9 14 15 16 17 18
6 4 5 6 7 10 16
6 0 4 8 10 14 15
7 2 3 7 11 14 15 16
6 1 2 9 11 13 18
3 1 2 7
7 0 2 4 6 8 10 17
5 3 7 12 17 18
4 1 5 10 12
8 0 2 3 7 9 15 17 18
4 4 5 12 14
7 0 8 9 11 13 16 17
4 0 5 12 15
6 0 1 3 4 11 15
9 0 1 3 4 10 13 14 16 17
7 0 1 2 4 12 15 17
8 1 7 8 10 12 15 16 18
5 1 5 8 10 17
24
12 1 2 7 8 9 11 13 15 18 19 20 23
19 0 2 3 4 5 7 8 9 10 11 12 14 15 16 18 19 20 21 22
8 0 1 3 4 5 13 14 17
10 1 2 6 7 8 12 13 14 15 17
6 1 2 7 16 19 20
10 1 2 6 11 12 13 14 16 18 22
10 3 5 7 12 14 15 16 19 20 22
12 0 1 3 4 6 8 12 13 18 19 20 21
9 0 1 3 7 12 13 15 16 17
6 0 1 14 15 19 21
7 1 12 13 14 16 21 22
7 0 1 5 12 15 20 21
11 1 3 5 6 7 8 10 11 13 14 20
12 0 2 3 5 7 8 10 12 14 16 20 23
16 1 2 3 5 6 9 10 12 13 15 17 18 19 20 22 23
13 0 1 3 6 8 9 11 14 16 18 20 22 23
11 1 4 5 6 8 10 13 15 18 19 20
7 2 3 8 14 18 20 23
8 0 1 5 7 14 15 16 17
10 0 1 4 6 7 9 14 16 20 21
13 0 1 4 6 7 11 12 13 14 15 16 17 19
6 1 7 9 10 11 19
6 1 5 6 10 14 15
5 0 13 14 15 17
23
4 6 10 15 20
3 9 11 18
3 5 17 20
5 5 6 9 13 18
2 14 15
7 2 3 7 9 10 13 16
5 0 3 17 18 20
3 5 12 18
3 11 17 18
5 1 3 5 11 17
3 0 5 12
5 1 8 9 12 19
5 7 10 11 13 19
6 3 5 12 14 20 22
5 4 13 17 20 22
2 0 4
1 5
6 2 6 8 9 14 22
5 1 3 6 7 8
2 11 12
6 0 2 6 13 14 21
2 20 22
4 13 14 17 21
29
14 4 5 7 8 9 12 13 14 17 19 21 23 26 27
11 3 5 6 9 12 14 20 21 23 24 27
14 7 8 9 10 12 13 14 15 16 17 22 23 25 28
12 1 5 7 11 12 13 14 16 17 19 22 26
13 0 5 7 10 13 14 15 16 17 19 22 24 25
13 0 1 3 4 11 14 15 16 19 20 23 24 27
10 1 9 13 17 20 22 23 26 27 28
11 0 2 3 4 9 12 20 22 23 26 28
10 0 2 9 13 15 16 23 24 27 28
12 0 1 2 6 7 8 14 15 24 25 27 28
7 2 4 13 15 22 25 27
9 3 5 16 17 19 21 24 25 28
8 0 1 2 3 7 14 23 25
12 0 2 3 4 6 8 10 15 17 20 22 26
12 0 1 2 3 4 5 9 12 15 18 24 26
12 2 4 5 8 9 10 13 14 18 20 21 26
12 2 3 4 5 8 11 18 19 23 24 26 28
10 0 2 3 4 6 11 13 21 22 25
7 14 15 16 20 21 22 23
13 0 3 4 5 11 16 21 22 23 25 26 27 28
9 1 5 6 7 13 15 18 24 25
9 0 1 11 15 17 18 19 22 28
12 2 3 4 6 7 10 13 17 18 19 21 23
14 0 1 2 5 6 7 8 12 16 18 19 22 25 27
10 1 4 5 8 9 11 14 16 20 25
11 2 4 9 10 11 12 17 19 20 23 24
10 0 3 6 7 13 14 15 16 19 28
10 0 1 5 6 8 9 10 19 23 28
11 2 6 7 8 9 11 16 19 21 26 27
15
6 3 6 7 8 9 13
6 5 8 9 10 11 14
4 4 6 8 14
4 0 8 11 14
4 2 5 6 9
3 1 4 6
7 0 2 4 5 10 11 13
6 0 8 9 10 12 14
7 0 1 2 3 7 9 12
8 0 1 4 7 8 12 13 14
3 1 6 7
3 1 3 6
4 7 8 9 14
3 0 6 9
6 1 2 3 7 9 12
20
7 1 3 6 9 11 14 16
7 0 4 6 11 12 14 18
4 4 16 17 18
6 0 9 10 11 15 19
9 1 2 7 10 11 12 14 17 19
4 8 11 12 15
6 0 1 13 16 17 19
5 4 9 11 13 18
8 5 11 13 14 15 16 17 18
8 0 3 7 12 13 15 17 19
5 3 4 11 12 17
10 0 1 3 4 5 7 8 10 14 19
7 1 4 5 9 10 16 17
6 6 7 8 9 15 18
6 0 1 4 8 11 15
7 3 5 8 9 13 14 18
6 0 2 6 8 12 19
7 2 4 6 8 9 10 12
6 1 2 7 8 13 15
6 3 4 6 9 11 16
13
7 2 3 4 5 6 8 12
7 4 5 6 8 9 10 12
4 0 3 8 9
6 0 2 4 9 11 12
5 0 1 3 5 6
3 0 1 4
9 0 1 4 7 8 9 10 11 12
2 6 11
6 0 1 2 6 11 12
5 1 2 3 6 10
4 1 6 9 12
4 3 6 7 8
6 0 1 3 6 8 10
19
13 2 3 4 5 6 7 8 9 12 13 14 16 18
9 7 8 9 10 11 12 13 15 18
9 0 4 5 7 8 11 13 14 15
8 0 4 6 7 8 9 13 14
11 0 2 3 7 10 11 12 13 16 17 18
7 0 2 8 9 10 13 16
9 0 3 7 10 12 13 14 15 18
9 0 1 2 3 4 6 10 13 15
6 0 1 2 3 5 9
11 0 1 3 5 8 11 13 14 15 16 17
7 1 4 5 6 7 12 18
8 1 2 4 9 12 13 14 18
11 0 1 4 6 10 11 13 15 16 17 18
13 0 1 2 3 4 5 6 7 9 11 12 15 17
8 0 2 3 6 9 11 16 18
10 1 2 6 7 9 12 13 16 17 18
7 0 4 5 9 12 14 15
5 4 9 12 13 15
9 0 1 4 6 10 11 12 14 15
13
2 1 4
2 0 5
2 4 8
4 7 8 9 12
2 0 2
3 1 10 11
2 7 11
5 3 6 9 11 12
3 2 3 11
2 3 7
1 5
5 5 6 7 8 12
3 3 7 11
23
5 6 7 10 15 19
5 4 15 17 20 22
5 5 7 9 10 16
5 5 7 9 17 19
3 1 7 22
4 2 3 13 22
5 0 7 10 12 21
8 0 2 3 4 6 8 10 14
5 7 12 15 17 22
5 2 3 11 17 19
6 0 2 6 7 15 18
3 9 13 21
5 6 8 15 18 21
4 5 11 20 22
2 7 18
7 0 1 8 10 12 16 21
2 2 15
4 1 3 8 9
4 10 12 14 20
4 0 3 9 21
3 1 13 18
6 6 11 12 15 19 22
6 1 4 5 8 13 21
15
1 9
1 5
3 5 6 11
5 4 7 8 9 14
2 3 9
7 1 2 7 8 11 13 14
1 2
5 3 5 10 11 12
2 3 5
6 0 3 4 11 13 14
2 7 13
4 2 5 7 9
1 7
3 5 9 10
3 3 5 9
23
9 1 3 4 5 8 9 14 18 22
12 0 2 4 7 8 9 14 15 16 17 20 21
10 1 3 6 8 10 14 16 19 20 22
11 0 2 7 9 10 11 14 15 16 17 20
8 0 1 9 10 12 16 19 21
7 0 6 7 9 14 15 20
7 2 5 7 11 12 15 16
12 1 3 5 6 8 10 11 12 14 16 20 22
7 0 1 2 7 11 13 14
13 0 1 3 4 5 10 11 14 15 16 17 18 22
10 2 3 4 7 9 11 12 15 17 20
10 3 6 7 8 9 10 13 15 20 21
9 4 6 7 10 14 15 17 19 20
5 8 11 15 17 19
14 0 1 2 3 5 7 8 9 12 15 18 19 21 22
15 1 3 5 6 9 10 11 12 13 14 16 17 18 21 22
11 1 2 3 4 6 7 9 15 17 18 19
10 1 3 9 10 12 13 15 16 21 22
6 0 9 14 15 16 20
7 2 4 12 13 14 16 22
10 1 2 3 5 7 10 11 12 18 22
6 1 4 11 14 15 17
9 0 2 7 9 14 15 17 19 20
22
6 7 8 12 15 18 19
4 5 7 15 21
8 3 5 6 8 9 15 16 17
11 2 6 7 8 10 11 14 15 16 18 21
10 6 7 8 9 10 11 12 17 19 21
10 1 2 6 8 9 12 13 14 18 20
9 2 3 4 5 12 15 16 18 20
10 0 1 3 4 10 11 12 16 18 21
9 0 2 3 4 5 10 14 15 18
6 2 4 5 11 18 19
9 3 4 7 8 14 15 18 19 20
5 3 4 7 9 12
9 0 4 5 6 7 11 16 17 21
5 5 14 16 19 20
7 3 5 8 10 13 19 21
10 0 1 2 3 6 8 10 16 20 21
7 2 3 6 7 12 13 15
3 2 4 12
10 0 3 5 6 7 8 9 10 19 20
8 0 4 9 10 13 14 18 20
8 5 6 10 13 15 18 19 21
8 1 3 4 7 12 14 15 20
20
3 1 4 19
9 0 2 7 8 9 11 12 16 18
5 1 3 6 9 10
7 2 5 6 12 13 17 19
4 0 13 14 15
8 3 7 10 11 13 15 16 18
4 2 3 14 15
6 1 5 11 12 15 16
3 1 9 19
7 1 2 8 11 14 15 17
4 2 5 11 16
7 1 5 7 9 10 16 19
7 1 3 7 14 15 16 17
5 3 4 5 16 17
7 4 6 9 12 15 17 18
8 4 5 6 7 9 12 14 19
8 1 5 7 10 11 12 13 19
7 3 9 12 13 14 18 19
4 1 5 14 17
7 0 3 8 11 15 16 17
13
4 3 7 8 9
6 4 5 6 7 11 12
5 5 7 8 10 12
4 0 7 8 9
6 1 6 7 8 11 12
6 1 2 6 9 11 12
7 1 4 5 8 9 11 12
7 0 1 2 3 4 8 12
8 0 2 3 4 6 7 9 10
6 0 3 5 6 8 10
4 2 8 9 12
4 1 4 5 6
7 1 2 4 5 6 7 10
19
6 1 4 6 8 13 18
10 0 5 6 8 9 10 11 13 14 16
7 3 4 8 9 15 16 17
7 2 4 5 10 11 15 17
13 0 2 3 6 8 9 10 11 13 15 16 17 18
5 1 3 11 12 13
9 0 1 4 7 9 10 11 15 18
5 6 8 12 13 16
9 0 1 2 4 7 9 13 14 18
9 1 2 4 6 8 10 12 14 15
10 1 3 4 6 9 11 12 14 15 18
11 1 3 4 5 6 10 12 13 15 16 18
8 5 7 9 10 11 13 17 18
9 0 1 4 5 7 8 11 12 14
7 1 8 9 10 13 16 17
9 2 3 4 6 9 10 11 16 17
8 1 2 4 7 11 14 15 18
6 2 3 4 12 14 15
8 0 4 6 8 10 11 12 16
24
6 3 5 7 9 11 17
3 3 12 13
2 14 17
9 0 1 4 12 13 14 16 18 22
5 3 13 17 18 23
10 0 8 9 10 13 14 15 20 22 23
7 11 12 14 15 16 21 22
4 0 14 16 17
4 5 10 12 14
4 0 5 12 16
4 5 8 15 22
5 0 6 18 20 21
8 1 3 6 8 9 13 15 21
6 1 3 4 5 12 22
9 2 3 5 6 7 8 17 18 23
5 5 6 10 12 20
5 3 6 7 9 17
8 0 2 4 7 14 16 18 23
7 3 4 11 14 17 20 21
1 22
5 5 11 15 18 21
6 6 11 12 18 20 23
6 3 5 6 10 13 19
5 4 5 14 17 21
14
4 6 10 11 12
2 3 11
3 7 9 12
5 1 5 6 10 12
5 6 7 8 9 12
4 3 6 8 13
7 0 3 4 5 10 12 13
3 2 4 13
3 4 5 11
4 2 4 12 13
4 0 3 6 12
3 0 1 8
7 0 2 3 4 6 9 10
4 5 6 7 9
22
3 1 12 13
4 0 4 14 17
0
2 4 20
7 1 3 5 8 9 15 20
1 4
2 9 14
1 16
1 4
4 4 6 20 21
1 17
1 13
2 0 16
3 0 11 20
3 1 6 15
2 4 14
3 7 12 17
4 1 10 16 21
1 21
1 20
5 3 4 9 13 19
3 9 17 18
15
5 1 7 9 10 11
9 0 2 4 6 8 9 11 12 14
7 1 5 6 7 9 11 12
2 8 13
5 1 7 9 10 14
6 2 6 7 11 12 13
6 1 2 5 10 11 14
8 0 2 4 5 9 10 11 12
3 1 3 13
7 0 1 2 4 7 12 13
5 0 4 6 7 11
8 0 1 2 5 6 7 10 14
5 1 2 5 7 9
4 3 5 8 9
4 1 4 6 11
22
6 1 6 7 10 12 15
3 0 12 17
3 8 14 15
4 5 7 8 13
4 11 13 14 19
2 3 21
5 0 9 11 14 21
6 0 3 10 13 14 19
2 2 3
2 6 19
4 0 7 11 21
5 4 6 10 12 15
4 0 1 11 13
7 3 4 7 12 14 16 18
6 2 4 6 7 13 20
4 0 2 11 17
3 13 17 19
4 1 15 16 21
1 13
4 4 7 9 16
1 14
4 5 6 10 17
29
7 4 9 16 19 22 23 27
10 5 6 9 12 13 18 24 25 26 27
7 3 6 14 20 24 27 28
8 2 4 7 10 13 17 20 22
10 0 3 8 9 14 17 21 22 27 28
8 1 7 8 10 15 21 24 27
10 1 2 7 8 16 17 22 24 25 26
9 3 5 6 9 10 11 12 25 27
10 4 5 6 10 13 14 15 24 25 28
11 0 1 4 7 12 17 19 21 22 23 24
7 3 5 7 8 11 23 25
8 7 10 14 18 19 20 23 28
11 1 7 9 13 15 17 19 20 21 24 25
8 1 3 8 12 16 17 22 27
5 2 4 8 11 25
6 5 8 12 16 19 22
9 0 6 13 15 18 25 26 27 28
8 3 4 6 9 12 13 18 22
5 1 11 16 17 22
9 0 9 11 12 15 21 22 23 28
4 2 3 11 12
7 4 5 9 12 19 23 25
12 0 3 4 6 9 13 15 17 18 19 25 27
7 0 9 10 11 19 21 26
9 1 2 5 6 8 9 12 27 28
10 1 6 7 8 10 12 14 16 21 22
4 1 6 16 23
10 0 1 2 4 5 7 13 16 22 24
7 2 4 8 11 16 19 24
26
2 4 10
7 3 5 6 13 20 21 24
4 16 20 24 25
6 1 4 9 13 17 20
4 0 3 21 24
4 1 9 20 22
3 1 7 10
3 6 13 18
2 16 23
3 3 5 25
5 0 6 16 18 21
2 14 25
0
7 1 3 7 17 21 24 25
3 11 17 22
1 20
3 2 8 10
3 3 13 14
3 7 10 22
0
7 1 2 3 5 15 22 24
4 1 4 10 13
4 5 14 18 20
2 8 25
5 1 2 4 13 20
5 2 9 11 13 23
22
5 5 9 12 15 17
7 2 4 6 13 14 16 19
7 1 5 11 12 16 18 19
9 5 8 11 12 13 14 15 17 20
5 1 13 14 19 21
11 0 2 3 7 12 13 14 15 16 20 21
4 1 8 14 17
10 5 8 12 13 14 15 17 18 19 21
10 3 6 7 9 12 13 14 16 19 21
8 0 8 12 13 16 18 19 21
7 11 13 14 15 17 20 21
6 2 3 10 14 16 17
10 0 2 3 5 7 8 9 14 18 21
11 1 3 4 5 7 8 9 10 14 19 20
15 1 3 4 5 6 7 8 10 11 12 13 15 16 17 18
6 0 3 5 7 10 14
8 1 2 5 8 9 11 14 20
8 0 3 6 7 10 11 14 21
6 2 7 9 12 14 21
8 1 2 4 7 8 9 13 20
6 3 5 10 13 16 19
9 4 5 7 8 9 10 12 17 18
15
4 2 12 13 14
4 5 6 7 13
3 0 3 11
2 2 12
4 10 12 13 14
6 1 6 8 9 12 13
3 1 5 10
2 1 11
3 5 11 13
2 5 10
3 4 6 9
3 2 7 8
5 0 3 4 5 14
5 0 1 4 5 8
3 0 4 12
23
8 1 6 8 14 15 16 18 21
5 0 8 16 17 20
5 3 5 9 11 17
5 2 4 6 12 15
9 3 6 9 10 14 15 16 20 21
4 2 13 16 18
9 0 3 4 10 12 13 16 18 21
6 11 12 13 17 19 20
10 0 1 10 12 14 15 17 19 20 22
6 2 4 10 14 18 22
10 4 6 8 9 11 15 16 17 20 21
7 2 7 10 12 13 14 21
7 3 6 7 8 11 13 16
9 5 6 7 11 12 17 18 19 22
8 0 4 8 9 11 15 20 21
8 0 3 4 8 10 14 17 18
7 0 1 4 5 6 10 12
10 1 2 7 8 10 13 15 18 20 22
9 0 5 6 9 13 15 17 20 22
3 7 8 13
9 1 4 7 8 10 14 17 18 21
7 0 4 6 10 11 14 20
5 8 9 13 17 18
28
7 8 11 12 13 17 21 25
3 20 24 26
6 5 10 15 17 18 22
1 6
5 9 15 18 25 27
8 2 6 14 19 21 23 25 26
8 3 5 8 10 18 21 22 25
4 11 13 21 27
7 0 6 16 17 18 22 27
8 4 10 11 14 21 23 26 27
7 2 6 9 15 17 26 27
7 0 7 9 15 16 21 25
8 0 13 17 19 23 24 25 26
7 0 7 12 14 15 20 25
4 5 9 13 25
9 2 4 10 11 13 16 19 20 27
8 8 11 15 21 22 23 24 27
10 0 2 8 10 12 20 21 24 25 26
5 2 4 6 8 23
7 5 12 15 24 25 26 27
8 1 13 15 17 21 25 26 27
10 0 5 6 7 9 11 16 17 20 27
6 2 6 8 16 23 26
7 5 9 12 16 18 22 25
5 1 12 16 17 19
12 0 4 5 6 11 12 13 14 17 19 20 23
9 1 5 9 10 12 17 19 20 22
10 4 7 8 9 10 15 16 19 20 21
29
2 13 26
5 4 10 16 18 21
4 8 16 20 21
2 17 21
3 1 18 24
1 15
1 22
4 8 11 26 28
4 2 7 16 20
3 15 17 21
2 1 27
2 7 23
1 23
4 0 19 23 27
0
2 5 9
4 1 2 8 20
2 3 9
6 1 4 23 25 26 28
2 13 20
5 2 8 16 19 26
5 1 2 3 9 25
2 6 26
4 11 12 13 18
1 4
3 18 21 28
5 0 7 18 20 22
2 10 13
3 7 18 25
20
7 1 2 3 9 11 12 17
4 0 4 10 13
12 0 3 4 6 8 9 11 12 13 14 16 17
9 0 2 6 7 8 10 13 15 16
5 1 2 7 11 15
4 10 11 14 18
7 2 3 7 12 15 17 19
7 3 4 6 8 11 13 19
6 2 3 7 14 15 18
7 0 2 10 12 13 17 18
9 1 3 5 9 11 15 16 17 19
9 0 2 4 5 7 10 14 18 19
7 0 2 6 9 13 15 19
9 1 2 3 7 9 12 14 15 18
6 2 5 8 11 13 18
10 3 4 6 8 10 12 13 16 17 18
5 2 3 10 15 19
6 0 2 6 9 10 15
7 5 8 9 11 13 14 15
6 6 7 10 11 12 16
25
10 1 5 7 8 11 16 20 21 23 24
11 0 2 3 5 8 10 12 15 19 21 24
11 1 3 4 5 6 7 15 16 17 21 22
9 1 2 4 6 7 9 17 18 19
7 2 3 6 12 13 18 21
12 0 1 2 8 9 10 11 13 15 22 23 24
11 2 3 4 10 13 15 17 19 20 21 22
10 0 2 3 10 15 18 19 22 23 24
12 0 1 5 10 13 16 17 18 19 21 23 24
6 3 5 13 14 21 23
11 1 5 6 7 8 12 15 16 17 19 21
9 0 5 13 15 18 19 22 23 24
8 1 4 10 14 17 20 21 23
9 4 5 6 8 9 11 19 22 24
7 9 12 16 17 18 21 22
12 1 2 5 6 7 10 11 16 17 20 21 24
8 0 2 8 10 14 15 17 19
13 2 3 6 8 10 12 14 15 16 20 21 22 23
9 3 4 7 8 11 14 22 23 24
10 1 3 6 7 8 10 11 13 16 23
8 0 6 12 15 17 21 23 24
15 0 1 2 4 6 8 9 10 12 14 15 17 20 23 24
9 2 5 6 7 11 13 14 17 18
13 0 5 7 8 9 11 12 17 18 19 20 21 24
12 0 1 5 7 8 11 13 15 18 20 21 23
27
3 3 7 13
5 4 12 18 20 22
2 3 26
4 0 2 14 23
4 1 15 16 20
6 7 9 10 14 18 19
0
5 0 5 8 10 15
6 7 9 10 14 15 22
8 5 8 13 16 22 23 24 25
9 5 7 8 11 13 15 18 22 23
5 10 18 19 24 25
4 1 16 20 26
4 0 9 10 26
5 3 5 8 17 20
7 4 7 8 10 17 19 24
4 4 9 12 22
6 14 15 20 21 22 23
5 1 5 10 11 22
5 5 11 15 21 22
5 1 4 12 14 17
3 17 19 25
8 1 8 9 10 16 17 18 19
4 3 9 10 17
4 9 11 15 26
3 9 11 21
4 2 12 13 24
28
7 1 7 12 14 16 17 21
7 0 3 6 7 11 19 26
5 8 14 19 20 21
11 1 5 9 11 14 15 17 21 22 24 27
7 9 13 15 16 23 24 26
7 3 8 13 18 23 25 26
9 1 8 11 18 19 20 21 22 26
9 0 1 14 18 19 21 23 24 27
6 2 5 6 16 21 27
5 3 4 11 13 27
2 21 26
6 1 3 6 9 22 24
4 0 13 15 24
7 4 5 9 12 19 24 27
7 0 2 3 7 19 20 25
10 3 4 12 18 20 21 22 24 25 26
6 0 4 8 21 24 25
4 0 3 26 27
8 5 6 7 15 22 23 24 25
6 1 2 6 7 13 14
6 2 6 14 15 22 25
9 0 2 3 6 7 8 10 15 16
6 3 6 11 15 18 20
4 4 5 7 18
9 3 4 7 11 12 13 15 16 18
7 5 14 15 16 18 20 27
8 1 4 5 6 10 15 17 27
8 3 7 8 9 13 17 25 26
15
6 2 4 5 6 11 14
5 2 4 6 9 14
8 0 1 3 4 8 9 10 11
7 2 4 7 8 9 10 12
10 0 1 2 3 5 6 10 12 13 14
6 0 4 6 9 13 14
8 0 1 4 5 7 9 12 13
5 3 6 8 10 12
6 2 3 7 9 10 11
8 1 2 3 5 6 8 11 14
8 2 3 4 7 8 11 13 14
6 0 2 8 9 10 12
6 3 4 6 7 11 14
5 4 5 6 10 14
8 0 1 4 5 9 10 12 13
26
3 3 10 15
2 13 14
4 5 13 23 24
1 0
3 6 15 24
4 2 7 12 25
3 4 7 10
5 5 6 11 16 25
0
2 17 22
5 0 6 13 16 24
4 7 15 18 24
3 5 14 25
3 1 2 10
2 1 12
3 0 4 11
2 7 10
1 9
2 11 22
0
1 23
1 23
3 9 18 24
3 2 20 21
5 2 4 10 11 22
3 5 7 12
12
9 1 2 3 4 5 6 7 9 10
5 0 2 5 7 10
6 0 1 3 7 10 11
6 0 2 5 6 10 11
4 0 6 9 10
4 0 1 3 11
6 0 3 4 9 10 11
4 0 1 2 10
0
4 0 4 6 10
9 0 1 2 3 4 6 7 9 11
5 2 3 5 6 10
20
5 2 4 8 16 17
6 3 4 9 10 12 15
8 0 3 10 11 14 17 18 19
5 1 2 4 10 14
7 0 1 3 5 6 9 16
9 4 7 9 10 12 14 17 18 19
3 4 10 16
5 5 8 13 15 16
7 0 7 11 12 17 18 19
8 1 4 5 11 13 16 17 18
9 1 2 3 5 6 11 15 16 17
8 2 8 9 10 14 15 17 19
6 1 5 8 15 16 19
5 7 9 14 15 19
7 2 3 5 11 13 15 19
8 1 7 10 11 12 13 14 17
8 0 4 6 7 9 10 12 17
9 0 2 5 8 9 10 11 15 16
4 2 5 8 9
7 2 5 8 11 12 13 14
11
5 1 3 5 6 10
5 0 3 6 9 10
6 3 4 5 6 7 8
7 0 1 2 4 6 7 10
4 2 3 5 9
4 0 2 4 9
5 0 1 2 3 9
4 2 3 8 9
3 2 7 9
7 1 4 5 6 7 8 10
4 0 1 3 9
23
6 1 4 8 10 11 15
10 0 5 7 8 12 13 14 16 17 19
4 4 5 13 18
6 8 10 12 13 18 19
5 0 2 10 11 22
8 1 2 9 15 16 17 19 20
5 10 14 17 19 22
8 1 8 9 10 14 15 16 18
6 0 1 3 7 10 15
5 5 7 10 11 16
12 0 3 4 6 7 8 9 13 14 15 20 22
7 0 4 9 12 13 16 21
6 1 3 11 14 18 19
6 1 2 3 10 11 20
6 1 6 7 10 12 22
6 0 5 7 8 10 16
7 1 5 7 9 11 15 17
6 1 5 6 16 19 22
6 2 3 7 12 21 22
7 1 3 5 6 12 17 20
4 5 10 13 19
2 11 18
6 4 6 10 14 17 18
12
5 1 4 7 10 11
9 0 2 3 4 5 6 8 9 11
4 1 3 6 10
5 1 2 8 9 10
7 0 1 5 6 8 9 11
7 1 4 7 8 9 10 11
3 1 2 4
2 0 5
6 1 3 4 5 9 10
6 1 3 4 5 8 10
6 0 2 3 5 8 9
4 0 1 4 5
21
5 6 10 11 16 18
2 12 20
4 7 9 10 13
4 9 18 19 20
5 5 6 8 19 20
2 4 18
8 0 4 7 8 14 16 18 19
5 2 6 9 14 17
4 4 6 10 20
7 2 3 7 10 12 16 17
5 0 2 8 9 16
3 0 13 20
3 1 9 15
2 2 11
3 6 7 19
2 12 18
5 0 6 9 10 20
2 7 9
6 0 3 5 6 15 19
6 3 4 6 14 18 20
7 1 3 4 8 11 16 19
29
12 1 2 3 7 10 14 15 17 23 24 25 26
13 0 4 5 7 10 11 13 14 17 23 26 27 28
10 0 5 10 11 12 16 18 19 22 24
9 0 5 6 19 20 21 23 24 28
11 1 6 9 10 11 12 15 20 25 26 27
14 1 2 3 8 9 16 17 18 19 20 22 23 26 28
11 3 4 7 15 16 20 23 24 25 26 28
14 0 1 6 10 13 14 18 20 21 22 25 26 27 28
8 5 12 13 14 17 19 20 22
11 4 5 10 12 14 20 21 22 23 27 28
11 0 1 2 4 7 9 11 13 15 18 20
11 1 2 4 10 13 14 16 20 21 26 27
13 2 4 8 9 14 15 17 18 20 24 25 27 28
9 1 7 8 10 11 14 17 25 26
12 0 1 7 8 9 11 12 13 15 20 25 28
10 0 4 6 10 12 14 16 20 25 28
9 2 5 6 11 15 17 18 19 24
13 0 1 5 8 12 13 16 18 21 23 24 25 26
14 2 5 7 10 12 16 17 19 20 23 24 26 27 28
12 2 3 5 8 16 18 20 21 22 24 25 26
17 3 4 5 6 7 8 9 10 11 12 14 15 18 19 23 26 28
10 3 7 9 11 17 19 23 24 25 27
9 2 5 7 8 9 19 24 25 26
11 0 1 3 5 6 9 17 18 20 21 27
13 0 2 3 6 12 16 17 18 19 21 22 25 27
13 0 4 6 7 12 13 14 15 17 19 21 22 24
13 0 1 4 5 6 7 11 13 17 18 19 20 22
10 1 4 7 9 11 12 18 21 23 24
11 1 3 5 6 7 9 12 14 15 18 20
12
3 6 9 10
2 5 8
3 4 7 10
1 9
2 2 6
3 1 7 8
3 0 4 10
3 2 5 8
4 1 5 7 11
2 0 3
4 0 2 6 11
2 8 10
21
3 5 11 17
6 3 5 7 13 15 19
4 9 10 18 20
2 1 7
4 7 9 10 11
6 0 1 8 10 11 18
6 7 12 15 16 17 20
7 1 3 4 6 15 18 20
3 5 15 20
8 2 4 10 12 13 15 17 20
7 2 4 5 9 11 18 19
6 0 4 5 10 12 18
4 6 9 11 20
4 1 9 16 19
2 15 17
8 1 6 7 8 9 14 17 18
2 6 13
6 0 6 9 14 15 19
6 2 5 7 10 11 15
4 1 10 13 17
6 2 6 7 8 9 12
22
10 2 5 6 8 10 11 13 15 17 18
8 2 4 5 9 12 13 18 20
9 0 1 5 9 12 14 16 18 21
9 6 7 9 10 11 12 15 17 18
5 1 5 6 10 21
9 0 1 2 4 9 10 15 19 21
13 0 3 4 7 8 10 11 12 13 14 15 17 18
7 3 6 9 12 15 19 20
5 0 6 12 16 18
11 1 2 3 5 7 11 13 15 16 18 19
9 0 3 4 5 6 15 19 20 21
8 0 3 6 9 12 17 20 21
10 1 2 3 6 7 8 11 14 17 18
6 0 1 6 9 14 21
5 2 6 12 13 16
7 0 3 5 6 7 9 10
5 2 8 9 14 18
7 0 3 6 11 12 18 20
12 0 1 2 3 6 8 9 12 16 17 19 20
6 5 7 9 10 18 21
7 1 7 10 11 17 18 21
8 2 4 5 10 11 13 19 20
11
5 1 2 4 8 10
2 0 4
5 0 3 5 8 10
4 2 7 8 10
2 0 1
2 2 9
2 7 10
2 3 6
4 0 2 3 10
1 5
5 0 2 3 6 8
23
6 1 3 10 12 13 18
13 0 2 5 6 7 8 11 14 15 17 20 21 22
10 1 4 7 10 14 16 18 20 21 22
8 0 4 8 10 17 20 21 22
11 2 3 5 6 7 9 11 18 20 21 22
10 1 4 6 7 8 10 16 18 20 21
7 1 4 5 12 13 15 18
6 1 2 4 5 10 21
6 1 3 5 11 16 20
5 4 16 19 20 21
10 0 2 3 5 7 11 12 14 19 20
10 1 4 8 10 12 14 15 16 17 22
7 0 6 10 11 14 17 18
7 0 6 14 15 16 21 22
11 1 2 10 11 12 13 15 16 17 18 21
9 1 6 11 13 14 16 17 20 21
10 2 5 8 9 11 13 14 15 18 22
8 1 3 11 12 14 15 20 22
9 0 2 4 5 6 12 14 16 20
3 9 10 20
14 1 2 3 4 5 8 9 10 15 17 18 19 21 22
11 1 2 3 4 5 7 9 13 14 15 20
9 1 2 3 4 11 13 16 17 20
30
4 3 13 15 16
1 9
1 19
2 0 10
3 13 14 23
2 26 28
2 17 27
3 11 12 19
1 17
1 1
2 3 11
2 7 10
2 7 16
4 0 4 23 29
2 4 27
1 0
4 0 12 21 25
3 6 8 18
1 17
3 2 7 27
1 24
1 16
1 26
2 4 13
1 20
2 16 28
2 5 22
4 6 14 19 28
3 5 25 27
1 13
17
5 4 5 6 12 13
4 8 9 11 16
3 9 15 16
5 7 8 12 15 16
5 0 6 9 12 13
4 0 6 7 10
7 0 4 5 10 12 13 16
4 3 5 10 16
6 1 3 9 12 14 16
4 1 2 4 8
4 5 6 7 15
1 1
5 0 3 4 6 8
3 0 4 6
1 8
3 2 3 10
6 1 2 3 6 7 8
24
3 1 5 6
4 0 13 19 22
3 13 18 20
5 9 12 15 17 20
6 5 8 13 15 18 19
5 0 4 6 11 14
3 0 5 21
3 15 16 21
4 4 10 16 21
2 3 14
5 8 16 19 22 23
1 5
3 3 13 17
5 1 2 4 12 22
3 5 9 21
4 3 4 7 21
3 7 8 10
2 3 12
3 2 4 23
3 1 4 10
2 2 3
5 6 7 8 14 15
4 1 10 13 23
3 10 18 22
16
7 1 3 8 9 12 13 15
7 0 3 4 5 9 11 14
7 4 8 10 11 12 13 14
9 0 1 4 7 8 9 10 12 15
10 1 2 3 6 7 9 10 11 12 13
6 1 6 8 12 13 15
4 4 5 10 14
5 3 4 9 12 13
8 0 2 3 5 9 11 13 15
8 0 1 3 4 7 8 12 13
7 2 3 4 6 12 14 15
6 1 2 4 8 12 13
11 0 2 3 4 5 7 9 10 11 14 15
10 0 2 4 5 7 8 9 11 14 15
6 1 2 6 10 12 13
7 0 3 5 8 10 12 13
21
5 1 5 17 18 20
7 0 2 3 4 6 8 20
6 1 4 5 11 14 18
4 1 7 18 20
3 1 2 8
5 0 2 7 15 18
5 1 10 16 17 18
5 3 5 10 12 19
3 1 4 10
4 14 16 18 20
7 6 7 8 11 18 19 20
2 2 10
1 7
2 14 19
5 2 9 13 15 19
2 5 14
3 6 9 19
2 0 6
8 0 2 3 5 6 9 10 19
6 7 10 13 14 16 18
5 0 1 3 9 10
28
6 9 14 18 20 23 24
8 4 6 14 17 19 22 23 27
5 7 16 21 24 27
6 4 7 11 13 21 23
6 1 3 12 16 20 26
5 7 19 20 21 22
6 1 10 14 21 22 24
10 2 3 5 8 10 17 21 22 24 27
4 7 9 12 24
6 0 8 11 23 24 27
6 6 7 17 19 21 23
7 3 9 17 23 24 25 27
8 4 8 15 16 20 23 24 25
6 3 14 15 16 17 18
6 0 1 6 13 15 17
8 12 13 14 17 19 20 23 26
7 2 4 12 13 18 19 22
8 1 7 10 11 13 14 15 24
5 0 13 16 21 25
6 1 5 10 15 16 23
5 0 4 5 12 15
9 2 3 5 6 7 10 18 24 25
8 1 5 6 7 16 23 24 27
11 0 1 3 9 10 11 12 15 19 22 26
12 0 2 6 7 8 9 11 12 17 21 22 25
6 11 12 18 21 24 27
3 4 15 23
7 1 2 7 9 11 22 25
28
11 1 5 6 7 8 9 10 11 19 20 22
12 0 5 6 7 8 11 12 16 18 20 26 27
8 4 8 9 11 12 19 21 25
10 4 6 8 9 10 13 16 18 24 26
10 2 3 5 6 9 12 17 21 26 27
13 0 1 4 6 8 12 13 17 19 20 22 23 26
14 0 1 3 4 5 7 11 14 16 18 21 24 25 26
11 0 1 6 9 11 12 15 18 21 24 27
13 0 1 2 3 5 10 11 13 15 17 20 23 27
14 0 2 3 4 7 10 11 13 14 21 23 24 26 27
12 0 3 8 9 12 14 15 20 21 22 23 24
13 0 1 2 6 7 8 9 13 14 16 21 24 25
13 1 2 4 5 7 10 13 14 18 19 24 26 27
9 3 5 8 9 11 12 16 22 23
8 6 9 10 11 12 17 18 23
6 7 8 10 18 21 22
10 1 3 6 11 13 19 23 25 26 27
6 4 5 8 14 23 25
9 1 3 6 7 12 14 15 21 22
8 0 2 5 12 16 20 24 26
8 0 1 5 8 10 19 25 27
12 2 4 6 7 9 10 11 15 18 22 26 27
9 0 5 10 13 15 18 21 24 25
9 5 8 9 10 13 14 16 17 26
10 3 6 7 9 10 11 12 19 22 26
8 2 6 11 16 17 20 22 27
12 1 3 4 5 6 9 12 16 19 21 23 24
10 1 4 7 8 9 12 16 20 21 25
19
10 1 2 3 6 7 9 10 11 15 16
5 0 8 11 15 18
4 0 7 15 16
7 0 8 9 11 13 14 16
5 9 11 13 15 17
8 7 8 9 11 12 14 16 18
7 0 9 10 12 15 17 18
4 0 2 5 9
5 1 3 5 11 14
11 0 3 4 5 6 7 10 11 12 13 17
6 0 6 9 12 17 18
11 0 1 3 4 5 8 9 13 14 15 16
4 5 6 9 10
5 3 4 9 11 18
5 3 5 8 11 15
8 0 1 2 4 6 11 14 16
6 0 2 3 5 11 15
4 4 6 9 10
5 1 5 6 10 13
22
12 2 3 4 5 8 10 12 13 14 17 18 20
11 6 7 8 9 10 11 15 16 17 18 20
8 0 4 6 8 13 17 18 20
9 0 5 7 10 13 14 15 16 21
9 0 2 8 9 13 15 16 18 19
9 0 3 7 9 10 12 13 19 20
7 1 2 12 14 15 17 21
7 1 3 5 13 14 17 21
10 0 1 2 4 9 10 14 17 20 21
10 1 4 5 8 10 11 13 14 17 19
12 0 1 3 5 8 9 11 14 16 17 20 21
8 1 9 10 15 16 18 19 21
6 0 5 6 18 19 20
11 0 2 3 4 5 7 9 15 16 17 20
9 0 3 6 7 8 9 10 15 16
10 1 3 4 6 11 13 14 19 20 21
10 1 3 4 10 11 13 14 17 19 21
11 0 1 2 6 7 8 9 10 13 16 21
8 0 1 2 4 11 12 19 20
8 4 5 9 11 12 15 16 18
11 0 1 2 5 8 10 12 13 15 18 21
10 3 6 7 8 10 11 15 16 17 20
23
8 1 2 7 8 9 10 12 17
8 0 3 5 7 8 11 16 22
12 0 4 5 6 7 9 10 16 18 20 21 22
9 1 5 10 12 13 15 17 20 22
6 2 6 7 8 11 16
11 1 2 3 6 7 8 11 13 16 19 21
9 2 4 5 8 9 10 11 14 17
11 0 1 2 4 5 8 12 14 15 17 20
11 0 1 4 5 6 7 13 15 18 19 22
6 0 2 6 10 11 18
10 0 2 3 6 9 11 17 18 19 20
9 1 4 5 6 9 10 12 17 20
7 0 3 7 11 13 15 17
6 3 5 8 12 15 21
4 6 7 21 22
8 3 7 8 12 13 16 17 18
10 1 2 4 5 15 17 18 19 20 21
11 0 3 6 7 10 11 12 15 16 19 20
9 2 8 9 10 15 16 20 21 22
6 5 8 10 16 17 22
9 2 3 7 10 11 16 17 18 21
8 2 5 13 14 16 18 20 22
8 1 2 3 8 14 18 19 21
30
10 2 6 8 9 10 20 26 27 28 29
6 3 6 14 23 24 28
5 0 10 22 24 25
4 1 4 8 21
7 3 6 12 20 23 25 28
4 11 17 24 29
9 0 1 4 8 9 12 18 25 28
3 9 23 28
7 0 3 6 17 18 19 23
9 0 6 7 14 16 23 24 27 29
7 0 2 16 17 22 23 24
7 5 12 19 26 27 28 29
6 4 6 11 18 22 27
4 16 17 19 24
5 1 9 18 23 25
7 19 20 22 23 26 27 28
5 9 10 13 19 26
7 5 8 10 13 19 25 26
7 6 8 12 14 22 23 28
7 8 11 13 15 16 17 26
5 0 4 15 24 27
3 3 24 26
5 2 10 12 15 18
11 1 4 7 8 9 10 14 15 18 24 26
9 1 2 5 9 10 13 20 21 23
6 2 4 6 14 17 28
9 0 11 15 16 17 19 21 23 27
8 0 9 11 12 15 20 26 28
10 0 1 4 6 7 11 15 18 25 27
4 0 5 9 11
19
9 2 3 7 8 10 12 13 14 15
5 3 4 6 12 17
9 0 4 5 6 8 10 13 15 17
7 0 1 5 10 12 16 17
5 1 2 5 7 18
5 2 3 4 9 12
3 1 2 11
7 0 4 10 14 15 16 18
6 0 2 13 14 16 18
5 5 10 16 17 18
11 0 2 3 7 9 11 13 14 15 16 17
3 6 10 15
7 0 1 3 5 13 16 18
6 0 2 8 10 12 18
5 0 7 8 10 18
7 0 2 7 10 11 17 18
7 3 7 8 9 10 12 18
7 1 2 3 9 10 15 18
10 4 7 8 9 12 13 14 15 16 17
12
4 1 3 7 11
4 0 5 7 11
3 5 6 9
4 0 6 10 11
3 5 8 11
5 1 2 4 6 8
4 2 3 5 8
3 0 1 10
3 4 5 6
2 2 11
3 3 7 11
6 0 1 3 4 9 10
12
4 1 2 3 7
3 0 3 5
3 0 4 7
6 0 1 5 6 8 10
5 2 5 7 8 11
5 1 3 4 6 8
2 3 5
4 0 2 4 8
5 3 4 5 7 10
0
2 3 8
1 4
28
11 2 7 10 11 16 17 18 19 21 24 26
9 3 8 9 11 15 17 22 25 27
9 0 3 7 9 10 11 12 15 16
12 1 2 5 7 10 12 16 17 18 19 20 27
13 6 7 11 12 13 14 15 19 20 21 23 24 27
8 3 6 9 10 11 18 22 27
9 4 5 8 10 14 15 22 24 25
14 0 2 3 4 8 9 11 12 15 16 18 21 23 27
13 1 6 7 9 10 11 12 15 19 22 23 24 26
12 1 2 5 7 8 13 14 17 20 21 22 27
12 0 2 3 5 6 8 12 18 19 20 24 26
14 0 1 2 4 5 7 8 14 16 18 20 23 25 27
10 2 3 4 7 8 10 20 23 25 27
8 4 9 14 17 19 22 24 27
9 4 6 9 11 13 16 17 18 25
13 1 2 4 6 7 8 17 18 19 22 23 24 25
11 0 2 3 7 11 14 19 20 22 24 27
10 0 1 3 9 13 14 15 24 25 27
12 0 3 5 7 10 11 14 15 19 22 23 27
12 0 3 4 8 10 13 15 16 18 21 23 26
10 3 4 9 10 11 12 16 21 24 25
10 0 4 7 9 19 20 23 24 25 27
11 1 5 6 8 9 13 15 16 18 23 27
10 4 7 8 11 12 15 18 19 21 22
14 0 4 6 8 10 13 15 16 17 20 21 25 26 27
10 1 6 11 12 14 15 17 20 21 24
5 0 8 10 19 24
15 1 3 4 5 7 9 11 12 13 16 17 18 21 22 24
12
3 2 4 9
3 2 7 8
6 0 1 4 6 7 10
2 4 8
5 0 2 3 5 9
4 4 6 8 11
4 2 5 7 11
5 1 2 6 10 11
4 1 3 5 11
2 0 4
2 2 7
4 5 6 7 8
25
5 3 6 12 23 24
0
5 5 9 11 12 13
3 0 9 10
3 16 22 23
5 2 14 18 20 21
2 0 12
5 12 13 19 21 24
1 10
5 2 3 13 23 24
6 3 8 17 22 23 24
1 2
8 0 2 6 7 14 15 19 23
3 2 7 9
4 5 12 17 23
3 12 16 22
4 4 15 18 19
2 10 14
2 5 16
4 7 12 16 20
2 5 19
2 5 7
3 4 10 15
6 0 4 9 10 12 14
4 0 7 9 10
27
6 11 13 20 23 25 26
4 8 11 17 25
3 10 16 24
4 10 15 18 26
1 24
4 12 18 20 26
6 7 8 9 19 21 22
1 6
5 1 6 10 11 19
4 6 22 23 24
6 2 3 8 14 16 26
5 0 1 8 18 26
4 5 17 20 21
5 0 14 15 20 21
9 10 13 15 16 19 20 22 24 26
4 3 13 14 18
7 2 10 14 18 21 25 26
4 1 12 18 21
7 3 5 11 15 16 17 25
3 6 8 14
7 0 5 12 13 14 21 26
6 6 12 13 16 17 20
4 6 9 14 26
2 0 9
5 2 4 9 14 25
6 0 1 16 18 24 26
10 0 3 5 10 11 14 16 20 22 25
16
1 13
4 5 11 12 13
2 6 10
1 5
2 8 15
4 1 3 6 14
2 2 5
1 10
2 4 11
0
3 2 7 13
2 1 8
1 1
3 0 1 10
1 5
1 4
26
3 7 14 25
3 13 17 24
4 11 13 18 20
1 23
4 11 13 19 22
2 21 25
5 9 19 21 24 25
4 0 9 17 21
2 14 21
8 6 7 12 13 14 20 22 25
3 14 16 20
3 2 4 13
5 9 15 20 23 25
7 1 2 4 9 11 19 21
6 0 8 9 10 15 24
2 12 14
1 10
3 1 7 24
4 2 20 21 22
5 4 6 13 20 25
7 2 9 10 12 18 19 22
8 5 6 7 8 13 18 23 24
4 4 9 18 20
3 3 12 21
5 1 6 14 17 21
6 0 5 6 9 12 19
27
6 4 7 10 12 16 22
10 2 3 5 6 7 11 14 18 24 25
9 1 3 15 16 17 18 20 23 24
6 1 2 6 12 17 21
9 0 7 11 12 15 16 18 24 25
7 1 10 13 14 16 18 20
10 1 3 8 9 10 12 16 19 21 22
12 0 1 4 8 9 12 15 16 18 22 23 25
6 6 7 10 13 14 24
7 6 7 11 14 22 24 25
12 0 5 6 8 11 12 13 15 17 18 19 22
11 1 4 9 10 15 17 19 22 23 24 26
14 0 3 4 6 7 10 15 17 18 20 22 23 24 25
8 5 8 10 14 17 20 21 26
7 1 5 8 9 13 22 24
8 2 4 7 10 11 12 23 25
7 0 2 4 5 6 7 24
8 2 3 10 11 12 13 20 22
11 1 2 4 5 7 10 12 19 22 23 25
6 6 10 11 18 21 25
7 2 5 12 13 17 21 25
6 3 6 13 19 20 24
13 0 6 7 9 10 11 12 14 17 18 23 25 26
8 2 7 11 12 15 18 22 25
11 1 2 4 8 9 11 12 14 16 21 25
12 1 4 7 9 12 15 18 19 20 22 23 24
3 11 13 22
11
8 1 2 3 5 6 7 9 10
6 0 2 3 4 5 9
6 0 1 6 7 8 9
2 0 1
1 1
4 0 1 6 9
4 0 2 5 8
2 0 2
3 2 6 10
4 0 1 2 5
2 0 8
13
6 3 5 6 8 9 12
7 3 4 6 7 10 11 12
5 4 8 9 10 11
3 0 1 10
8 1 2 6 7 9 10 11 12
4 0 6 9 10
8 0 1 4 5 7 9 10 11
5 1 4 6 9 11
3 0 2 11
7 0 2 4 5 6 7 12
7 1 2 3 4 5 6 11
8 1 2 4 6 7 8 10 12
5 0 1 4 9 11
30
8 4 11 13 16 18 23 25 28
12 2 4 5 6 8 11 14 16 17 19 25 29
11 1 3 6 7 11 13 15 18 19 26 28
15 2 4 5 11 13 15 16 19 20 21 22 24 25 28 29
11 0 1 3 13 17 19 21 23 24 26 28
11 1 3 7 12 13 14 15 20 25 27 29
5 1 2 18 19 23
7 2 5 8 13 14 19 22
9 1 7 9 11 12 13 14 20 28
6 8 21 23 24 26 27
8 14 18 19 20 22 26 28 29
11 0 1 2 3 8 17 20 21 23 25 28
3 5 8 13
13 0 2 3 4 5 7 8 12 14 20 25 26 28
12 1 5 7 8 10 13 16 23 24 27 28 29
9 2 3 5 16 18 19 21 24 27
9 0 1 3 14 15 17 21 23 28
11 1 4 11 16 20 21 22 26 27 28 29
7 0 2 6 10 15 22 25
12 1 2 3 4 6 7 10 15 20 22 26 29
9 3 5 8 10 11 13 17 19 29
8 3 4 9 11 15 16 17 28
8 3 7 10 17 18 19 24 28
8 0 4 6 9 11 14 16 25
7 3 4 9 14 15 22 27
9 0 1 3 5 11 13 18 23 29
8 2 4 9 10 13 17 19 28
6 5 9 14 15 17 24
14 0 2 3 4 8 10 11 13 14 16 17 21 22 26
9 1 3 5 10 14 17 19 20 25
14
2 1 4
3 0 9 11
2 11 13
4 4 6 8 10
6 0 3 9 10 12 13
1 9
1 3
2 9 13
1 3
4 1 4 5 7
2 3 4
2 1 2
2 4 13
4 2 4 7 12
27
6 7 10 14 16 23 26
4 5 9 14 18
5 8 17 20 23 26
6 4 7 12 21 22 24
5 3 11 13 14 17
3 1 14 20
2 19 21
3 0 3 20
6 2 9 11 13 15 21
5 1 8 10 16 25
3 0 9 17
8 4 8 14 16 18 19 22 25
4 3 14 20 21
4 4 8 16 24
7 0 1 4 5 11 12 25
3 8 16 19
6 0 9 11 13 15 23
6 2 4 10 20 22 24
4 1 11 19 22
5 6 11 15 18 23
5 2 5 7 12 17
4 3 6 8 12
6 3 11 17 18 24 25
5 0 2 16 19 26
4 3 13 17 22
4 9 11 14 22
3 0 2 23
21
6 1 3 11 12 19 20
4 0 7 11 16
7 6 8 13 17 18 19 20
6 0 6 13 16 17 18
2 11 15
0
6 2 3 8 18 19 20
4 1 12 16 19
7 2 6 10 11 12 16 20
4 10 12 15 17
5 8 9 12 14 19
5 0 1 4 8 19
5 0 7 8 9 10
3 2 3 15
2 10 15
5 4 9 13 14 19
5 1 3 7 8 18
3 2 3 9
4 2 3 6 16
7 0 2 6 7 10 11 15
4 0 2 6 8
23
2 3 13
2 17 21
3 7 13 20
5 0 4 7 17 20
2 3 14
1 14
2 7 9
4 2 3 6 9
2 12 15
2 6 7
2 16 17
2 20 22
3 8 15 16
2 0 2
3 4 5 16
3 8 12 17
3 10 12 14
4 1 3 10 15
0
0
3 2 3 11
2 1 22
2 11 21
20
13 2 4 6 9 10 11 12 13 15 16 17 18 19
11 2 3 6 7 9 10 11 14 15 16 17
13 0 1 4 7 8 9 10 11 13 14 16 18 19
10 1 4 8 9 10 13 14 17 18 19
9 0 2 3 7 12 13 15 16 18
7 6 9 11 12 13 14 16
5 0 1 5 14 19
9 1 2 4 8 10 12 13 17 19
7 2 3 7 12 14 15 17
8 0 1 2 3 5 12 14 17
7 0 1 2 3 7 17 18
7 0 1 2 5 12 13 17
11 0 4 5 7 8 9 11 15 17 18 19
10 0 2 3 4 5 7 11 14 15 17
9 1 2 3 5 6 8 9 13 15
9 0 1 4 8 12 13 14 16 19
8 0 1 2 4 5 15 18 19
12 0 1 3 7 8 9 10 11 12 13 18 19
9 0 2 3 4 10 12 16 17 19
10 0 2 3 6 7 12 15 16 17 18
28
10 1 2 6 10 11 17 18 19 21 25
10 0 2 3 9 11 15 18 23 24 26
9 0 1 4 6 7 8 19 26 27
12 1 5 8 10 11 13 14 16 17 19 20 27
10 2 5 10 11 16 17 18 22 25 27
9 3 4 6 7 10 15 16 19 26
10 0 2 5 7 8 9 11 18 24 25
10 2 5 6 10 12 20 21 23 25 26
12 2 3 6 11 12 15 16 17 23 24 25 26
7 1 6 10 16 17 22 25
16 0 3 4 5 7 9 11 13 17 18 19 20 21 24 26 27
15 0 1 3 4 6 8 10 12 14 17 18 19 21 25 26
9 7 8 11 14 16 18 23 24 26
9 3 10 15 17 18 19 21 24 26
8 3 11 12 15 18 21 25 26
10 1 5 8 13 14 16 17 19 21 25
9 3 4 5 8 9 12 15 19 22
16 0 3 4 8 9 10 11 13 15 19 20 21 24 25 26 27
11 0 1 4 6 10 11 12 13 14 23 24
13 0 2 3 5 10 11 13 15 16 17 23 25 26
7 3 7 10 17 21 24 26
12 0 7 10 11 13 14 15 17 20 22 23 25
8 4 9 16 21 23 25 26 27
10 1 7 8 12 18 19 21 22 24 25
11 1 6 8 10 12 13 17 18 20 23 27
16 0 4 6 7 8 9 11 14 15 17 19 21 22 23 26 27
16 1 2 5 7 8 10 11 12 13 14 17 19 20 22 25 27
9 2 3 4 10 17 22 24 25 26
25
7 1 2 7 10 16 20 22
5 0 9 19 22 23
7 0 3 6 11 14 22 24
5 2 16 17 20 23
3 12 16 18
1 24
6 2 10 17 19 20 23
9 0 8 9 10 11 12 18 19 23
7 7 11 12 14 17 19 23
3 1 7 17
11 0 6 7 12 13 14 16 19 21 22 24
7 2 7 8 16 20 23 24
8 4 7 8 10 15 17 18 20
8 10 15 16 17 18 20 22 24
5 2 8 10 20 24
3 12 13 21
6 0 3 4 10 11 13
8 3 6 8 9 12 13 19 24
5 4 7 12 13 22
8 1 6 7 8 10 17 21 24
7 0 3 6 11 12 13 14
4 10 15 19 24
7 0 1 2 10 13 18 24
6 1 3 6 7 8 11
10 2 5 10 11 13 14 17 19 21 22
17
2 10 13
3 8 9 14
2 6 9
2 5 11
0
2 3 15
1 2
4 8 9 15 16
4 1 7 10 13
3 1 2 7
2 0 8
1 3
0
2 0 8
1 1
2 5 7
1 7
29
4 21 26 27 28
1 10
1 14
2 14 18
0
2 7 22
4 11 12 15 22
3 5 14 17
2 10 11
2 21 27
5 1 8 12 20 24
4 6 8 26 27
2 6 10
0
3 2 3 7
4 6 17 18 25
0
3 7 15 21
2 3 15
0
1 10
5 0 9 17 22 24
4 5 6 21 25
0
2 10 21
2 15 22
2 0 11
3 0 9 11
1 0
29
6 3 8 16 20 21 23
5 7 11 14 16 27
11 5 7 13 14 15 16 17 18 25 26 27
13 0 4 6 8 9 10 12 13 16 21 24 27 28
10 3 5 9 10 13 15 19 21 22 25
9 2 4 6 7 10 18 22 23 27
6 3 5 9 16 23 28
10 1 2 5 8 9 11 12 18 21 26
10 0 3 7 9 13 14 15 17 26 27
10 3 4 6 7 8 14 16 17 22 23
12 3 4 5 14 16 17 19 21 22 23 25 26
8 1 7 13 20 23 24 26 27
5 3 7 18 22 23
9 2 3 4 8 11 14 16 18 20
12 1 2 8 9 10 13 18 19 22 26 27 28
7 2 4 8 19 20 22 27
11 0 1 2 3 6 9 10 13 24 25 27
7 2 8 9 10 18 25 27
11 2 5 7 12 13 14 17 20 25 27 28
7 4 10 14 15 21 23 27
5 0 11 13 15 18
8 0 3 4 7 10 19 25 27
7 4 5 9 10 12 14 15
8 0 5 6 9 10 11 12 19
6 3 11 16 25 26 28
8 2 4 10 16 17 18 21 24
7 2 7 8 10 11 14 24
13 1 2 3 5 8 11 14 15 16 17 18 19 21
5 3 6 14 18 24
17
4 2 5 7 11
3 12 13 14
5 0 3 7 10 15
3 2 4 10
4 3 8 12 15
5 0 10 12 14 15
5 9 10 13 15 16
5 0 2 11 13 15
3 4 11 12
3 6 12 16
5 2 3 5 6 12
4 0 7 8 15
7 1 4 5 8 9 10 13
5 1 6 7 12 16
3 1 5 16
7 2 4 5 6 7 11 16
5 6 9 13 14 15
19
3 4 8 14
5 5 10 11 12 15
4 4 5 8 12
0
5 0 2 7 10 11
4 1 2 8 13
1 15
3 4 13 15
5 0 2 5 11 14
0
3 1 4 16
4 1 4 8 15
2 1 2
3 5 7 17
3 0 8 17
4 1 6 7 11
1 10
3 13 14 18
1 17
11
4 1 4 6 7
3 0 7 10
4 4 6 7 10
4 4 5 8 9
7 0 2 3 5 6 9 10
5 3 4 6 7 9
6 0 2 4 5 7 9
7 0 1 2 5 6 9 10
2 3 10
5 3 4 5 6 7
5 1 2 4 7 8
21
9 1 2 5 7 9 12 15 16 20
11 0 2 4 5 9 10 11 12 13 15 17
8 0 1 3 7 10 11 16 20
5 2 7 10 15 18
7 1 5 6 8 13 19 20
8 0 1 4 6 10 12 13 17
7 4 5 7 8 11 16 17
7 0 2 3 6 8 17 19
4 4 6 7 13
5 0 1 14 15 20
5 1 2 3 5 15
3 1 2 6
6 0 1 5 16 17 19
5 1 4 5 8 14
4 9 13 16 20
6 0 1 3 9 10 19
6 0 2 6 12 14 17
6 1 5 6 7 12 16
2 3 20
4 4 7 12 15
6 0 2 4 9 14 18
27
5 9 10 12 15 19
2 8 25
1 7
4 11 20 21 26
4 12 18 23 24
3 12 13 16
2 9 22
3 2 12 18
2 1 17
6 0 6 14 15 18 24
3 0 16 20
4 3 18 22 24
7 0 4 5 7 16 17 23
4 5 14 17 23
4 9 13 15 25
4 0 9 14 23
4 5 10 12 19
5 8 12 13 18 22
7 4 7 9 11 17 21 26
4 0 16 20 21
3 3 10 19
4 3 18 19 26
4 6 11 17 26
5 4 12 13 15 24
4 4 9 11 23
2 1 14
4 3 18 21 22
13
1 5
1 4
3 4 8 9
2 5 10
4 1 2 5 7
4 0 3 4 12
1 10
2 4 11
3 2 10 12
1 2
3 3 6 8
1 7
2 5 8
29
15 7 10 11 12 13 14 15 18 21 22 23 24 26 27 28
9 3 4 10 11 15 16 18 19 20
10 4 9 10 11 12 13 18 19 20 26
12 1 8 10 11 12 13 14 15 20 24 27 28
9 1 2 14 18 20 22 24 25 26
14 6 7 8 10 12 13 17 19 20 21 22 23 27 28
12 5 8 11 14 15 19 20 21 23 24 26 28
12 0 5 11 13 14 15 16 17 22 23 27 28
13 3 5 6 11 12 13 18 19 22 23 24 27 28
6 2 10 12 18 24 25
13 0 1 2 3 5 9 11 12 17 18 23 24 26
13 0 1 2 3 6 7 8 10 12 14 19 25 26
14 0 2 3 5 8 9 10 11 13 15 16 19 22 24
14 0 2 3 5 7 8 12 15 16 18 19 21 22 23
10 0 3 4 6 7 11 17 19 21 28
10 0 1 3 6 7 12 13 19 21 25
9 1 7 12 13 17 19 21 22 27
8 5 7 10 14 16 18 21 26
13 0 1 2 4 8 9 10 13 17 21 22 23 27
13 1 2 5 6 8 11 12 13 14 15 16 20 23
8 1 2 3 4 5 6 19 24
12 0 5 6 13 14 15 16 17 18 26 27 28
10 0 4 5 7 8 12 13 16 18 26
10 0 5 6 7 8 10 13 18 19 28
11 0 3 4 6 8 9 10 12 20 26 28
5 4 9 11 15 28
12 0 2 4 6 10 11 17 21 22 24 27 28
9 0 3 5 7 8 16 18 21 26
12 0 3 5 6 7 8 14 21 23 24 25 26
17
6 3 8 10 11 12 16
4 2 3 4 12
5 1 3 8 10 12
4 0 1 2 15
4 1 5 11 13
4 4 7 9 14
3 9 13 14
4 5 8 13 15
4 0 2 7 14
2 5 6
3 0 2 15
2 0 4
3 0 1 2
3 4 6 7
3 5 6 8
3 3 7 10
1 0
16
9 1 2 4 5 7 9 11 12 14
10 0 2 3 4 7 8 10 11 12 13
10 0 1 4 5 6 7 9 12 13 14
6 1 6 8 9 10 13
7 0 1 2 6 9 10 15
5 0 2 6 11 13
9 2 3 4 5 8 9 12 14 15
7 0 1 2 10 13 14 15
8 1 3 6 9 10 11 13 14
8 0 2 3 4 6 8 11 14
6 1 3 4 7 8 12
7 0 1 5 8 9 12 13
7 0 1 2 6 10 11 15
7 1 2 3 5 7 8 11
7 0 2 6 7 8 9 15
5 4 6 7 12 14
12
5 4 5 7 8 9
6 2 3 5 8 9 10
4 1 3 6 10
3 1 2 11
6 0 6 7 8 10 11
4 0 1 6 8
6 2 4 5 8 9 10
3 0 4 10
6 0 1 4 5 6 9
5 0 1 6 8 10
7 1 2 4 6 7 9 11
3 3 4 10
17
6 5 8 9 13 15 16
5 2 3 7 8 12
9 1 3 4 5 8 10 11 15 16
10 1 2 7 8 9 11 12 13 15 16
5 2 6 8 15 16
6 0 2 6 7 8 16
9 4 5 9 10 12 13 14 15 16
10 1 3 5 8 9 10 11 12 15 16
10 0 1 2 3 4 5 7 9 10 15
8 0 3 6 7 8 12 15 16
6 2 6 7 8 11 14
6 2 3 7 10 13 16
7 1 3 6 7 9 14 16
4 0 3 6 11
3 6 10 12
8 0 2 3 4 6 7 8 9
10 0 2 3 4 5 6 7 9 11 12
20
5 1 5 9 14 15
7 0 3 5 9 14 15 16
4 4 11 13 19
7 1 4 6 12 13 14 15
9 2 3 5 6 7 9 12 15 16
9 0 1 4 6 9 13 14 16 17
7 3 4 5 10 16 17 19
4 4 15 17 18
2 11 14
7 0 1 4 5 11 16 18
4 6 11 13 15
8 2 8 9 10 13 15 17 18
5 3 4 14 15 19
6 2 3 5 10 11 14
8 0 1 3 5 8 12 13 15
10 0 1 3 4 7 10 11 12 14 17
6 1 4 5 6 9 18
6 5 6 7 11 15 18
5 7 9 11 16 17
3 2 6 12
22
5 1 3 9 20 21
10 0 2 6 7 8 14 16 17 19 20
9 1 4 8 12 15 16 17 19 20
7 0 4 5 8 9 13 15
8 2 3 9 13 16 17 19 20
6 3 10 11 13 16 20
7 1 9 11 13 14 17 18
8 1 8 9 13 15 18 19 21
6 1 2 3 7 10 12
9 0 3 4 6 7 11 12 15 17
6 5 8 14 15 16 20
6 5 6 9 12 19 20
7 2 8 9 11 14 16 17
7 3 4 5 6 7 17 19
8 1 6 10 12 15 18 20 21
9 2 3 7 9 10 14 16 17 20
8 1 2 4 5 10 12 15 20
9 1 2 4 6 9 12 13 15 20
3 6 7 14
7 1 2 4 7 11 13 21
11 0 1 2 4 5 10 11 14 15 16 17
4 0 7 14 19
14
6 2 4 5 6 11 13
6 5 6 8 10 11 13
4 0 7 10 12
4 5 8 9 13
6 0 5 6 8 10 12
5 0 1 3 4 9
9 0 1 4 7 8 10 11 12 13
3 2 6 13
6 1 3 4 6 10 13
5 3 5 10 12 13
7 1 2 4 6 8 9 13
4 0 1 6 12
5 2 4 6 9 11
8 0 1 3 6 7 8 9 10
23
6 2 5 9 13 18 22
3 5 6 7
6 0 3 10 16 18 20
8 2 4 9 13 14 15 18 22
10 3 5 6 8 9 11 14 16 18 20
10 0 1 4 6 7 10 13 17 18 19
8 1 4 5 8 10 12 13 21
7 1 5 9 10 12 13 22
6 4 6 10 11 17 19
8 0 3 4 7 10 11 18 21
13 2 5 6 7 8 9 12 13 14 16 17 19 21
8 4 8 9 17 19 20 21 22
5 6 7 10 16 21
11 0 3 5 6 7 10 14 16 18 19 20
8 3 4 10 13 15 16 17 19
4 3 14 18 22
6 2 4 10 12 13 14
8 5 8 10 11 14 20 21 22
10 0 2 3 4 5 9 13 15 19 20
9 5 8 10 11 13 14 18 20 21
8 2 4 11 13 17 18 19 21
9 6 9 10 11 12 17 19 20 22
7 0 3 7 11 15 17 21
27
8 6 9 14 15 16 22 25 26
5 4 10 14 16 24
7 3 5 8 13 15 18 21
4 2 14 17 26
8 1 9 12 17 18 20 24 25
4 2 10 12 16
8 0 7 8 9 16 17 18 21
5 6 17 18 20 23
10 2 6 9 13 14 15 19 21 23 26
11 0 4 6 8 11 15 16 19 24 25 26
6 1 5 13 19 22 24
2 9 14
2 4 5
5 2 8 10 22 25
7 0 1 3 8 11 22 26
7 0 2 8 9 21 22 26
9 0 1 5 6 9 22 24 25 26
5 3 4 6 7 23
7 2 4 6 7 19 20 25
4 8 9 10 18
5 4 7 18 22 25
4 2 6 8 15
7 0 10 13 14 15 16 20
4 7 8 17 26
5 1 4 9 10 16
7 0 4 9 13 16 18 20
8 0 3 8 9 14 15 16 23
27
3 11 15 24
1 16
1 21
2 9 23
1 24
0
2 17 26
1 19
5 12 16 17 20 23
2 3 21
3 15 17 19
2 0 13
1 8
3 11 21 25
2 16 26
2 0 10
3 1 8 14
5 6 8 10 19 21
1 26
5 7 10 17 20 25
3 8 19 21
5 2 9 13 17 20
0
3 3 8 24
3 0 4 23
2 13 19
3 6 14 18
24
1 1
6 0 2 3 7 13 19
6 1 3 6 14 16 20
2 1 2
2 6 8
1 6
5 2 4 5 13 15
6 1 10 14 20 21 23
3 4 14 15
4 13 16 17 22
2 7 21
1 18
2 18 22
3 1 6 9
3 2 7 8
4 6 8 18 20
2 2 9
1 9
4 11 12 15 21
2 1 21
3 2 7 15
4 7 10 18 19
3 9 12 23
2 7 22
13
3 1 5 10
5 0 4 7 8 11
1 8
5 6 7 10 11 12
5 1 5 6 7 9
6 0 4 6 8 10 12
5 3 4 5 10 11
4 1 3 4 9
3 1 2 5
2 4 7
4 0 3 5 6
3 1 3 6
2 3 5
14
2 4 13
3 5 6 13
2 9 12
2 8 12
1 0
2 1 8
2 1 12
1 12
2 3 5
3 2 10 11
2 9 13
3 9 12 13
5 2 3 6 7 11
4 0 1 10 11
14
6 4 5 8 9 10 13
7 2 4 5 6 7 8 9
9 1 3 4 5 6 7 8 9 10
5 2 4 7 10 12
5 0 1 2 3 5
8 0 1 2 4 7 8 9 12
7 1 2 7 9 10 11 12
7 1 2 3 5 6 8 13
7 0 1 2 5 7 9 12
6 0 1 2 5 6 8
6 0 2 3 6 11 13
3 6 10 13
5 3 5 6 8 13
5 0 7 10 11 12
12
3 3 5 7
2 2 5
3 1 5 6
3 0 5 8
0
5 0 1 2 3 9
4 2 8 9 10
3 0 8 10
3 3 6 7
2 5 6
3 6 7 11
1 10
13
3 2 3 10
4 2 3 5 9
6 0 1 3 9 11 12
5 0 1 2 6 12
1 12
4 1 6 8 10
4 3 5 8 12
0
3 5 6 12
2 1 2
3 0 5 12
1 2
6 2 3 4 6 8 10
17
1 1
3 0 7 14
3 3 11 16
3 2 7 13
3 7 12 14
3 6 8 11
3 5 10 12
3 1 3 4
1 5
0
5 6 11 13 14 16
5 2 5 10 12 14
5 4 6 11 15 16
2 3 10
4 1 4 10 11
2 12 16
4 2 10 12 15
26
8 2 3 11 13 18 19 20 21
7 3 5 8 9 10 20 23
6 0 4 5 11 16 24
8 0 1 4 6 11 15 17 25
5 2 3 9 11 25
9 1 2 8 12 13 17 19 23 25
2 3 20
4 14 16 17 18
7 1 5 11 17 18 21 23
5 1 4 13 19 23
7 1 11 13 17 18 22 23
8 0 2 3 4 8 10 16 19
4 5 15 16 19
9 0 5 9 10 15 16 18 19 23
3 7 15 22
5 3 12 13 14 17
7 2 7 11 12 13 23 24
11 3 5 7 8 10 15 18 19 20 21 23
8 0 7 8 10 13 17 19 24
10 0 5 9 11 12 13 17 18 21 22
5 0 1 6 17 25
5 0 8 17 19 22
5 10 14 19 21 23
9 1 5 8 9 10 13 16 17 22
3 2 16 18
4 3 4 5 20
14
4 1 4 6 10
7 0 3 6 8 9 12 13
8 3 4 5 6 7 8 9 12
5 1 2 5 7 13
6 0 2 5 7 8 12
7 2 3 4 6 7 12 13
7 0 1 2 5 11 12 13
9 2 3 4 5 8 9 11 12 13
5 1 2 4 7 11
3 1 2 7
4 0 11 12 13
5 6 7 8 10 12
8 1 2 4 5 6 7 10 11
6 1 3 5 6 7 10
15
6 5 6 7 9 11 12
6 4 7 9 11 12 13
6 6 7 9 10 13 14
4 7 8 11 14
6 1 5 7 10 13 14
4 0 4 12 13
5 0 2 11 13 14
6 0 1 2 3 4 13
2 3 9
6 0 1 2 8 13 14
3 2 4 12
6 0 1 3 6 12 14
5 0 1 5 10 11
7 1 2 4 5 6 7 9
6 2 3 4 6 9 11
27
3 7 11 15
8 4 5 6 12 15 17 21 22
6 12 16 17 18 21 22
5 6 16 17 24 26
4 1 5 8 19
6 1 4 8 18 24 26
7 1 3 12 15 19 20 26
4 0 9 14 18
5 4 5 14 17 23
4 7 14 17 19
2 12 15
6 0 12 15 18 19 21
8 1 2 6 10 11 13 14 22
4 12 15 17 25
4 7 8 9 12
7 0 1 6 10 11 13 19
5 2 3 23 25 26
7 1 2 3 8 9 13 18
7 2 5 7 11 17 25 26
5 4 6 9 11 15
3 6 21 24
6 1 2 11 20 24 25
4 1 2 12 24
2 8 16
5 3 5 20 21 22
4 13 16 18 21
5 3 5 6 16 18
30
15 2 4 10 11 12 13 14 16 17 18 20 22 24 28 29
12 3 4 7 11 12 13 17 20 23 24 25 27
15 0 5 8 9 10 12 15 17 19 21 22 24 26 28 29
10 1 9 10 12 13 15 16 17 26 29
10 0 1 5 8 13 14 19 23 24 25
13 2 4 6 9 11 12 13 16 20 22 23 25 27
13 5 8 11 12 15 17 19 20 23 24 27 28 29
8 1 11 12 19 20 21 23 25
13 2 4 6 9 10 11 14 15 16 18 23 26 27
18 2 3 5 8 10 11 13 14 15 16 17 20 21 22 24 27 28 29
16 0 2 3 8 9 12 13 14 17 20 21 23 24 26 28 29
12 0 1 5 6 7 8 9 12 16 17 24 27
17 0 1 2 3 5 6 7 10 11 18 20 21 22 23 24 25 29
15 0 1 3 4 5 9 10 14 17 18 20 24 26 27 28
11 0 4 8 9 10 13 18 19 21 23 29
11 2 3 6 8 9 18 20 21 25 27 29
11 0 3 5 8 9 11 20 22 25 26 28
17 0 1 2 3 6 9 10 11 13 19 20 21 23 25 26 27 29
10 0 8 12 13 14 15 21 22 26 29
11 2 4 6 7 14 17 20 23 24 27 28
18 0 1 5 6 7 9 10 12 13 15 16 17 19 23 25 27 28 29
14 2 7 9 10 12 14 15 17 18 22 25 26 27 29
14 0 2 5 9 12 16 18 21 23 25 26 27 28 29
14 1 4 5 6 7 8 10 12 14 17 19 20 22 29
13 0 1 2 4 6 9 10 11 12 13 19 25 27
12 1 4 5 7 12 15 16 17 20 21 22 24
10 2 3 8 10 13 16 17 18 21 22
15 1 5 6 8 9 11 13 15 17 19 20 21 22 24 29
11 0 2 6 9 10 13 16 19 20 22 29
17 0 2 3 6 9 10 12 14 15 17 18 20 21 22 23 27 28
28
3 5 6 21
4 3 13 20 21
2 19 26
3 1 9 23
2 13 14
3 0 21 27
3 0 9 24
3 8 10 27
3 7 9 22
4 3 6 8 20
2 7 15
1 15
1 22
3 1 4 26
3 4 21 22
2 10 11
0
0
0
1 2
3 1 9 27
5 0 1 5 14 24
3 8 12 14
1 3
2 6 21
0
2 2 13
3 5 7 20
28
6 3 4 10 19 21 27
7 3 7 8 15 25 26 27
4 6 7 18 20
4 0 1 9 19
8 0 5 9 17 18 20 26 27
9 4 10 12 15 17 18 19 23 26
7 2 9 10 17 20 26 27
7 1 2 8 16 18 19 23
7 1 7 9 10 11 12 22
7 3 4 6 8 13 22 23
6 0 5 6 8 19 27
4 8 16 21 22
7 5 8 15 17 19 22 23
5 9 15 18 21 26
3 15 16 21
8 1 5 12 13 14 23 25 26
5 7 11 14 18 21
9 4 5 6 12 18 20 21 23 27
12 2 4 5 7 13 16 17 19 22 23 24 27
9 0 3 5 7 10 12 18 20 26
8 2 4 6 17 19 21 24 26
8 0 11 13 14 16 17 20 25
6 8 9 11 12 18 27
10 5 7 9 12 15 17 18 25 26 27
2 18 20
5 1 15 21 23 27
9 1 4 5 6 13 15 19 20 23
10 0 1 4 6 10 17 18 22 23 25
19
3 6 11 17
3 7 9 11
2 7 17
1 15
1 14
2 7 17
2 0 9
5 1 2 5 9 11
0
4 1 6 7 13
2 14 17
5 0 1 7 15 16
0
1 9
2 4 10
2 3 11
1 11
4 0 2 5 10
0
23
3 12 13 15
1 19
3 7 11 22
4 7 14 18 19
4 7 9 12 18
2 7 17
1 20
4 2 3 4 5
3 9 18 22
3 4 8 13
3 13 16 17
3 2 17 20
3 0 4 20
4 0 9 10 21
3 3 16 21
3 0 19 20
3 10 14 22
4 5 10 11 18
4 3 4 8 17
4 1 3 15 22
4 6 11 12 15
2 13 14
4 2 8 16 19
23
1 16
4 3 6 9 12
1 3
5 1 2 9 11 20
1 5
2 4 7
3 1 12 21
3 5 9 15
0
5 1 3 7 17 20
2 12 17
3 3 19 20
3 1 6 10
2 14 20
4 13 16 20 22
2 7 21
3 0 14 21
2 9 10
0
2 11 21
6 3 9 11 13 14 21
5 6 15 16 19 20
1 14
16
8 1 2 4 7 8 10 12 13
4 0 3 6 8
6 0 3 4 8 9 14
5 1 2 6 10 15
6 0 2 6 7 10 13
6 6 7 10 12 14 15
6 1 3 4 5 7 8
9 0 4 5 6 8 9 10 12 13
8 0 1 2 6 7 10 13 15
4 2 7 13 15
7 0 3 4 5 7 8 14
2 13 15
5 0 5 7 13 14
8 0 4 7 8 9 11 12 14
5 2 5 10 12 13
5 3 5 8 9 11
18
8 1 3 5 6 10 14 16 17
4 0 3 7 11
4 4 5 7 8
10 0 1 5 6 7 10 12 15 16 17
4 2 6 7 9
4 0 2 3 17
7 0 3 4 9 12 13 16
9 1 2 3 4 9 10 13 15 17
3 2 12 14
5 4 6 7 13 15
8 0 3 7 11 14 15 16 17
4 1 10 13 16
3 3 6 8
7 6 7 9 11 14 15 16
4 0 8 10 13
6 3 7 9 10 13 17
7 0 3 6 10 11 13 17
7 0 3 5 7 10 15 16
14
2 3 9
1 8
2 11 13
3 0 5 8
1 9
2 3 7
0
1 5
4 1 3 9 10
4 0 4 8 10
2 8 9
1 2
1 13
2 2 12
23
3 10 18 20
2 4 10
2 11 20
9 4 6 9 10 11 16 20 21 22
8 1 3 5 12 14 15 19 21
8 4 7 10 12 17 18 20 22
5 3 9 14 19 20
3 5 13 16
5 9 10 14 16 18
7 3 6 8 13 15 16 22
6 0 1 3 5 8 18
5 2 3 12 18 20
4 4 5 11 17
4 7 9 17 18
7 4 6 8 17 18 21 22
3 4 9 16
6 3 7 8 9 15 22
6 5 12 13 14 19 20
9 0 5 8 10 11 13 14 19 21
4 4 6 17 18
9 0 2 3 5 6 11 17 21 22
5 3 4 14 18 20
6 3 5 9 14 16 20
25
7 1 3 8 9 17 19 24
5 0 2 8 21 22
5 1 17 18 20 24
8 0 4 5 9 14 15 22 23
4 3 12 14 23
6 3 10 11 12 23 24
2 9 10
5 13 14 17 18 23
8 0 1 11 15 16 17 22 23
6 0 3 6 18 20 22
4 5 6 14 18
5 5 8 13 23 24
2 4 5
4 7 11 16 17
8 3 4 7 10 16 20 21 23
3 3 8 19
8 8 13 14 17 19 20 21 24
6 0 2 7 8 13 16
5 2 7 9 10 20
5 0 15 16 20 22
7 2 9 14 16 18 19 23
4 1 14 16 24
7 1 3 8 9 19 23 24
10 3 4 5 7 8 11 14 20 22 24
8 0 2 5 11 16 21 22 23
17
7 1 5 9 10 11 12 14
6 0 2 5 9 10 13
6 1 3 4 5 6 7
4 2 4 7 10
6 2 3 8 9 14 15
8 0 1 2 6 11 12 14 16
3 2 5 7
6 2 3 6 9 12 16
2 4 13
5 0 1 4 7 14
4 0 1 3 11
5 0 5 10 14 16
5 0 5 7 13 14
3 1 8 12
8 0 4 5 9 11 12 15 16
2 4 14
4 5 7 11 14
25
11 1 2 4 6 9 11 13 17 18 21 22
4 0 10 21 24
9 0 5 6 8 9 11 19 20 23
11 4 6 8 10 11 12 14 17 20 23 24
13 0 3 6 7 8 9 11 12 16 17 19 23 24
12 2 6 9 11 12 13 14 17 18 20 21 24
11 0 2 3 4 5 7 8 10 13 18 24
9 4 6 9 13 14 15 17 18 23
13 2 3 4 6 10 15 16 19 20 21 22 23 24
13 0 2 4 5 7 10 13 14 17 19 20 22 24
10 1 3 6 8 9 11 13 17 18 23
13 0 2 3 4 5 10 12 13 14 15 18 19 21
11 3 4 5 11 13 14 15 19 20 21 23
12 0 5 6 7 9 10 11 12 16 19 22 24
11 3 5 7 9 11 12 15 16 17 22 23
10 7 8 11 12 14 17 18 22 23 24
7 4 8 13 14 18 23 24
10 0 3 4 5 7 9 10 14 15 18
10 0 5 6 7 10 11 15 16 17 23
7 2 4 8 9 11 12 13
9 2 3 5 8 9 12 21 22 23
10 0 1 5 8 11 12 20 22 23 24
9 0 8 9 13 14 15 20 21 24
13 2 3 4 7 8 10 12 14 15 16 18 20 21
12 1 3 4 5 6 8 9 13 15 16 21 22
18
7 2 3 5 7 10 12 15
7 6 8 9 11 13 14 15
4 0 7 8 11
5 0 7 8 16 17
5 9 10 13 14 16
9 0 6 9 10 11 13 14 15 17
6 1 5 9 13 14 17
6 0 2 3 8 9 13
7 1 2 3 7 10 12 14
7 1 4 5 6 7 13 15
6 0 4 5 8 12 14
4 1 2 5 13
5 0 8 10 14 15
8 1 4 5 6 7 9 11 17
9 1 4 5 6 8 10 12 16 17
6 0 1 5 9 12 16
4 3 4 14 15
5 3 5 6 13 14
27
11 2 6 7 9 12 15 16 18 22 23 25
13 3 8 9 10 11 13 14 17 19 20 21 22 25
13 0 4 6 7 8 9 13 14 15 17 20 23 24
16 1 4 5 6 7 11 12 13 14 15 16 17 19 21 23 25
14 2 3 5 8 9 10 13 14 15 16 17 19 24 25
10 3 4 8 9 10 12 21 22 24 26
13 0 2 3 7 9 12 13 14 16 17 20 23 24
13 0 2 3 6 8 10 14 19 20 22 23 24 26
15 1 2 4 5 7 9 11 15 16 18 20 22 23 25 26
16 0 1 2 4 5 6 8 11 12 13 14 15 18 21 22 26
11 1 4 5 7 11 12 13 21 22 24 26
8 1 3 8 9 10 13 16 17
13 0 3 5 6 9 10 13 17 19 20 23 24 25
14 1 2 3 4 6 9 10 11 12 15 17 18 23 25
14 1 2 3 4 6 7 9 15 17 18 19 21 23 24
13 0 2 3 4 8 9 13 14 19 20 22 25 26
12 0 3 4 6 8 11 19 21 22 24 25 26
15 1 2 3 4 6 11 12 13 14 18 20 21 22 23 25
11 0 8 9 13 14 17 19 21 24 25 26
11 1 3 4 7 12 14 15 16 18 22 24
9 1 2 6 7 8 12 15 17 23
12 1 3 5 9 10 14 16 17 18 22 23 26
14 0 1 5 7 8 9 10 15 16 17 19 21 23 24
14 0 2 3 6 7 8 12 13 14 17 20 21 22 24
13 2 4 5 6 7 10 12 14 16 18 19 22 23
11 0 1 3 4 8 12 13 15 16 17 18
9 5 7 8 9 10 15 16 18 21
29
6 4 5 7 11 18 26
1 24
5 3 12 13 23 27
2 2 4
4 0 3 19 26
4 0 9 13 21
3 7 12 18
5 0 6 9 16 19
0
5 5 7 13 22 28
1 25
3 0 21 25
3 2 6 19
4 2 5 9 27
0
1 22
3 7 19 22
0
3 0 6 24
4 4 7 12 16
1 28
3 5 11 22
4 9 15 16 21
1 2
3 1 18 27
2 10 11
2 0 4
4 2 13 24 28
3 9 20 27
22
6 3 4 9 10 13 18
2 4 19
6 3 4 8 12 17 21
6 0 2 9 11 14 16
9 0 1 2 9 10 12 15 18 19
4 7 10 12 15
5 7 13 16 18 20
6 5 6 8 9 12 16
5 2 7 12 13 14
11 0 3 4 7 10 12 15 17 18 19 21
9 0 4 5 9 14 15 16 17 21
2 3 12
8 2 4 5 7 8 9 11 17
4 0 6 8 17
4 3 8 10 18
5 4 5 9 10 21
5 3 6 7 10 20
6 2 9 10 12 13 18
7 0 4 6 9 14 17 20
4 1 4 9 20
4 6 16 18 19
4 2 9 10 15
18
8 1 2 4 5 6 8 14 16
7 0 4 5 9 11 16 17
7 0 3 5 10 11 15 17
4 2 11 14 17
3 0 1 14
9 0 1 2 7 8 9 10 12 16
5 0 7 11 12 17
6 5 6 8 12 13 16
6 0 5 7 9 13 15
5 1 5 8 10 13
9 2 5 9 11 12 13 14 15 16
7 1 2 3 6 10 12 15
9 5 6 7 10 11 13 14 15 17
6 7 8 9 10 12 16
6 0 3 4 10 12 17
5 2 8 10 11 12
6 0 1 5 7 10 13
6 1 2 3 6 12 14
23
6 7 9 11 17 21 22
1 22
1 4
3 7 10 14
1 2
2 15 18
3 9 12 14
3 0 3 8
4 7 9 13 18
4 0 6 8 17
3 3 16 22
3 0 17 22
2 6 16
3 8 17 18
3 3 6 21
1 5
4 10 12 19 20
5 0 9 11 13 22
4 5 8 13 20
1 16
2 16 18
2 0 14
5 0 1 10 11 17
22
7 4 6 9 11 12 14 17
5 3 5 9 11 15
5 8 10 11 16 19
8 1 4 8 10 12 16 17 19
7 0 3 7 9 10 12 16
5 1 13 15 16 20
7 0 9 12 16 17 18 20
8 4 8 10 11 13 15 17 20
6 2 3 7 13 16 19
5 0 1 4 6 14
7 2 3 4 7 13 18 20
6 0 1 2 7 13 17
6 0 3 4 6 13 19
8 5 7 8 10 11 12 15 20
5 0 9 15 16 18
8 1 5 7 13 14 16 18 20
9 2 3 4 5 6 8 14 15 21
5 0 3 6 7 11
5 6 10 14 15 21
5 2 3 8 12 20
7 5 6 7 10 13 15 19
2 16 18
19
6 1 2 6 7 8 14
9 0 2 3 5 8 11 12 14 16
6 0 1 10 11 13 14
5 1 8 12 13 14
4 6 7 8 14
3 1 6 17
7 0 4 5 9 14 17 18
5 0 4 8 11 14
7 0 1 3 4 7 10 11
3 6 12 13
4 2 8 17 18
4 1 2 7 8
4 1 3 9 15
3 2 3 9
9 0 1 2 3 4 6 7 15 17
2 12 14
2 1 18
4 5 6 10 14
3 6 10 16
22
6 3 11 14 15 20 21
9 2 3 4 7 8 9 11 16 19
5 1 8 9 20 21
16 0 1 4 5 6 7 8 9 10 11 13 16 17 18 19 20
9 1 3 5 7 8 14 17 18 19
11 3 4 9 11 12 14 16 17 18 20 21
8 3 9 10 12 14 19 20 21
8 1 3 4 10 12 13 20 21
8 1 2 3 4 14 17 18 21
8 1 2 3 5 6 13 14 20
7 3 6 7 11 13 18 19
6 0 1 3 5 10 19
7 5 6 7 13 16 17 20
8 3 7 9 10 12 14 16 17
8 0 4 5 6 8 9 13 18
4 0 16 20 21
7 1 3 5 12 13 15 19
9 3 4 5 8 12 13 19 20 21
6 3 4 5 8 10 14
9 1 3 4 6 10 11 16 17 21
11 0 2 3 5 6 7 9 12 15 17 21
10 0 2 5 6 7 8 15 17 19 20
28
7 3 5 7 9 13 24 27
4 4 11 13 15
9 3 10 11 14 15 16 18 19 27
5 0 2 7 15 25
4 1 11 22 25
3 0 9 13
5 7 15 17 18 19
7 0 3 6 11 14 15 20
2 14 27
6 0 5 12 19 23 26
2 2 13
6 1 2 4 7 12 23
10 9 11 15 16 20 21 22 23 24 27
7 0 1 5 10 15 19 22
3 2 7 8
10 1 2 3 6 7 12 13 17 24 26
5 2 12 17 18 21
5 6 15 16 21 23
4 2 6 16 23
4 2 6 9 13
3 7 12 24
3 12 16 17
4 4 12 13 25
6 9 11 12 17 18 26
4 0 12 15 20
3 3 4 22
4 9 15 23 27
5 0 2 8 12 26
20
4 2 3 6 12
3 2 4 16
6 0 1 3 10 17 18
6 0 2 10 14 16 17
6 1 9 10 15 16 18
2 16 18
4 0 7 8 15
4 6 13 18 19
2 6 18
2 4 15
4 2 3 4 17
0
2 0 16
3 7 15 19
2 3 18
5 4 6 9 13 19
5 1 3 4 5 12
3 2 3 10
6 2 4 5 7 8 14
3 7 13 15
17
5 3 5 6 10 12
7 3 5 7 8 12 13 15
7 5 6 8 9 12 15 16
9 0 1 4 5 8 9 12 14 16
7 3 6 9 10 13 14 16
8 0 1 2 3 7 9 12 16
8 0 2 4 7 8 9 11 16
6 1 5 6 11 13 15
9 1 2 3 6 9 12 13 15 16
9 2 3 4 5 6 8 11 13 16
5 0 4 11 15 16
7 6 7 9 10 12 15 16
9 0 1 2 3 5 8 11 13 15
8 1 4 7 8 9 12 14 16
4 3 4 13 15
8 1 2 7 8 10 11 12 14
10 2 3 4 5 6 8 9 10 11 13
23
5 1 7 9 12 21
10 0 5 6 7 10 11 13 14 19 22
6 5 9 10 12 18 22
6 6 7 12 13 16 21
3 7 15 21
9 1 2 8 9 14 15 17 19 22
8 1 3 9 13 15 17 19 21
11 0 1 3 4 8 12 13 14 17 18 20
8 5 7 10 11 13 17 18 21
8 0 2 5 6 10 11 13 22
6 1 2 8 9 11 15
9 1 8 9 10 13 15 17 18 19
7 0 2 3 7 17 19 21
9 1 3 6 7 8 9 11 16 21
4 1 5 7 18
6 4 5 6 10 11 22
3 3 13 20
8 5 6 7 8 11 12 19 21
7 2 7 8 11 14 19 22
8 1 5 6 11 12 17 18 21
3 7 16 22
9 0 3 4 6 8 12 13 17 19
7 1 2 5 9 15 18 20
27
12 3 4 5 7 8 10 12 19 20 21 25 26
5 7 9 12 22 25
8 4 9 10 12 14 17 24 26
9 0 4 5 9 10 11 12 21 25
13 0 2 3 5 8 9 11 12 13 17 20 22 26
10 0 3 4 8 17 18 22 24 25 26
6 8 9 10 16 17 23
9 0 1 9 12 14 20 24 25 26
8 0 4 5 6 9 20 22 24
14 1 2 3 4 6 7 8 11 12 13 15 16 21 26
7 0 2 3 6 13 14 22
8 3 4 9 13 15 19 21 23
10 0 1 2 3 4 7 9 16 19 26
12 4 9 10 11 14 15 16 17 19 20 21 24
7 2 7 10 13 18 24 25
5 9 11 13 19 23
5 6 9 12 13 17
9 2 4 5 6 13 16 21 22 24
4 5 14 19 25
7 0 11 12 13 15 18 24
8 0 4 7 8 13 21 23 26
9 0 3 9 11 13 17 20 24 26
7 1 4 5 8 10 17 23
6 6 11 15 20 22 24
11 2 5 7 8 13 14 17 19 21 23 25
8 0 1 3 5 7 14 18 24
9 0 2 4 5 7 9 12 20 21
29
13 1 4 6 7 10 11 12 16 17 19 22 26 27
12 0 5 6 10 11 13 16 17 19 21 25 26
7 3 8 9 18 19 25 26
6 2 11 12 22 24 27
11 0 6 8 10 11 15 19 21 22 25 27
11 1 6 7 13 14 15 18 20 21 25 26
16 0 1 4 5 9 10 13 14 15 16 20 21 24 25 26 28
10 0 5 11 13 15 22 23 24 25 28
7 2 4 12 17 25 26 28
11 2 6 10 12 14 15 17 20 21 23 24
9 0 1 4 6 9 17 18 24 28
13 0 1 3 4 7 12 17 18 19 20 22 25 28
12 0 3 8 9 11 15 20 23 24 25 27 28
9 1 5 6 7 14 15 21 23 25
10 5 6 9 13 15 17 21 23 26 27
11 4 5 6 7 9 12 13 14 16 24 26
7 0 1 6 15 23 25 28
12 0 1 8 9 10 11 14 20 22 23 24 25
10 2 5 10 11 19 21 23 24 25 26
9 0 1 2 4 11 18 21 22 26
9 5 6 9 11 12 17 22 23 26
12 1 4 5 6 9 13 14 18 19 24 25 27
9 0 3 4 7 11 17 19 20 28
10 7 9 12 13 14 16 17 18 20 27
12 3 6 7 9 10 12 15 17 18 21 26 27
14 1 2 4 5 6 7 8 11 12 13 16 17 18 21
13 0 1 2 5 6 8 14 15 18 19 20 24 28
9 0 3 4 12 14 21 23 24 28
10 6 7 8 10 11 12 16 22 26 27
25
5 2 4 15 16 18
3 4 15 16
6 0 7 9 16 19 20
5 7 9 14 15 19
3 0 1 17
2 10 14
0
3 2 3 23
3 10 11 12
2 2 3
3 5 8 22
1 8
3 8 13 21
2 12 14
3 3 5 13
4 0 1 3 16
4 0 1 2 15
3 4 21 24
1 0
3 2 3 23
1 2
2 12 17
2 10 23
3 7 19 22
1 17
23
6 1 2 3 4 7 14
9 0 4 9 11 14 15 16 20 22
10 0 4 6 7 9 14 18 19 20 22
4 0 8 14 18
8 0 1 2 11 13 16 18 20
5 10 13 15 16 18
8 2 10 12 13 14 16 18 22
5 0 2 20 21 22
7 3 9 11 14 17 19 21
7 1 2 8 13 14 15 17
8 5 6 11 12 13 14 20 22
7 1 4 8 10 19 20 21
7 6 10 14 18 19 20 21
7 4 5 6 9 10 20 22
14 0 1 2 3 6 8 9 10 12 16 18 19 21 22
3 1 5 9
6 1 4 5 6 14 18
3 8 9 19
8 2 3 4 5 6 12 14 16
8 2 8 11 12 14 17 20 21
10 1 2 4 7 10 11 12 13 19 21
7 7 8 11 12 14 19 20
7 1 2 6 7 10 13 14
28
9 1 3 5 8 14 16 22 26 27
10 0 2 3 6 8 11 16 17 19 25
13 1 4 8 10 13 14 16 18 19 20 21 22 24
8 0 1 15 20 21 23 24 27
10 2 6 10 12 14 15 19 22 23 25
11 0 9 10 11 13 20 23 24 25 26 27
6 1 4 11 18 25 27
5 8 14 22 23 27
11 0 1 2 7 9 11 20 22 23 24 27
12 5 8 11 12 17 18 19 20 22 23 24 27
10 2 4 5 15 17 19 20 23 24 26
10 1 5 6 8 9 15 18 23 25 27
5 4 9 13 17 18
8 2 5 12 16 17 19 23 25
8 0 2 4 7 15 17 20 21
10 3 4 10 11 14 17 18 19 20 24
7 0 1 2 13 17 24 27
11 1 9 10 12 13 14 15 16 19 20 26
9 2 6 9 11 12 15 19 20 25
10 1 2 4 9 10 13 15 17 18 27
13 2 3 5 8 9 10 14 15 17 18 21 22 23
8 2 3 14 20 22 23 24 27
11 0 2 4 7 8 9 20 21 23 25 27
12 3 4 5 7 8 9 10 11 13 20 21 22
9 2 3 5 8 9 10 15 16 21
9 1 4 5 6 11 13 18 22 27
5 0 5 10 17 27
14 0 3 5 6 7 8 9 11 16 19 21 22 25 26
20
11 1 2 3 6 9 10 11 12 17 18 19
8 0 4 6 8 9 11 17 19
7 0 3 6 7 9 13 14
12 0 2 4 5 7 8 9 10 11 15 16 17
7 1 3 10 12 15 16 17
9 3 7 10 11 12 14 15 17 19
6 0 1 2 10 18 19
8 2 3 5 8 13 16 18 19
7 1 3 7 10 13 16 19
8 0 1 2 3 12 13 15 18
10 0 3 4 5 6 8 12 13 14 16
11 0 1 3 5 12 13 14 15 17 18 19
6 0 4 5 9 10 11
7 2 7 8 9 10 11 16
6 2 5 10 11 15 19
8 3 4 5 9 11 14 18 19
8 3 4 7 8 10 13 17 19
8 0 1 3 4 5 11 16 18
7 0 6 7 9 11 15 17
10 0 1 5 6 7 8 11 14 15 16
23
4 2 15 18 21
3 5 19 20
3 0 15 22
3 7 10 20
5 6 9 11 13 20
4 1 6 7 10
2 4 5
6 3 5 9 14 17 21
3 10 14 17
5 4 7 14 16 20
8 3 5 8 12 16 17 20 22
3 4 12 13
3 10 11 20
4 4 11 19 20
5 7 8 9 19 21
3 0 2 19
3 9 10 22
3 7 8 10
2 0 22
4 1 13 14 15
8 1 3 4 9 10 12 13 22
3 0 7 14
5 2 10 16 18 20
28
2 2 7
4 5 13 16 19
3 0 8 11
2 24 25
2 5 6
5 1 4 7 14 16
3 4 9 26
3 0 5 9
1 2
2 6 7
2 15 18
1 2
3 23 26 27
3 1 20 21
2 5 25
2 10 16
7 1 5 15 18 20 26 27
1 23
2 10 16
3 1 22 26
3 13 16 21
4 13 20 23 24
2 19 26
3 12 17 21
3 3 21 25
4 3 14 24 27
5 6 12 16 19 22
3 12 16 25
22
7 4 5 8 10 13 18 21
4 3 7 9 16
6 5 16 17 18 19 21
7 1 4 5 7 10 12 17
9 0 3 5 6 7 10 14 17 21
11 0 2 3 4 6 7 10 12 13 18 19
9 4 5 7 8 9 11 13 17 19
9 1 3 4 5 6 10 13 16 17
7 0 6 14 15 19 20 21
6 1 6 12 13 15 17
9 0 3 4 5 7 15 16 19 21
5 6 12 13 14 16
9 3 5 9 11 13 15 18 19 20
8 0 5 6 7 9 11 12 14
9 4 8 11 13 15 17 18 19 20
6 8 9 10 12 14 17
5 1 2 7 10 11
9 2 3 4 6 7 9 14 15 20
7 0 2 5 12 14 20 21
7 2 5 6 8 10 12 14
5 8 12 14 17 18
6 0 2 4 8 10 18
30
8 1 3 9 12 16 18 25 27
8 0 2 6 9 11 12 22 25
10 1 3 4 5 6 11 14 18 20 24
7 0 2 6 13 15 22 24
9 2 6 7 13 18 25 26 27 28
10 2 6 7 10 12 14 16 20 21 28
10 1 2 3 4 5 8 14 16 18 27
13 4 5 11 15 16 17 19 20 21 25 27 28 29
8 6 9 10 14 17 22 27 29
10 0 1 8 12 17 19 24 26 28 29
12 5 8 14 15 18 19 20 22 24 27 28 29
8 1 2 7 13 14 16 24 25
8 0 1 5 9 14 17 18 26
10 3 4 11 14 19 24 26 27 28 29
15 2 5 6 8 10 11 12 13 15 18 20 22 26 27 29
10 3 7 10 14 20 21 23 25 26 27
10 0 5 6 7 11 17 20 22 25 29
10 7 8 9 12 16 18 21 22 26 29
11 0 2 4 6 10 12 14 17 23 26 27
7 7 9 10 13 21 25 28
10 2 5 7 10 14 15 16 21 24 28
9 5 7 15 17 19 20 27 28 29
12 1 3 8 10 14 16 17 23 24 25 26 27
5 15 18 22 24 26
12 2 3 9 10 11 13 20 22 23 25 26 29
12 0 1 4 7 11 15 16 19 22 24 26 27
13 4 9 12 13 14 15 17 18 22 23 24 25 29
13 0 4 6 7 8 10 13 14 15 18 21 22 25
9 4 5 7 9 10 13 19 20 21
11 7 8 9 10 13 14 16 17 21 24 26
13
1 7
2 4 8
3 3 7 12
2 2 11
2 1 11
1 6
2 5 9
2 0 2
2 1 10
2 6 10
3 8 9 12
2 3 4
2 2 10
24
6 1 2 3 4 7 14
6 0 7 8 11 14 15
4 0 9 10 21
7 0 12 14 17 18 19 23
7 0 6 9 10 13 14 23
6 14 16 17 18 19 23
6 4 12 13 15 17 23
4 0 1 14 19
6 1 10 13 15 18 22
6 2 4 12 16 18 21
6 2 4 8 11 14 19
4 1 10 18 19
4 3 6 9 21
3 4 6 8
12 0 1 3 4 5 7 10 18 20 21 22 23
4 1 6 8 19
4 5 9 20 23
4 3 5 6 18
8 3 5 8 9 11 14 17 23
7 3 5 7 10 11 15 20
4 14 16 19 23
4 2 9 12 14
2 8 14
8 3 4 5 6 14 16 18 20
14
4 1 7 11 12
6 0 2 3 7 9 13
5 1 3 8 9 13
4 1 2 9 13
2 5 11
2 4 11
3 7 11 12
4 0 1 6 12
3 2 10 13
6 1 2 3 11 12 13
1 8
5 0 4 5 6 9
4 0 6 7 9
5 1 2 3 8 9
29
3 5 19 20
2 7 9
5 4 6 8 21 26
4 5 12 13 24
4 2 14 24 27
4 0 3 6 10
7 2 5 7 12 14 16 19
6 1 6 16 19 25 27
5 2 16 17 20 23
4 1 16 18 20
1 5
5 16 21 23 24 28
3 3 6 14
1 3
6 4 6 12 16 17 19
3 21 23 25
8 6 7 8 9 11 14 21 22
4 8 14 24 27
4 9 21 22 27
4 0 6 7 14
3 0 8 9
7 2 11 15 16 18 23 26
4 16 18 27 28
4 8 11 15 21
4 3 4 11 17
3 7 15 27
2 2 21
6 4 7 17 18 22 25
2 11 22
20
9 1 3 4 5 6 8 10 14 15
7 0 2 9 15 16 18 19
7 1 5 11 12 14 15 17
7 0 4 8 14 16 17 18
9 0 3 5 9 10 11 12 13 15
8 0 2 4 8 9 13 14 16
5 0 10 14 15 19
2 8 18
6 0 3 5 7 9 17
5 1 4 5 8 12
7 0 4 6 13 16 17 19
3 2 4 15
6 2 4 9 13 16 18
5 4 5 10 12 19
7 0 2 3 5 6 15 17
8 0 1 2 4 6 11 14 19
6 1 3 5 10 12 17
7 2 3 8 10 14 16 19
5 1 3 7 12 19
7 1 6 10 13 15 17 18
24
7 2 7 10 12 13 15 20
10 2 3 6 8 12 13 15 16 17 21
10 0 1 3 7 9 12 13 14 16 17
8 1 2 4 5 9 18 22 23
11 3 5 6 7 10 14 15 16 19 20 21
8 3 4 6 11 12 13 18 22
9 1 4 5 7 10 11 13 15 23
11 0 2 4 6 8 12 14 16 17 19 21
7 1 7 11 16 17 21 23
7 2 3 12 13 18 19 20
9 0 4 6 12 13 14 19 21 22
5 5 6 8 17 22
10 0 1 2 5 7 9 10 13 16 21
14 0 1 2 5 6 9 10 12 14 15 17 19 21 22
9 2 4 7 10 13 15 17 18 23
9 0 1 4 6 13 14 17 20 21
9 1 2 4 7 8 12 18 21 22
10 1 2 7 8 11 13 14 15 19 22
8 3 5 9 14 16 21 22 23
6 4 7 9 10 13 17
5 0 4 9 15 21
13 1 4 7 8 10 12 13 15 16 18 20 22 23
9 3 5 10 11 13 16 17 18 21
6 3 6 8 14 18 21
13
5 1 4 10 11 12
5 0 4 7 8 12
3 3 10 12
4 2 6 9 11
5 0 1 5 6 7
3 4 8 10
4 3 4 8 9
5 1 4 8 9 11
4 1 5 6 7
4 3 6 7 11
3 0 2 5
4 0 3 7 9
3 0 1 2
23
7 1 2 7 11 12 14 22
9 0 2 4 5 7 10 13 16 19
8 0 1 4 13 15 16 17 21
12 5 6 8 9 10 11 12 14 16 17 18 19
8 1 2 6 10 12 13 21 22
11 1 3 7 8 13 14 15 16 17 18 19
9 3 4 8 9 14 15 16 18 21
10 0 1 5 8 11 12 13 15 20 21
12 3 5 6 7 10 13 14 17 18 19 20 21
7 3 6 11 13 19 20 22
10 1 3 4 8 12 15 17 18 19 22
5 0 3 7 9 16
8 0 3 4 7 10 17 18 22
12 1 2 4 5 7 8 9 15 17 18 19 21
10 0 3 5 6 8 15 17 19 20 22
10 2 5 6 7 10 13 14 16 19 22
8 1 2 3 5 6 11 15 22
10 2 3 5 8 10 12 13 14 19 20
7 3 5 6 8 10 12 13
11 1 3 5 8 9 10 13 14 15 17 22
6 7 8 9 14 17 22
6 2 4 6 7 8 13
10 0 4 9 10 12 14 15 16 19 20
25
5 1 15 20 21 22
7 0 6 8 9 15 22 24
7 8 12 13 15 16 19 22
9 10 13 16 17 18 19 21 22 23
6 7 9 16 17 21 24
5 6 9 11 16 24
6 1 5 8 15 17 20
8 4 8 9 11 12 13 16 20
7 1 2 6 7 11 13 24
7 1 4 5 7 14 15 20
9 3 12 13 15 17 18 19 23 24
5 5 7 8 13 16
8 2 7 10 14 16 17 18 22
8 2 3 7 8 10 11 17 18
6 9 12 21 22 23 24
8 0 1 2 6 9 10 18 22
8 2 3 4 5 7 11 12 20
6 3 4 6 10 12 13
7 3 10 12 13 15 20 22
6 2 3 10 21 23 24
6 0 6 7 9 16 18
5 0 3 4 14 19
8 0 1 2 3 12 14 15 18
5 3 10 14 19 24
8 1 4 5 8 10 14 19 23
13
5 2 3 6 11 12
4 4 6 8 12
2 0 11
3 0 4 5
5 1 3 6 9 11
4 3 7 8 11
6 0 1 4 7 10 12
3 5 6 11
3 1 5 12
2 4 12
2 6 11
7 0 2 4 5 7 10 12
6 0 1 6 8 9 11
22
6 2 4 9 10 11 21
3 2 14 16
4 0 1 5 6
2 4 12
9 0 3 6 7 13 17 19 20 21
2 2 11
6 2 4 9 18 19 20
3 4 14 20
4 10 18 20 21
5 0 6 12 19 20
3 0 8 18
3 0 5 14
3 3 9 15
1 4
6 1 7 11 15 20 21
3 12 14 17
1 1
2 4 15
4 6 8 10 21
3 4 6 9
6 4 6 7 8 9 14
5 0 4 8 14 18
30
2 25 29
4 3 7 11 19
1 11
3 1 5 23
1 17
3 3 9 13
1 22
5 1 9 11 24 29
2 27 28
4 5 7 11 16
3 23 26 29
5 1 2 7 9 21
2 24 26
5 5 16 20 22 27
0
1 26
5 9 13 25 27 29
4 4 20 25 26
0
3 1 20 23
5 13 17 19 21 28
2 11 20
2 6 13
3 3 10 19
2 7 12
3 0 16 17
4 10 12 15 17
3 8 13 16
2 8 20
4 0 7 10 16
14
4 1 3 8 10
5 0 5 10 11 13
6 3 5 6 8 12 13
4 0 2 6 7
3 7 9 11
4 1 2 8 13
3 2 3 13
6 3 4 9 10 12 13
6 0 2 5 9 12 13
4 4 7 8 11
3 0 1 7
3 1 4 9
3 2 7 8
6 1 2 5 6 7 8
19
7 3 5 10 11 14 15 17
7 2 3 9 10 12 14 15
10 1 3 4 6 7 10 14 15 17 18
11 0 1 2 5 11 12 13 14 15 16 18
8 2 8 9 12 14 16 17 18
13 0 3 6 7 8 9 10 11 12 13 14 15 18
8 2 5 7 8 9 12 13 16
7 2 5 6 11 12 14 17
7 4 5 6 9 10 12 13
11 1 4 5 6 8 10 12 14 15 16 17
8 0 1 2 5 8 9 16 18
8 0 3 5 7 13 14 15 18
10 1 3 4 5 6 7 8 9 13 18
8 3 5 6 8 11 12 17 18
10 0 1 2 3 4 5 7 9 11 16
9 0 1 2 3 5 9 11 17 18
8 3 4 6 9 10 14 17 18
8 0 2 4 7 9 13 15 16
10 2 3 4 5 10 11 12 13 15 16
25
12 1 2 3 4 6 7 9 10 13 15 20 21
14 0 2 4 5 8 9 11 12 13 14 16 19 22 24
13 0 1 4 9 10 13 14 19 20 21 22 23 24
10 0 4 7 10 11 13 16 20 21 23
13 0 1 2 3 8 10 11 16 17 18 21 22 24
9 1 7 9 10 13 18 19 21 23
6 0 11 12 14 17 23
13 0 3 5 8 9 12 14 18 19 20 22 23 24
14 1 4 7 11 12 14 15 17 18 20 21 22 23 24
14 0 1 2 5 7 10 11 13 15 16 17 19 23 24
11 0 2 3 4 5 9 13 15 19 21 22
13 1 3 4 6 8 9 13 15 17 18 19 21 22
9 1 6 7 8 13 16 17 21 23
12 0 1 2 3 5 9 10 11 12 17 21 22
13 1 2 6 7 8 15 16 17 18 19 21 22 23
12 0 8 9 10 11 14 16 17 19 21 22 23
11 1 3 4 9 12 14 15 20 21 23 24
11 4 6 8 9 11 12 13 14 15 19 22
9 4 5 7 8 11 14 19 21 22
12 1 2 5 7 9 10 11 14 15 17 18 24
7 0 2 3 7 8 16 23
15 0 2 3 4 5 8 10 11 12 13 14 15 16 18 22
13 1 2 4 7 8 10 11 13 14 15 17 18 21
13 2 3 5 6 7 8 9 12 14 15 16 20 24
9 1 2 4 7 8 9 16 19 23
26
11 3 4 5 6 9 10 12 16 20 22 23
12 2 3 5 7 8 10 11 16 19 20 23 25
14 1 3 4 6 10 12 13 14 15 17 20 22 24 25
11 0 1 2 10 11 13 18 19 21 23 25
10 0 2 9 10 11 13 15 21 22 24
10 0 1 8 10 15 21 22 23 24 25
11 0 2 9 10 11 13 19 20 22 23 25
13 1 8 9 10 11 12 14 15 16 20 22 23 25
11 1 5 7 9 11 12 14 16 19 22 25
16 0 4 6 7 8 10 11 12 14 15 16 18 20 22 24 25
16 0 1 2 3 4 5 6 7 9 13 14 15 16 19 24 25
11 1 3 4 6 7 8 9 13 19 22 25
12 0 2 7 8 9 13 14 16 18 19 22 23
12 2 3 4 6 10 11 12 14 18 19 21 23
14 2 7 8 9 10 12 13 15 16 17 18 20 21 22
11 2 4 5 7 9 10 14 16 17 20 25
14 0 1 7 8 9 10 12 14 15 17 18 19 20 24
9 2 14 15 16 18 20 21 22 24
9 3 9 12 13 14 16 17 23 24
11 1 3 6 8 10 11 12 13 16 24 25
12 0 1 2 6 7 9 14 15 16 17 24 25
7 3 4 5 13 14 17 22
15 0 2 4 5 6 7 8 9 11 12 14 17 21 23 25
11 0 1 3 5 6 7 12 13 18 22 25
10 2 4 5 9 10 16 17 18 19 20
15 1 2 3 5 6 7 8 9 10 11 15 19 20 22 23
21
10 2 3 7 8 11 15 16 17 18 19
11 3 5 6 8 10 11 15 16 18 19 20
7 0 5 10 16 17 19 20
8 0 1 7 9 11 15 16 18
4 8 10 17 18
11 1 2 7 8 12 13 16 17 18 19 20
7 1 7 8 11 14 18 20
9 0 3 5 6 13 15 18 19 20
10 0 1 4 5 6 10 13 14 16 20
8 3 10 11 12 14 15 17 18
11 1 2 4 8 9 11 12 13 15 18 20
11 0 1 3 6 9 10 14 16 18 19 20
8 5 9 10 15 16 18 19 20
9 5 7 8 10 15 16 17 18 19
6 6 8 9 11 16 17
9 0 1 3 7 9 10 12 13 19
11 0 1 2 3 5 8 11 12 13 14 19
10 0 2 4 5 9 13 14 18 19 20
14 0 1 3 4 5 6 7 9 10 11 12 13 17 20
11 0 1 2 5 7 11 12 13 15 16 17
11 1 2 5 6 7 8 10 11 12 17 18
15
5 1 3 5 6 9
5 0 4 10 12 14
5 3 6 8 9 11
5 0 2 4 9 13
8 1 3 5 6 8 9 12 13
5 0 4 7 8 10
8 0 2 4 7 8 9 11 13
5 5 6 11 12 14
7 2 4 5 6 10 13 14
6 0 2 3 4 6 11
5 1 5 8 12 13
4 2 6 7 9
5 1 4 7 10 14
5 3 4 6 8 10
4 1 7 8 12
11
2 9 10
1 4
1 10
4 4 8 9 10
3 1 3 9
2 8 10
1 8
2 8 10
4 3 5 6 7
4 0 3 4 10
6 0 2 3 5 7 9
21
7 3 5 7 11 12 17 18
3 2 3 13
7 1 9 11 12 13 14 17
9 0 1 5 7 8 14 15 18 19
7 10 12 13 14 15 16 17
6 0 3 10 13 15 18
5 7 9 15 17 18
7 0 3 6 8 9 12 15
5 3 7 10 16 19
7 2 6 7 12 15 16 20
7 4 5 8 11 14 15 18
5 0 2 10 16 18
6 0 2 4 7 9 18
8 1 2 4 5 14 15 17 18
5 2 3 4 10 13
8 3 4 5 6 7 9 10 13
5 4 8 9 11 19
6 0 2 4 6 13 20
8 0 3 5 6 10 11 12 13
3 3 8 16
2 9 17
28
9 2 5 10 11 12 18 19 26 27
9 4 9 14 15 16 19 20 21 22
6 0 8 9 10 17 27
6 6 9 11 15 22 27
7 1 6 7 12 17 18 26
10 0 7 10 11 14 19 22 23 24 25
6 3 4 7 11 25 26
11 4 5 6 10 12 14 15 19 24 25 27
5 2 17 18 19 24
5 1 2 3 22 25
9 0 2 5 7 14 18 22 23 24
8 0 3 5 6 21 23 25 26
8 0 4 7 15 20 24 25 27
3 16 21 24
6 1 5 7 10 17 24
7 1 3 7 12 16 20 22
6 1 13 15 18 22 25
4 2 4 8 14
9 0 4 8 10 16 19 23 25 26
7 0 1 5 7 8 18 22
4 1 12 15 26
5 1 11 13 23 26
10 1 3 5 9 10 15 16 19 23 27
8 5 10 11 18 21 22 25 27
8 5 7 8 10 12 13 14 27
9 5 6 7 9 11 12 16 18 23
8 0 4 6 11 18 20 21 27
9 0 2 3 7 12 22 23 24 26
19
2 2 14
2 5 18
3 0 5 9
2 11 13
5 5 8 9 12 13
5 1 2 4 6 10
2 5 9
2 11 17
3 4 9 10
6 2 4 6 8 13 15
2 5 8
3 3 7 16
1 4
4 3 4 9 14
2 0 13
3 9 16 17
3 11 15 17
4 7 15 16 18
2 1 17
19
5 3 7 9 15 17
6 3 4 11 12 17 18
5 6 9 10 11 15
4 0 1 11 13
3 1 14 17
4 11 14 17 18
6 2 7 13 15 17 18
9 0 6 9 10 11 12 13 17 18
1 16
6 0 2 7 12 15 18
4 2 7 11 14
10 1 2 3 5 7 10 12 14 16 18
7 1 7 9 11 14 15 17
4 3 6 7 18
6 4 5 10 11 12 18
5 0 2 6 9 12
3 8 11 18
7 0 1 4 5 6 7 12
9 1 5 6 7 9 11 13 14 16
19
8 1 3 4 8 9 10 12 16
6 0 5 6 10 12 15
5 5 6 13 14 18
6 0 4 7 12 14 16
9 0 3 5 7 9 10 13 16 18
10 1 2 4 9 10 11 12 14 15 17
7 1 2 7 8 9 14 17
9 3 4 6 12 13 14 15 17 18
7 0 6 10 12 15 17 18
6 0 4 5 6 12 17
8 0 1 4 5 8 11 15 16
5 5 10 14 17 18
12 0 1 3 5 7 8 9 14 15 16 17 18
5 2 4 7 14 15
9 2 3 5 6 7 11 12 13 15
9 1 5 7 8 10 12 13 14 17
7 0 3 4 10 12 17 18
9 5 6 7 8 9 11 12 15 16
7 2 4 7 8 11 12 16
