179
0
1
2147483647
1645025611
574585746
320881139
392301983
666996489
884724410
1331694996
2084761286
88791809
644887470
384745014
285061785
86752743
1918938204
540887081
1158518064
574930756
1934368676
489652172
1045201620
2058269682
948858843
1367902231
935160453
133141666
338524489
1208389906
1331585142
797156438
781900971
1858594395
237801611
603252455
871668145
483610021
1891893474
469428096
500070785
601732403
1514480711
1516031777
869157170
447165025
644496574
1586481949
480568402
2106150940
49712637
1531691932
1076760417
470855012
1407803375
1032872474
1254171220
196864977
689885490
601122790
1492943635
20573708
927496602
576279716
848687099
46229073
1499978924
383605963
33135196
1599845620
1530178596
455454760
633475323
943527640
806935151
1528500313
273873554
847520761
1168932145
812824403
690004044
419077604
1406894017
1797098973
1248741449
1320259130
1746871720
452440595
1166893088
1955771697
1819630886
74599907
1323792216
222382098
369090989
657571219
1381829101
1004797884
2054499940
1658455609
2009275090
1941075744
114114725
1401134145
243900009
257939907
886319743
1955756524
785691916
1354555967
680293684
1978238411
496153992
975907009
1368085436
1957972296
1750665117
213631373
1203283265
1983969053
1024577151
1997745014
1578944417
413450714
952394584
711757414
1369848304
1780777571
1208131524
475417052
219221747
1033612912
985987155
889312105
911880101
526098188
1556047626
188802354
493383093
1128081175
981018082
411696241
785737223
1641970116
984693064
10364916
1090532143
4677915
1524222619
564799132
1825828857
174965880
750015154
586995168
653003236
2119466762
710448211
564981832
2030068641
582911573
355493565
1808276466
247678873
1773166769
1538412575
1944406287
1151019621
741993416
1894051870
1211392103
165821779
1648522012
401947219
1634025937
865456360
1448154750
1701413067
251663036
1335854937
