10
85 3297
47 56 42
5 58 2
24 31 39
34 46 96
29 81 11
59 77 30
39 58 65
58 72 12
29 34 31
22 68 68
22 67 84
11 61 5
38 72 73
27 75 20
17 64 1
12 60 61
2 60 13
20 56 96
25 51 15
20 73 60
13 51 21
9 68 31
34 61 14
34 53 52
63 76 93
14 42 53
24 48 26
26 29 63
7 11 37
41 44 50
3 19 93
51 68 18
9 67 93
40 79 95
8 36 9
69 74 92
13 25 72
27 69 6
13 15 53
28 70 75
11 28 68
12 18 80
25 72 85
10 44 44
18 48 26
23 49 82
59 67 99
50 74 80
34 85 66
14 50 21
16 41 63
9 71 83
31 63 19
1 17 69
5 20 36
49 71 4
53 64 58
11 34 16
70 77 76
44 79 5
62 63 42
30 71 86
11 37 69
27 82 53
7 32 91
60 71 36
38 46 80
26 72 44
4 67 97
42 80 11
3 50 55
17 44 79
17 37 53
21 79 37
3 30 43
20 69 4
52 71 65
39 41 36
25 26 3
45 62 2
15 18 1
53 56 80
36 42 24
5 26 32
37 40 24
8 57 79
56 70 79
7 25 67
2 75 87
14 61 72
55 58 56
33 60 81
64 80 57
55 64 49
41 83 38
3 82 92
18 67 18
7 81 66
17 84 74
16 43 5
31 50 77
30 31 26
81 83 90
34 45 5
13 18 58
4 71 35
37 80 96
6 42 24
31 51 94
15 71 81
26 37 58
65 81 84
6 52 84
58 85 78
7 70 90
71 72 100
12 50 53
58 83 73
50 70 9
20 36 80
43 64 55
67 81 10
33 71 5
62 68 45
23 41 67
3 39 42
5 9 61
19 34 8
17 23 77
31 66 94
14 15 66
39 62 61
20 26 1
32 41 59
24 54 83
13 38 61
72 84 91
44 54 39
51 66 26
14 35 89
61 73 55
29 78 65
3 47 55
18 59 87
18 66 39
39 79 46
18 24 74
5 34 16
70 85 85
25 33 49
10 34 92
16 53 72
2 55 66
61 64 46
23 84 60
67 70 41
36 72 86
1 4 79
51 85 30
14 62 2
1 43 57
17 66 48
5 53 94
22 25 50
66 75 73
56 74 46
40 69 64
40 58 21
25 35 45
5 72 61
39 46 40
64 70 7
46 72 33
22 36 68
36 53 85
34 36 77
51 56 30
73 79 17
41 51 24
31 41 72
35 60 62
19 38 61
21 73 79
56 85 97
8 38 100
61 75 86
15 39 60
48 76 44
37 53 100
29 56 12
46 65 89
34 41 21
31 34 28
8 26 56
23 52 72
53 83 63
3 4 36
3 14 6
1 25 82
57 69 85
42 48 61
16 80 15
26 57 23
79 85 30
47 74 43
16 34 23
34 57 91
1 54 24
4 31 5
7 76 20
33 75 23
21 71 39
19 39 40
2 84 55
17 60 40
15 33 77
12 71 43
28 68 83
14 63 39
18 46 15
23 47 61
2 4 82
10 69 97
2 66 77
1 42 49
26 50 46
52 82 16
3 28 47
52 63 2
27 41 93
71 75 29
23 61 100
7 63 47
15 43 83
17 82 63
41 69 63
26 75 15
30 61 21
74 83 74
4 20 50
2 78 69
16 31 9
37 45 57
10 25 32
20 62 41
36 69 70
12 42 33
6 43 96
20 82 19
11 36 59
21 51 60
39 51 53
51 77 86
47 57 67
65 84 65
1 65 74
45 54 23
11 14 32
10 49 76
5 69 9
3 65 46
31 79 46
34 43 58
9 63 61
30 34 49
8 68 62
72 77 96
54 59 32
57 78 3
48 50 17
58 77 15
66 70 54
1 32 31
4 36 23
19 28 9
47 71 81
22 80 39
19 63 47
3 60 38
4 24 77
54 71 3
9 59 62
41 50 53
32 46 68
15 17 88
16 63 42
50 59 41
58 63 53
10 83 4
24 70 65
16 71 77
40 82 78
18 35 68
42 70 68
66 69 57
23 74 17
7 47 5
20 41 10
21 33 85
28 61 8
2 80 54
50 76 31
1 75 82
24 72 4
13 62 85
7 50 63
22 65 95
71 77 50
36 68 33
47 72 4
13 27 38
44 70 58
3 85 45
36 76 87
8 67 48
65 80 33
9 84 98
42 83 2
4 26 15
23 55 78
50 54 20
49 83 93
30 43 24
46 85 25
29 61 75
13 46 7
31 81 75
35 80 2
10 82 66
43 71 84
23 37 75
24 73 64
58 66 14
32 80 25
14 52 51
3 77 83
30 42 47
44 71 14
26 66 20
54 63 24
31 43 64
18 77 1
45 47 49
52 65 85
12 67 2
37 42 78
48 75 5
25 60 90
10 38 72
7 83 66
14 74 94
47 80 73
25 49 3
4 54 4
22 27 73
27 34 42
5 10 6
33 58 37
11 39 28
34 78 72
39 76 5
43 85 11
21 28 35
18 41 73
29 45 87
23 81 57
20 61 66
2 64 97
28 42 73
17 70 1
35 44 7
11 53 85
21 66 60
24 71 93
56 65 59
7 51 36
23 54 81
27 31 6
7 54 22
17 83 77
6 18 2
25 65 3
43 77 40
34 48 68
57 60 4
17 21 63
13 17 6
12 45 84
2 48 55
26 76 64
57 72 37
2 59 71
60 67 15
50 69 53
3 64 40
77 79 92
10 57 8
43 61 12
52 84 14
31 71 94
29 33 18
25 38 15
12 85 23
18 49 61
19 46 5
11 48 44
35 46 27
48 58 54
1 63 72
69 75 72
26 55 5
45 82 6
10 77 77
25 81 40
58 68 23
2 25 59
68 76 75
14 72 4
1 14 7
55 66 85
15 25 36
24 34 36
30 64 84
10 29 27
7 42 42
39 48 82
41 56 32
42 78 90
24 59 40
7 22 4
68 75 32
27 68 53
24 36 38
71 80 9
6 33 32
16 52 62
49 66 36
42 45 60
16 68 65
22 28 91
67 78 62
14 73 77
8 22 66
42 84 98
1 18 67
15 73 39
3 78 39
55 56 84
48 60 72
2 6 69
27 44 2
49 79 86
53 84 13
16 60 80
19 67 91
18 54 87
33 38 53
1 66 43
22 50 30
73 81 43
8 42 33
25 69 100
7 61 46
33 47 73
45 70 53
30 53 2
63 85 7
57 66 42
69 79 17
16 79 28
5 6 88
35 42 65
9 39 38
8 50 31
3 62 56
55 73 9
15 84 49
22 49 27
32 47 99
34 74 69
14 31 74
73 83 4
12 55 24
57 83 94
51 64 65
20 84 13
61 85 67
11 23 68
8 54 42
41 82 96
51 71 17
45 68 21
15 66 82
23 44 86
67 71 6
27 57 68
3 11 100
43 57 96
16 30 50
18 70 53
10 43 87
75 81 10
14 19 56
19 26 88
52 85 87
10 47 28
7 31 79
18 25 54
64 75 49
6 17 78
5 25 28
28 66 89
28 82 74
51 59 28
34 50 50
21 63 6
60 74 79
37 38 88
5 81 61
19 58 36
11 12 21
11 84 2
40 76 20
17 81 67
26 42 64
47 54 23
30 44 14
4 19 62
21 35 93
44 67 95
65 70 82
72 79 71
48 49 42
52 73 94
15 69 90
6 58 20
39 57 74
44 47 76
13 76 31
3 53 21
34 54 21
34 77 74
63 72 27
29 74 92
16 25 20
2 74 99
3 33 49
36 54 93
36 55 84
4 49 100
47 79 61
3 24 30
17 46 25
19 76 6
70 83 72
4 35 96
13 36 86
36 50 65
12 17 47
7 13 65
32 54 4
56 63 45
54 67 77
35 79 46
22 70 24
44 82 74
53 59 58
1 81 39
6 31 8
14 21 52
30 77 18
53 60 22
20 51 88
1 59 73
67 73 50
27 49 44
42 79 34
22 40 66
12 13 81
65 73 4
18 37 65
30 81 6
7 36 37
47 62 9
13 78 12
34 63 73
75 84 61
10 73 48
39 72 4
10 21 33
26 59 71
31 58 80
40 85 63
2 38 10
27 70 61
7 26 19
1 13 17
35 38 18
31 73 29
24 78 57
14 71 30
56 83 85
12 19 78
34 71 45
17 50 17
8 34 14
5 42 47
9 32 71
11 18 36
45 49 13
56 72 48
49 65 9
51 61 99
3 21 27
6 25 52
34 42 92
5 30 42
70 72 62
3 51 54
37 43 91
66 82 95
24 35 29
13 16 31
21 32 59
27 55 56
61 83 39
60 63 88
19 41 58
18 78 21
21 58 91
38 52 43
26 46 98
10 45 51
20 83 67
41 65 7
2 15 87
8 70 100
54 74 49
29 60 38
54 78 2
3 79 53
10 22 85
24 83 25
32 33 38
2 18 33
6 46 86
62 70 28
31 69 49
38 61 39
57 67 13
6 48 77
1 79 73
5 33 17
55 70 37
29 67 73
37 62 40
67 80 35
33 74 17
56 59 42
17 68 12
42 82 30
10 52 12
44 60 24
5 52 71
79 84 52
52 68 72
3 80 36
2 27 99
16 59 89
24 40 23
11 47 33
62 75 65
49 63 73
28 50 22
20 48 32
49 57 24
37 44 99
53 75 51
1 26 75
52 55 57
17 36 78
8 49 59
4 37 76
72 80 100
40 52 75
43 56 32
9 43 73
53 57 5
14 56 59
29 71 39
5 49 71
5 66 44
52 72 40
21 40 41
16 78 68
28 71 57
37 63 41
38 79 97
4 34 34
17 19 58
3 76 77
20 70 64
26 74 31
34 60 83
45 51 81
17 32 48
15 56 24
11 71 55
18 55 22
37 54 49
33 54 17
4 39 7
16 64 8
26 70 12
69 82 4
63 73 70
11 22 88
18 21 12
1 22 46
18 47 8
2 47 81
39 68 61
53 66 5
55 67 12
60 66 60
5 41 20
37 84 89
48 55 52
11 68 18
25 77 46
17 57 85
39 80 96
13 20 97
37 68 60
48 67 93
40 53 94
7 53 23
46 77 39
59 78 2
8 28 34
20 58 16
9 28 10
26 45 51
34 75 41
39 42 78
57 84 86
10 23 84
47 49 69
45 65 11
40 66 39
10 35 92
20 46 36
47 78 60
23 30 70
48 53 97
50 72 14
12 74 48
11 73 51
45 55 63
34 55 16
54 85 60
39 82 65
3 27 33
18 83 52
21 67 8
41 73 78
58 82 50
37 61 85
15 85 21
63 78 73
32 66 61
29 30 18
49 73 43
57 68 70
52 56 93
23 66 61
16 26 83
38 63 41
36 40 46
1 49 90
21 36 86
13 28 31
76 79 23
25 64 1
51 70 24
12 79 30
19 24 65
41 62 18
33 39 31
57 65 18
26 48 72
29 58 95
60 80 51
29 79 44
36 65 56
27 36 69
57 85 49
19 61 1
29 54 10
61 62 1
1 70 57
19 31 46
34 51 28
6 23 35
2 83 96
9 83 44
52 70 39
28 77 36
38 42 90
24 25 38
49 62 1
47 81 32
7 41 68
30 60 50
14 37 24
80 81 81
34 35 24
50 67 26
3 73 5
37 81 13
8 33 16
27 46 96
34 49 17
4 7 74
5 84 81
20 32 79
32 82 63
11 60 18
10 61 9
38 76 34
46 64 57
60 62 43
17 40 54
27 78 71
47 66 44
19 53 41
74 82 76
74 79 87
33 62 90
17 38 71
30 84 96
62 82 25
4 28 69
10 46 16
46 75 44
17 53 18
51 65 12
48 74 75
47 52 50
7 74 73
53 74 76
38 78 36
31 52 16
7 85 49
23 42 16
70 80 38
45 59 9
19 70 51
52 80 14
5 61 69
39 64 12
42 85 70
2 54 11
49 64 59
53 79 26
59 60 77
27 83 75
14 33 54
20 28 16
46 58 81
9 23 6
19 75 45
18 72 5
53 78 6
28 56 44
66 83 5
48 71 92
43 49 40
31 40 72
2 5 6
59 71 9
32 84 54
6 44 34
39 74 60
36 61 58
9 76 45
1 21 59
56 68 10
17 75 50
46 56 44
66 80 63
40 54 48
47 59 70
32 71 36
1 69 64
15 55 52
6 32 81
23 80 51
28 85 100
16 35 66
8 75 78
27 61 28
4 84 4
13 60 85
13 56 67
9 54 64
1 84 29
14 18 1
48 77 17
1 56 26
33 40 20
35 76 82
80 85 88
72 73 41
6 29 5
18 42 74
3 15 16
60 79 36
14 44 83
1 53 82
4 74 85
14 32 90
44 56 60
43 46 24
3 42 74
13 68 11
6 83 75
5 29 75
26 28 49
8 56 93
11 35 31
24 39 57
22 41 42
22 51 1
8 19 49
22 54 99
26 53 14
23 77 43
24 80 76
17 63 6
5 55 74
11 32 23
26 41 44
4 60 11
80 82 96
10 39 56
41 42 78
21 54 57
37 66 6
57 58 55
68 82 36
37 52 100
66 72 76
5 31 6
3 37 21
9 37 66
39 49 32
75 80 96
40 75 92
19 66 8
32 43 73
5 8 56
27 66 51
14 58 52
37 51 39
38 66 36
50 57 29
15 74 33
4 64 39
55 65 28
39 55 15
67 83 85
49 70 94
60 75 29
58 74 33
9 58 78
12 22 57
1 68 21
10 31 54
10 80 96
45 77 7
4 75 23
34 67 23
20 44 55
24 62 80
42 69 54
42 74 2
30 46 31
24 41 5
29 55 26
10 81 55
36 62 96
12 21 87
48 69 25
64 81 77
77 78 72
16 22 38
55 71 1
60 70 56
67 84 15
48 59 65
78 79 60
22 77 53
29 69 96
21 85 82
11 74 47
30 83 14
59 70 53
64 65 49
18 62 5
33 66 14
4 53 4
32 59 89
53 63 87
10 42 74
35 47 71
20 43 75
7 30 62
49 80 91
12 82 66
36 75 91
6 11 98
57 71 41
25 67 10
52 69 42
17 72 99
33 35 15
47 75 65
35 68 8
41 48 45
9 69 44
48 63 71
12 14 57
36 79 29
35 54 37
2 10 64
2 32 95
64 77 4
24 67 99
14 57 76
7 67 83
28 31 7
36 37 30
71 76 83
52 76 5
25 29 44
48 62 29
4 52 8
59 63 88
44 48 78
35 52 54
21 50 38
45 75 7
8 11 50
50 51 84
12 37 4
13 34 71
16 75 76
43 75 56
19 48 45
27 50 55
29 62 53
25 79 43
2 12 58
20 53 27
60 65 57
10 65 31
38 64 22
44 50 1
17 34 78
21 72 73
4 41 42
38 50 46
38 55 2
11 77 34
23 65 25
14 84 42
70 81 72
53 61 11
61 82 92
4 27 12
45 57 37
52 77 25
59 85 59
12 36 19
43 72 46
56 64 70
35 77 31
63 68 55
17 65 21
48 66 62
29 31 21
19 59 86
36 47 31
35 72 83
35 70 94
11 72 30
23 56 3
10 13 87
11 38 68
42 75 46
40 70 5
4 61 75
34 38 58
60 83 52
8 64 51
37 56 79
33 53 75
42 62 64
42 60 81
11 29 4
10 60 42
43 65 51
15 19 21
32 42 92
24 38 41
22 85 26
58 76 50
20 77 55
78 83 89
31 68 74
15 54 8
50 56 64
18 19 41
16 82 54
15 68 74
16 84 56
11 51 94
48 52 87
54 55 38
10 64 48
19 57 49
59 75 67
51 76 70
31 49 48
64 74 27
56 76 10
79 81 93
12 44 56
44 80 17
16 23 28
33 67 39
13 69 20
55 68 87
15 42 54
4 40 96
13 26 88
39 63 8
40 59 7
38 44 43
14 30 69
61 63 61
59 81 58
63 84 24
46 57 69
21 39 15
32 34 72
1 10 58
6 81 9
8 71 67
28 52 57
1 73 32
38 54 95
19 69 98
23 70 26
46 53 50
58 71 71
22 57 67
36 82 45
9 10 19
53 70 4
46 66 6
6 12 26
8 65 67
2 21 57
33 44 37
22 24 72
10 67 54
4 81 39
60 73 29
18 31 13
28 65 96
4 56 73
31 70 31
44 78 67
40 55 8
15 83 37
24 44 54
10 70 86
73 76 29
57 76 88
4 17 26
49 58 98
19 40 21
12 84 89
2 16 50
2 52 17
72 76 37
4 16 68
3 12 31
54 65 56
10 20 35
27 53 94
23 79 66
75 76 71
73 85 5
4 62 63
22 69 34
23 36 9
31 55 93
24 82 61
32 52 69
9 45 14
38 85 19
39 52 56
67 74 61
26 73 24
38 39 6
6 72 57
25 41 24
15 27 59
14 38 78
9 29 33
19 85 99
40 46 62
35 85 62
6 34 40
21 55 54
9 30 46
1 62 30
1 15 11
32 48 22
9 46 14
57 79 47
11 64 65
64 83 51
26 33 56
55 78 48
45 85 63
55 80 73
50 55 43
27 67 6
2 62 41
13 70 29
44 73 32
3 75 9
19 54 9
68 73 65
21 41 57
49 61 99
10 33 45
39 75 67
6 19 95
39 65 16
65 85 33
32 58 40
36 77 6
31 74 25
35 36 16
13 43 99
8 44 19
32 61 77
1 82 73
75 78 23
15 28 74
18 51 68
42 51 14
34 80 70
23 85 93
39 71 62
1 39 8
42 55 29
20 52 17
32 65 54
43 63 33
11 41 19
28 46 80
32 85 29
25 43 78
5 56 97
6 75 17
6 67 56
6 22 2
27 42 22
58 84 25
15 62 59
20 63 26
40 65 36
50 79 35
32 72 83
35 66 61
70 84 65
65 67 11
4 10 100
24 42 82
17 47 28
34 65 98
39 85 32
25 70 92
25 58 4
13 40 2
6 65 61
42 61 46
3 43 75
20 21 42
21 37 32
13 77 67
4 30 91
27 80 55
67 68 48
13 73 83
16 29 70
35 65 68
18 32 96
3 56 100
24 53 16
65 78 22
61 66 52
13 32 90
84 85 71
41 78 51
16 18 43
28 80 2
19 80 60
12 28 62
10 56 35
56 67 78
17 41 77
31 42 4
17 39 65
68 69 20
20 40 20
68 78 3
1 50 30
9 12 21
16 61 29
48 70 45
56 66 71
44 81 91
70 75 8
5 32 16
2 46 4
7 16 3
7 68 85
14 53 34
1 6 86
32 81 17
22 74 64
9 74 21
7 71 91
42 47 64
38 47 82
54 61 5
15 63 9
7 59 54
26 67 1
5 80 27
61 65 28
54 70 32
77 83 100
44 52 33
49 54 86
5 21 98
60 64 48
41 57 91
11 76 25
57 73 92
45 76 79
24 74 75
10 28 67
42 65 76
18 39 71
46 73 81
4 78 87
12 64 12
8 24 75
8 21 37
14 64 88
5 27 60
72 82 36
9 52 37
1 2 34
13 58 16
38 48 85
26 54 37
10 74 95
11 19 27
17 27 52
22 83 11
10 84 43
38 77 17
42 68 30
27 32 88
8 39 47
16 48 87
59 83 100
17 25 45
22 34 83
12 59 84
42 72 56
44 51 55
63 67 39
31 62 99
13 55 51
25 56 99
7 39 66
17 59 32
41 75 29
19 50 81
12 68 22
28 48 80
27 29 26
28 34 44
68 74 39
13 37 71
28 81 60
50 85 9
10 62 28
68 71 60
58 62 21
18 53 86
29 39 19
16 65 92
20 66 31
35 84 14
26 81 59
48 61 14
24 60 91
13 83 87
22 63 17
41 68 59
29 63 45
2 71 72
25 68 20
11 82 59
35 57 98
52 79 59
12 53 81
11 85 51
6 35 99
23 73 100
37 83 64
43 82 27
16 70 24
12 83 64
40 71 44
18 69 50
36 58 62
32 51 66
3 55 44
15 32 89
17 31 35
45 81 81
33 51 5
21 53 79
14 49 33
4 65 77
11 59 65
27 43 67
10 27 81
24 52 14
7 28 53
3 18 26
9 62 45
66 67 69
28 72 24
28 67 98
9 53 87
18 65 38
23 45 64
47 68 44
5 73 99
25 59 9
39 45 74
4 59 88
14 68 34
54 75 12
14 85 7
37 64 82
3 5 20
62 65 34
57 70 23
28 64 65
36 74 10
29 41 99
3 69 17
47 77 61
58 60 50
1 20 47
35 75 72
38 67 18
55 59 40
9 19 81
4 68 76
9 56 58
43 83 22
42 43 55
9 78 58
3 40 60
7 15 93
17 69 59
7 77 37
38 74 90
3 48 24
17 55 99
3 72 53
22 35 55
21 80 78
83 85 92
43 53 62
18 71 95
47 85 96
70 76 21
11 66 94
21 42 89
42 59 82
69 83 27
19 71 58
11 55 5
13 57 53
24 56 9
17 33 17
4 85 93
7 62 91
35 71 47
12 51 14
23 40 61
1 41 8
50 83 88
56 58 41
52 78 34
66 81 11
9 41 67
12 31 15
5 37 87
29 82 88
51 72 16
67 85 61
14 54 55
2 43 82
19 44 96
8 16 73
29 52 23
55 85 74
28 39 92
58 73 41
45 74 32
29 49 89
25 82 52
14 67 42
26 31 67
46 70 100
43 80 72
44 59 32
63 82 2
41 59 40
17 18 44
63 83 38
43 66 99
12 57 33
53 69 82
21 74 29
15 47 12
21 68 5
56 69 54
30 73 52
26 62 14
30 80 81
8 85 12
31 80 69
2 77 2
49 56 66
2 20 29
30 70 69
35 41 9
26 85 20
53 65 25
56 61 19
27 77 56
52 75 92
59 65 39
14 66 79
59 79 89
46 52 92
1 52 58
14 25 16
35 53 99
18 75 75
55 81 61
6 64 16
13 59 87
3 49 82
23 59 93
11 25 55
33 48 24
23 43 66
14 34 82
30 40 59
18 44 95
12 58 32
12 62 6
1 67 8
74 81 55
59 74 43
31 82 79
35 67 82
8 77 40
27 47 38
29 65 34
56 84 49
46 61 9
28 43 83
30 37 77
26 60 51
11 50 26
41 85 93
50 77 58
20 68 71
23 67 53
40 77 62
55 79 67
37 46 9
1 64 87
38 83 91
4 44 81
11 49 86
43 51 41
40 64 24
8 27 63
20 65 15
33 59 71
30 33 53
18 28 73
10 14 57
20 76 59
15 72 90
36 57 26
34 69 97
2 13 45
38 51 67
17 30 24
14 40 100
57 63 57
57 61 70
30 65 56
23 26 71
60 61 87
23 69 84
50 60 15
53 85 99
33 77 40
2 67 43
4 50 47
31 84 23
46 67 9
69 76 10
32 68 22
28 38 21
1 77 26
34 79 80
4 8 96
50 84 70
60 76 64
7 34 15
6 24 31
21 34 68
31 65 64
3 36 98
22 53 50
55 61 47
39 84 55
36 39 23
17 80 15
18 40 88
53 81 97
8 14 43
5 85 86
39 43 52
38 49 88
19 47 3
46 79 5
15 34 64
37 47 65
24 47 79
37 74 19
26 51 99
35 81 91
22 33 37
31 64 97
37 70 51
9 85 77
23 33 100
15 67 22
64 78 98
1 58 76
53 73 42
73 82 69
5 48 70
76 82 47
21 78 57
8 63 94
26 43 71
50 63 39
22 60 5
21 57 21
30 59 51
10 48 52
16 38 5
43 78 26
24 33 4
1 74 28
15 50 31
44 49 99
16 72 95
12 69 60
8 73 66
15 37 14
8 48 91
15 82 33
43 81 58
56 82 33
26 36 64
23 68 31
8 51 100
32 55 85
22 45 71
34 68 94
58 70 43
54 57 66
49 85 87
31 54 94
46 71 38
55 82 55
10 85 31
1 28 94
5 59 27
30 63 21
22 37 9
31 35 32
41 43 60
57 74 46
43 70 73
40 61 94
23 78 100
2 44 61
47 83 37
13 66 13
72 75 40
33 79 75
29 38 11
41 70 44
49 78 24
11 44 35
51 78 41
33 46 88
78 84 53
4 80 30
42 73 36
5 76 92
17 78 7
35 50 34
33 78 53
73 75 17
14 23 98
30 36 17
7 66 84
51 53 68
11 63 28
51 62 74
61 70 11
64 72 80
2 36 93
5 79 22
4 42 83
6 37 98
18 29 84
7 73 43
12 39 100
13 53 27
32 56 41
48 68 36
16 77 95
48 83 32
66 84 4
29 59 81
22 47 5
4 76 33
21 24 95
47 70 94
20 72 35
44 45 25
43 60 5
32 63 5
35 58 27
16 62 7
37 57 10
13 24 55
7 24 58
14 83 26
21 49 68
36 66 60
38 59 95
13 52 77
6 30 33
15 23 99
3 52 20
9 42 15
39 73 23
20 27 41
37 65 49
36 45 40
20 35 99
66 73 14
30 62 15
31 39 56
24 63 58
40 47 14
6 66 34
57 59 95
41 54 85
70 78 96
5 11 23
2 51 55
51 55 25
18 22 26
4 25 22
21 62 48
64 85 64
23 39 5
10 41 22
27 62 15
5 45 99
35 45 16
5 50 90
49 76 52
26 52 92
11 52 88
71 83 55
66 85 15
24 28 97
4 70 91
37 79 78
28 32 42
15 22 44
19 65 70
7 17 31
6 80 5
18 61 16
32 77 12
16 27 66
3 20 52
40 84 89
22 72 89
30 52 85
4 69 48
13 61 15
17 56 94
68 72 58
22 23 34
5 19 54
30 48 98
35 59 55
64 69 49
33 69 80
5 63 59
41 45 48
30 66 35
14 59 22
39 78 33
68 85 3
12 20 46
39 69 96
53 67 52
54 73 13
22 61 48
43 45 74
12 27 4
20 30 26
30 74 16
10 71 74
58 75 11
9 25 33
6 79 17
39 59 70
1 27 39
26 68 44
33 85 77
37 39 7
49 55 31
52 67 89
14 77 32
6 8 36
19 30 75
8 55 9
27 79 18
6 47 20
23 82 62
59 69 90
8 76 69
18 85 30
50 82 57
26 40 39
25 73 45
16 57 42
2 40 28
18 82 80
79 83 50
69 85 90
33 68 42
23 34 28
10 72 45
28 36 74
31 48 36
15 81 88
36 51 32
59 66 21
19 79 50
4 83 54
60 85 85
27 74 3
36 78 52
22 75 29
52 60 5
29 40 91
27 63 43
16 67 64
3 63 62
30 54 43
4 21 99
53 71 47
55 84 48
54 83 4
2 79 13
1 80 51
76 78 32
1 12 98
57 80 5
25 85 68
14 17 76
44 69 64
32 40 57
75 82 31
11 16 74
4 23 88
30 50 75
4 77 43
2 58 8
12 33 75
26 80 9
11 81 19
27 40 62
45 48 97
5 12 37
51 63 83
37 49 83
71 74 44
42 76 71
42 54 49
8 46 8
21 82 57
6 50 24
61 84 13
3 29 93
45 46 39
34 81 21
27 33 46
35 82 19
22 55 100
46 47 98
23 51 89
9 40 50
23 75 86
61 72 19
10 54 54
49 72 72
30 45 71
5 15 27
64 68 91
22 64 92
5 16 3
29 46 26
32 44 89
8 66 53
29 68 71
8 29 74
36 48 20
22 44 24
18 50 29
69 72 36
50 58 30
54 62 24
1 11 30
10 40 63
4 14 80
7 12 36
56 78 30
31 76 77
16 37 73
33 57 48
44 62 37
7 20 60
16 76 17
60 69 34
7 72 35
4 45 71
8 13 10
13 85 2
11 69 11
20 47 83
59 64 14
16 49 82
6 7 80
16 45 48
55 72 99
61 69 60
29 57 11
21 27 22
28 29 57
35 55 44
25 61 22
14 41 57
3 16 19
55 74 32
59 61 84
38 45 94
7 35 72
33 55 71
72 85 87
10 26 100
9 21 4
74 84 30
15 38 28
3 45 80
8 25 57
13 64 67
1 45 67
6 55 16
14 82 43
15 79 78
11 17 76
48 82 63
35 56 48
36 71 40
21 56 79
30 67 78
10 68 69
23 27 46
8 80 27
48 54 4
9 61 36
54 58 19
33 63 88
18 36 32
52 83 57
30 51 58
63 66 66
15 76 52
15 24 17
51 82 92
20 60 23
35 43 33
67 77 37
40 67 77
36 83 16
5 43 14
9 65 39
16 39 14
47 58 24
8 41 69
15 60 31
19 22 76
49 81 83
18 73 4
7 60 53
13 54 19
10 30 69
21 47 24
17 74 97
6 82 89
8 10 55
52 66 57
9 47 55
14 51 38
62 78 91
26 35 97
56 75 12
4 15 93
81 82 97
38 80 97
65 66 46
22 71 57
21 84 44
35 51 23
32 38 9
23 25 100
58 80 65
19 68 48
47 53 5
24 49 4
22 30 68
33 49 19
53 77 85
27 85 5
31 57 7
56 57 52
2 50 57
39 77 93
40 81 39
13 82 49
50 80 10
12 54 73
8 17 4
3 61 7
33 65 73
4 18 29
38 84 35
31 56 24
38 71 96
13 49 76
31 59 26
8 82 92
8 31 89
16 42 16
20 57 34
2 76 22
71 82 56
69 73 56
5 68 51
30 38 1
8 40 85
9 70 14
11 24 43
34 52 68
13 35 13
25 32 71
15 61 88
26 34 94
36 64 97
36 43 57
61 71 95
36 81 95
65 83 33
5 54 95
4 57 9
38 41 84
8 32 17
9 31 98
20 25 87
28 47 5
60 72 41
28 40 96
31 53 36
19 37 16
18 45 33
8 45 17
67 72 72
56 62 63
10 51 19
37 71 94
37 82 98
1 16 70
30 69 19
54 66 52
6 36 71
5 62 48
18 52 66
20 22 67
50 52 58
15 75 35
8 84 62
10 50 88
44 63 76
69 80 37
11 62 36
61 68 98
59 73 21
35 73 71
45 66 54
17 48 1
14 81 34
14 69 59
71 73 84
30 72 62
18 80 69
16 74 98
63 77 69
46 55 9
12 48 18
8 12 92
69 70 86
8 61 62
27 48 90
37 50 84
63 81 44
18 58 59
26 44 31
1 83 14
12 46 31
28 54 53
75 85 83
41 55 19
72 74 35
10 55 46
43 67 57
8 15 11
46 81 58
19 35 75
6 49 90
24 65 42
33 81 65
9 51 82
23 58 80
5 7 80
23 83 91
19 49 37
53 72 5
29 66 17
13 79 72
29 42 30
26 47 90
36 46 55
32 73 34
55 62 19
9 33 84
1 7 93
60 84 92
33 43 4
13 75 53
21 64 30
6 38 85
44 77 65
3 67 25
46 50 86
76 83 94
41 63 30
21 52 79
1 31 71
4 12 42
3 81 20
31 75 5
26 49 23
12 61 6
33 80 16
33 76 80
29 83 23
24 66 75
38 73 37
14 43 83
64 79 64
5 64 92
44 83 27
21 60 52
8 23 26
47 60 40
10 53 13
48 57 52
56 81 70
2 57 20
9 50 87
62 85 2
21 59 61
2 35 98
19 78 20
3 74 46
22 26 80
31 61 56
27 30 4
1 46 9
2 73 17
20 23 74
62 76 18
48 84 3
65 68 46
40 51 43
3 22 46
27 54 43
5 65 64
51 54 15
48 72 39
29 84 69
8 62 50
6 61 92
59 84 28
19 25 43
36 73 71
16 24 32
41 49 38
14 48 94
55 63 94
78 82 34
57 82 28
41 64 66
41 80 48
27 65 24
3 59 31
82 83 5
20 55 76
11 31 72
37 41 42
45 78 26
5 35 76
38 53 70
41 72 64
8 43 47
44 55 84
5 77 75
27 38 2
41 67 12
28 78 74
38 69 32
5 40 63
32 79 9
41 76 64
13 31 94
14 24 87
27 81 47
6 20 60
6 41 35
49 59 19
67 79 13
67 82 29
23 29 33
6 54 32
55 75 27
1 36 100
12 15 54
25 50 54
43 62 80
6 13 85
26 69 23
13 74 96
10 59 91
6 62 76
19 51 68
15 30 76
13 72 71
44 85 28
48 78 92
7 49 52
25 53 6
23 60 3
17 43 60
50 65 100
40 74 59
22 81 41
44 72 38
1 38 75
6 71 58
45 84 5
52 57 18
6 15 73
21 31 28
9 77 22
19 84 21
38 40 52
12 38 87
47 67 26
12 56 30
20 80 89
24 68 54
9 48 1
12 66 31
25 83 9
7 43 51
68 84 68
4 22 42
1 48 15
32 36 76
34 40 16
3 46 66
40 60 14
1 57 76
18 74 80
20 50 24
34 39 48
1 24 54
27 60 11
68 77 73
44 74 12
56 73 69
51 69 2
78 85 67
32 78 71
1 29 22
27 72 87
47 76 18
6 45 41
18 68 36
73 78 58
38 57 100
45 71 64
1 3 28
43 47 52
35 49 78
59 62 20
26 65 80
7 55 91
26 77 33
25 63 93
14 36 6
8 47 63
28 45 5
29 47 63
44 61 91
24 57 45
11 40 34
12 70 96
74 80 93
78 81 63
11 45 4
21 65 54
7 8 4
66 77 48
8 59 6
9 24 12
4 82 69
10 15 77
63 64 8
9 16 38
46 80 4
47 63 50
28 57 26
16 50 40
27 64 3
2 26 92
79 80 37
80 83 82
49 74 19
52 58 64
6 77 82
9 82 48
43 58 76
34 37 64
13 63 47
7 56 87
2 49 29
3 31 18
2 33 50
26 83 80
5 17 90
6 9 46
54 60 56
51 52 84
10 37 63
12 47 38
46 49 95
5 28 64
40 56 34
29 51 68
22 29 6
21 61 30
38 81 63
42 77 46
28 69 87
62 71 61
49 68 1
20 37 74
24 51 54
27 84 85
27 76 86
67 76 63
64 66 35
5 36 19
25 62 100
19 62 23
62 79 70
49 84 13
21 69 67
43 69 7
29 70 66
26 82 19
57 75 88
52 81 15
61 77 39
7 64 98
35 37 69
25 42 99
9 66 48
38 65 71
29 43 15
32 74 76
17 54 10
21 83 53
62 73 4
14 79 9
31 78 44
22 38 90
13 65 53
17 20 16
65 71 28
55 83 31
3 84 93
40 73 50
28 79 14
25 27 26
15 53 13
11 21 4
7 84 80
73 84 73
61 74 98
23 64 97
48 81 51
59 68 71
39 40 28
45 58 70
12 80 2
11 79 29
16 28 4
7 18 85
67 69 12
17 51 62
1 23 60
9 55 22
1 33 95
6 63 50
42 53 19
32 70 8
26 64 1
2 53 4
43 76 70
5 44 7
35 63 45
57 81 73
43 54 84
69 78 80
33 45 39
12 25 79
77 80 25
2 65 24
60 68 44
4 58 87
13 30 33
2 82 50
35 83 93
46 76 78
66 71 48
31 37 35
10 36 81
46 51 48
65 79 34
17 49 1
39 60 36
38 62 2
27 58 14
29 32 18
9 73 86
39 44 97
12 41 8
1 37 21
25 71 26
17 76 49
34 72 15
27 73 85
17 26 36
21 46 55
36 49 89
42 66 68
38 82 36
17 22 99
66 68 12
60 77 59
54 84 90
8 72 4
13 29 57
16 21 51
35 61 77
36 38 94
45 63 12
13 47 2
50 81 57
76 84 13
2 85 82
20 34 29
20 78 20
66 74 25
29 35 33
36 63 70
29 73 62
23 57 92
7 10 82
26 79 56
48 79 60
24 77 26
17 62 5
3 44 46
20 85 53
7 46 46
24 58 6
1 9 85
2 69 45
4 79 100
41 66 25
20 71 96
29 75 56
69 77 11
17 61 62
19 33 39
48 80 73
32 75 5
14 65 53
3 10 31
22 48 72
15 65 7
51 80 99
9 36 59
2 34 12
12 78 9
6 53 40
42 44 47
35 64 71
2 31 82
3 41 44
33 56 13
2 8 74
25 78 13
72 83 13
6 21 29
4 48 17
7 45 85
9 44 43
30 85 32
58 61 5
2 17 77
35 74 14
27 59 60
4 63 71
32 62 53
42 52 46
27 28 76
26 27 6
14 16 39
42 57 44
7 80 69
76 81 24
10 78 60
37 77 78
11 46 92
64 73 64
30 82 77
9 15 86
10 17 21
45 79 20
44 57 32
24 64 52
9 34 89
6 73 99
22 56 88
28 41 70
25 66 59
54 76 62
80 84 68
57 62 21
27 39 46
35 39 84
25 39 32
34 70 27
58 81 18
62 69 54
64 71 29
24 37 45
8 58 77
21 77 5
53 62 42
2 7 99
12 35 49
9 81 40
40 62 37
30 49 38
54 79 80
29 77 6
7 82 5
40 80 96
22 84 15
22 76 8
71 84 16
11 75 25
62 80 12
19 73 21
23 50 57
62 67 66
22 43 27
50 53 21
2 24 35
21 48 84
20 38 92
6 84 18
3 6 36
74 85 61
5 24 29
29 64 28
60 82 71
18 81 6
23 53 98
24 55 79
41 74 83
8 83 78
24 26 17
37 60 88
40 68 17
70 73 67
1 35 44
70 71 33
40 49 79
20 64 75
1 61 39
7 27 81
6 85 51
68 81 61
28 51 28
3 38 75
20 79 91
46 48 78
32 39 24
31 60 90
43 48 28
8 37 92
5 38 7
5 60 82
2 22 67
36 85 95
30 35 63
15 29 32
1 19 83
11 80 61
16 66 9
19 56 17
55 76 32
49 51 67
33 34 80
28 44 2
61 79 10
14 47 18
37 85 66
69 84 16
73 77 37
13 19 81
19 20 13
11 33 90
7 52 28
42 50 78
63 75 18
5 47 25
33 41 31
52 59 70
36 44 9
45 56 59
55 57 44
23 31 27
29 72 70
12 63 81
51 58 42
48 64 12
8 69 79
24 69 94
46 84 49
21 29 28
16 54 10
45 67 60
17 29 81
51 73 99
28 75 46
47 55 17
31 83 60
23 48 13
19 52 14
53 76 68
70 82 39
11 20 94
9 79 46
32 57 16
22 58 84
31 46 23
82 85 67
23 63 23
16 85 24
7 40 6
16 36 51
77 81 83
11 15 4
28 76 69
19 81 34
16 55 84
10 66 52
23 62 31
15 52 49
40 44 98
33 52 24
27 45 18
56 77 35
58 64 83
41 47 24
6 74 68
35 69 51
44 46 56
71 85 31
6 28 34
21 30 13
35 48 55
2 14 2
16 46 71
42 64 25
17 79 22
9 60 49
25 55 4
32 69 48
5 14 13
70 79 73
27 37 63
9 13 77
20 81 75
2 68 67
55 77 72
73 74 7
2 45 18
54 80 54
24 85 85
26 56 86
41 81 80
13 80 64
10 19 87
20 54 43
47 50 32
9 26 99
62 72 29
10 58 37
32 76 72
10 76 16
13 22 33
30 47 97
39 83 18
45 72 49
34 62 78
7 79 65
59 76 81
8 35 97
2 30 100
12 26 26
29 48 2
20 29 52
39 53 63
33 64 96
4 11 91
22 31 99
19 55 53
3 71 89
61 80 57
63 79 76
30 75 13
81 84 45
64 84 10
56 71 60
4 33 40
24 81 59
26 30 63
31 32 35
18 34 25
11 30 40
7 33 60
13 81 36
2 63 59
74 75 35
14 70 43
40 57 41
24 32 14
10 16 46
8 74 99
3 13 57
7 37 60
35 78 60
9 57 5
5 74 45
4 72 4
12 52 44
23 72 40
43 68 39
47 82 69
25 40 86
53 82 100
2 56 11
46 74 88
2 9 55
56 80 74
28 37 53
49 77 88
52 61 55
28 62 96
53 55 90
34 47 14
50 71 38
54 64 85
25 37 1
22 42 48
54 77 63
1 44 8
46 83 83
30 76 13
29 36 84
24 29 6
51 74 12
42 49 49
38 70 66
16 69 99
47 48 38
50 64 38
31 36 51
5 83 66
11 26 57
11 27 4
41 77 38
14 22 11
16 58 31
25 75 87
14 60 31
26 38 70
3 68 6
2 70 6
21 76 88
38 43 42
39 54 59
19 83 4
41 58 18
1 8 44
53 80 81
19 72 35
12 77 19
5 82 86
7 9 52
50 75 56
6 39 91
7 57 13
17 35 7
3 23 94
7 69 27
9 64 28
15 80 85
67 75 91
30 55 30
63 69 84
5 18 11
12 81 18
20 33 52
19 77 17
31 45 16
11 57 91
18 30 93
22 46 76
52 74 28
33 83 27
71 78 81
28 83 64
14 55 58
15 35 78
41 71 83
37 73 65
13 42 41
34 76 19
49 60 79
2 41 51
7 75 41
34 83 17
28 74 65
24 45 18
7 38 49
76 80 85
60 81 71
7 48 51
6 78 37
1 85 8
9 72 10
25 28 100
13 14 17
11 56 43
46 78 32
15 36 6
9 22 33
25 48 50
2 28 4
31 85 100
71 81 80
11 70 93
5 51 95
23 76 56
77 82 66
18 27 77
28 33 24
36 52 45
24 76 89
45 69 59
30 58 65
4 13 49
18 63 66
15 78 74
19 27 65
10 12 36
28 63 5
50 66 13
33 84 92
41 84 81
20 59 97
9 11 24
42 67 75
15 59 99
15 48 58
54 72 12
21 44 5
12 43 28
19 42 80
27 71 70
48 85 79
13 50 96
15 45 4
4 9 21
8 81 79
76 77 49
12 49 31
9 80 6
51 75 65
43 59 3
29 44 6
13 33 80
5 22 1
1 47 5
13 45 75
74 78 5
2 23 36
27 56 90
52 54 4
25 45 73
52 64 13
51 81 94
51 84 90
39 81 76
2 42 98
24 79 44
18 79 34
5 57 94
16 44 42
38 75 13
19 60 84
12 16 3
32 50 13
33 73 95
1 51 92
43 52 84
17 52 56
65 75 83
30 41 71
4 6 38
22 73 70
15 51 60
30 68 57
68 83 37
7 65 58
54 82 75
25 46 55
12 65 41
31 47 44
32 49 74
46 82 23
5 71 100
39 50 52
22 62 1
3 26 59
9 49 27
27 35 58
26 63 2
41 60 38
47 65 37
75 77 62
21 45 51
30 79 34
52 62 68
44 58 4
6 14 7
16 73 28
25 44 52
34 73 48
32 35 71
6 10 18
36 41 79
36 84 17
25 52 23
37 67 15
2 3 95
18 64 9
40 48 74
32 37 41
2 37 91
20 74 17
25 54 76
37 58 35
37 55 18
13 21 36
30 56 30
20 42 21
13 48 2
10 79 78
25 30 35
1 5 34
5 78 71
16 51 70
18 76 97
5 70 98
47 51 33
18 57 7
33 70 89
42 46 99
24 43 82
17 45 68
75 83 62
25 57 62
19 43 98
23 46 11
65 76 100
51 60 7
22 78 86
30 78 65
70 74 67
11 13 26
19 29 56
11 54 28
14 27 63
54 81 9
33 42 21
79 82 41
6 68 19
16 32 4
26 61 5
50 78 35
6 70 55
21 23 51
8 53 83
19 21 43
15 41 76
18 23 28
47 84 44
62 64 3
3 32 39
3 54 91
24 27 55
8 9 73
37 69 39
50 62 74
50 68 80
16 33 55
18 43 61
28 60 21
45 73 2
61 76 41
15 58 15
1 72 14
29 80 24
9 17 67
41 61 1
7 58 47
64 76 91
77 85 35
49 82 2
62 77 21
16 19 98
1 30 25
65 69 90
26 32 44
37 78 86
9 35 7
25 36 35
48 65 41
3 8 61
29 37 88
14 26 97
69 71 31
18 38 39
6 51 88
21 22 88
12 73 100
45 53 35
58 79 54
46 60 39
21 26 61
65 77 3
11 83 73
40 41 3
14 46 30
2 72 12
31 44 96
46 54 85
26 39 5
16 83 17
14 28 25
9 18 14
50 61 76
30 32 87
28 84 36
22 79 38
5 23 52
16 81 38
16 20 91
15 49 37
35 40 96
23 35 26
13 23 8
58 59 11
1 34 13
44 65 91
51 83 56
19 23 51
23 24 25
18 20 20
4 47 3
62 84 41
42 71 92
40 83 89
20 31 75
22 32 34
34 59 49
28 53 78
71 79 93
1 71 24
44 84 18
21 81 8
9 14 90
82 84 15
38 56 48
29 50 88
42 81 74
22 59 80
43 73 59
12 29 93
34 56 38
8 20 5
40 43 26
7 19 91
21 38 18
4 73 2
38 60 39
11 43 67
29 76 86
55 69 74
68 80 86
40 45 50
9 75 48
74 77 82
11 42 68
63 65 65
3 70 29
32 83 22
12 23 72
29 53 81
15 21 83
26 84 20
39 56 92
62 74 64
57 64 31
17 85 21
45 52 69
4 55 19
69 81 71
41 46 96
58 67 81
61 67 42
46 59 84
54 56 79
45 61 68
46 63 90
58 78 88
19 32 34
10 24 22
62 66 85
62 81 63
38 68 2
5 39 52
62 83 63
49 75 74
48 73 50
26 58 75
65 74 14
45 50 4
83 84 13
32 53 90
43 50 51
20 75 100
41 53 9
14 75 92
4 38 100
42 56 97
31 72 81
6 56 1
10 75 70
24 75 14
37 59 32
65 82 88
32 60 13
33 36 10
31 67 73
58 69 29
32 45 51
12 76 9
17 20
7 16 37
8 11 39
4 14 93
2 5 60
1 2 53
3 14 82
10 12 92
8 17 79
1 13 21
8 16 96
8 13 27
12 16 73
9 11 25
2 7 70
3 5 58
5 12 21
2 17 35
8 14 42
2 11 47
3 15 55
73 304
9 25 4
1 66 33
36 67 60
56 59 56
25 34 22
40 73 27
42 50 45
19 47 46
40 47 37
7 61 22
19 36 95
13 52 72
55 66 92
5 35 44
21 22 33
7 54 98
14 24 42
2 67 17
7 11 77
66 72 96
35 37 8
7 36 18
22 54 28
13 39 11
31 61 46
44 56 75
11 43 100
45 63 17
41 67 99
3 70 44
71 72 75
12 40 44
64 73 44
42 49 51
36 62 79
33 36 41
42 67 29
50 63 1
8 62 57
13 71 88
6 47 59
25 27 54
1 59 75
30 34 87
28 52 36
19 31 52
4 18 82
46 57 59
5 27 17
49 70 62
19 32 7
14 60 25
3 62 13
9 67 5
25 50 44
23 33 30
60 72 80
36 39 22
6 59 39
57 68 68
51 66 74
5 37 75
15 60 100
28 29 53
40 65 100
68 73 45
5 28 61
35 62 60
16 50 12
2 10 95
29 49 46
20 62 21
13 19 69
63 67 30
36 58 60
15 47 6
1 49 27
8 48 37
4 19 22
24 33 44
24 28 44
68 69 24
5 8 82
5 7 4
65 66 3
16 26 46
23 45 48
35 45 74
8 58 64
33 39 66
22 38 3
27 48 73
43 51 30
24 69 58
30 45 24
35 36 4
41 47 21
39 43 89
21 30 17
57 64 2
23 70 54
7 23 46
32 66 62
23 53 96
1 20 96
1 62 83
6 43 86
25 30 48
37 59 94
3 12 45
36 43 21
53 57 9
1 52 78
33 51 64
63 73 99
22 64 40
10 40 84
2 7 3
43 44 42
21 73 58
18 29 43
3 56 86
9 69 85
16 34 52
15 26 20
4 50 18
50 57 63
22 39 22
17 71 98
50 55 30
13 35 79
32 59 24
39 73 86
19 64 40
66 71 99
35 48 9
30 48 53
42 55 79
20 32 87
2 19 86
7 27 65
17 21 57
33 69 53
22 42 28
51 68 77
31 38 28
1 55 81
18 72 42
10 49 15
4 45 49
13 18 69
8 11 60
1 14 34
25 26 71
10 73 34
34 59 78
54 60 3
4 22 56
21 72 48
54 67 54
29 65 90
4 35 46
28 45 62
4 10 97
8 44 100
17 49 6
5 11 63
27 42 71
31 42 35
20 40 78
14 68 86
21 33 12
27 43 97
1 65 72
6 58 78
17 73 75
27 69 70
43 52 59
4 71 42
18 26 49
64 72 57
16 20 58
9 58 60
1 60 87
21 67 96
26 46 22
51 56 96
14 54 80
5 14 66
35 54 34
16 69 47
12 24 90
12 19 74
42 47 78
18 24 66
36 65 92
15 31 86
14 45 49
26 30 10
39 51 35
7 64 3
28 67 71
16 38 2
35 72 90
20 60 57
40 45 3
10 60 26
3 29 57
44 45 34
23 60 75
20 71 100
19 66 5
15 62 77
9 53 40
25 48 19
36 56 45
33 61 52
18 48 79
31 45 2
38 64 25
45 59 18
17 45 64
46 50 77
47 68 95
27 45 59
11 26 64
55 58 45
22 53 58
46 71 86
39 41 97
32 40 64
17 54 32
56 62 34
12 70 35
11 60 53
36 40 19
19 53 54
8 39 22
17 60 32
8 33 11
32 61 91
38 62 40
34 42 80
17 38 54
10 44 18
43 64 83
51 70 11
3 55 56
4 70 90
2 3 11
22 33 72
68 72 75
41 51 9
1 28 46
19 22 55
41 52 97
5 58 3
7 55 45
8 45 54
53 61 100
23 50 23
48 66 30
58 73 66
7 67 63
40 66 48
28 35 79
5 21 89
49 65 70
41 69 16
33 67 90
46 66 13
24 60 45
49 62 33
29 52 31
18 58 44
37 53 87
1 46 100
13 66 1
25 54 57
30 63 2
10 56 40
58 61 64
13 25 33
7 24 26
24 50 63
18 65 44
47 52 99
15 27 44
14 15 47
3 9 77
20 26 49
32 62 19
22 66 90
8 50 32
38 44 4
23 43 48
16 24 89
44 53 55
23 42 46
37 56 56
11 55 7
47 49 49
20 28 25
12 25 50
37 477
31 33 63
2 6 87
2 25 46
4 29 98
1 6 57
8 33 53
6 36 74
4 31 44
23 32 99
1 7 79
15 21 7
8 28 42
12 36 6
12 24 83
2 16 53
2 15 57
15 32 7
24 28 1
13 18 28
8 23 28
6 9 67
23 35 98
6 16 6
8 34 45
7 37 51
1 26 98
4 21 36
10 21 34
4 8 56
17 21 72
5 34 80
7 24 99
7 29 91
15 19 29
10 11 39
7 14 91
4 33 9
1 9 67
3 28 94
13 31 7
4 13 91
6 33 90
1 31 45
17 29 33
15 33 80
13 33 80
25 35 89
18 25 82
4 16 58
17 26 39
29 31 100
6 18 31
8 17 31
6 8 93
21 29 70
11 17 10
5 9 39
26 37 47
5 11 67
7 25 50
13 32 58
11 20 85
2 7 36
27 34 96
24 29 3
14 19 45
25 27 81
1 21 86
7 16 60
7 15 69
16 18 26
10 29 31
19 25 1
3 14 45
20 21 4
16 20 8
1 10 63
24 32 83
1 37 15
19 23 67
19 24 22
24 25 53
29 34 86
21 37 54
9 29 59
10 12 63
16 24 45
15 17 73
5 23 43
20 34 53
9 31 24
23 36 58
3 32 52
4 10 59
6 15 92
2 19 46
34 35 22
3 33 81
6 17 18
12 28 2
1 3 60
4 5 34
2 26 58
13 35 61
14 18 3
18 27 90
6 32 58
1 24 94
29 36 94
27 33 25
19 21 43
16 28 99
17 33 23
3 8 22
10 22 81
18 24 98
9 36 92
29 35 95
14 37 79
1 18 68
27 32 69
15 20 19
14 17 40
7 36 58
23 34 36
4 20 5
3 6 94
12 29 52
16 35 56
3 27 48
32 33 13
19 34 63
7 28 18
2 21 23
3 9 70
8 15 37
26 29 21
11 31 85
34 37 64
14 22 86
11 15 2
5 7 98
3 7 22
5 20 5
5 24 81
13 25 62
4 25 54
17 30 22
2 11 4
3 21 45
14 15 28
12 35 98
18 29 15
13 27 81
18 23 19
26 33 39
11 29 90
18 35 52
11 34 28
9 27 26
9 34 31
20 30 70
1 15 46
17 18 9
2 35 51
2 33 43
1 17 88
4 6 73
18 36 91
17 23 80
4 7 33
29 32 24
19 26 10
18 22 67
22 24 63
12 13 26
20 29 47
31 34 95
11 28 88
22 37 68
2 27 97
9 13 94
18 33 81
19 33 86
4 35 13
3 26 36
7 31 12
16 36 59
25 34 19
8 13 62
30 32 36
6 31 88
26 27 34
18 32 70
23 28 94
1 16 9
9 24 18
12 19 1
3 30 12
32 35 51
6 24 77
22 32 27
14 29 72
6 25 53
4 17 17
17 28 19
7 18 22
6 37 86
21 36 57
3 35 5
5 32 90
6 19 97
3 17 7
13 29 62
2 17 74
6 21 58
6 26 24
22 27 56
24 30 22
12 31 28
28 32 15
9 12 95
4 24 41
4 9 80
21 24 66
20 27 80
18 30 53
15 27 73
7 21 15
4 27 33
5 10 67
13 17 66
26 32 88
15 16 83
25 31 72
4 11 77
8 20 35
10 31 14
11 19 82
7 27 11
9 25 71
13 36 26
17 19 66
5 8 34
14 27 70
4 28 45
7 30 52
16 31 86
20 24 27
5 14 97
21 27 44
7 17 53
16 37 18
8 18 14
8 27 22
9 11 13
16 29 44
11 36 72
7 12 84
15 31 2
10 15 4
31 35 55
7 32 31
5 29 48
11 32 94
4 14 75
32 37 56
8 19 53
29 33 24
11 14 69
5 18 53
4 12 18
6 11 9
15 25 13
8 30 2
11 18 27
27 36 100
12 21 12
23 30 2
21 28 64
9 23 58
20 35 64
24 33 32
25 37 80
28 29 76
14 33 26
22 30 32
21 25 95
21 23 13
22 28 87
19 29 57
7 26 84
1 5 99
16 22 1
11 24 24
28 35 69
5 25 99
8 36 47
2 22 21
12 22 18
10 16 91
4 22 64
19 37 27
11 30 67
2 9 3
4 26 88
2 3 20
3 12 41
17 34 22
15 23 30
10 37 78
27 28 15
3 36 14
9 19 27
3 16 14
12 18 7
24 31 33
12 34 96
6 22 99
33 35 56
1 28 38
17 25 19
9 21 95
19 27 6
20 23 59
21 33 7
14 31 76
23 33 6
16 19 82
10 18 12
9 28 52
30 34 32
30 33 99
2 31 76
19 28 91
13 28 41
18 21 75
26 28 43
6 29 43
14 21 43
9 16 18
7 10 43
10 30 15
16 27 39
16 21 57
2 23 50
1 36 74
13 23 54
1 34 14
17 22 44
33 36 91
3 23 94
12 23 40
28 37 62
20 32 14
20 36 35
5 15 38
14 20 41
34 36 16
10 34 82
9 10 73
22 34 37
14 24 26
1 25 55
13 14 54
5 17 21
9 20 11
20 37 16
2 32 78
1 22 67
1 2 16
28 36 62
29 37 74
8 35 99
11 22 50
14 35 19
10 24 33
7 11 98
21 26 48
3 13 50
2 34 31
33 34 35
20 26 34
12 14 6
2 36 76
10 36 66
3 37 56
1 19 94
29 30 7
2 8 73
12 27 21
11 33 57
10 33 72
20 28 78
6 14 83
8 22 24
3 25 62
5 30 65
10 13 61
4 37 75
15 18 55
8 25 59
23 29 69
7 35 74
1 23 25
24 37 46
8 21 46
22 33 21
25 33 24
9 14 16
27 30 15
2 20 5
3 18 50
11 25 76
9 17 63
10 14 35
11 16 18
1 27 18
10 32 60
10 19 59
11 26 2
4 19 75
3 4 97
9 37 38
8 9 19
13 16 80
2 10 64
1 30 4
6 20 15
4 30 2
12 33 74
35 36 78
28 34 7
14 30 55
4 15 30
3 31 11
17 32 33
2 5 2
22 36 1
1 35 85
19 20 52
19 32 41
12 30 36
1 32 64
16 33 20
7 33 26
26 35 69
17 35 36
21 22 73
9 35 65
4 36 99
23 27 33
19 31 48
19 22 95
31 36 6
3 34 34
5 19 64
1 4 60
4 18 5
5 16 45
6 35 99
21 35 49
18 34 43
2 29 71
22 25 8
3 19 24
15 36 20
9 33 23
16 25 40
9 22 91
10 26 91
1 14 91
30 37 3
8 10 42
9 18 74
7 22 22
27 31 51
2 1
1 2 74
40 65
3 16 75
13 14 4
18 39 70
12 19 49
17 31 47
3 27 62
6 14 88
3 5 95
1 35 10
7 37 63
19 24 51
9 27 27
4 21 87
28 35 14
24 34 7
16 18 41
3 35 1
10 34 47
11 26 31
13 36 57
1 19 18
19 35 2
15 34 40
5 37 54
12 15 45
11 15 12
6 26 54
3 11 14
5 35 60
11 39 64
10 40 30
6 33 30
1 38 3
16 27 68
19 30 45
5 11 7
24 32 76
33 35 93
20 34 15
28 40 85
2 19 95
21 33 77
2 15 49
2 35 40
4 16 54
6 38 55
14 28 12
13 33 62
21 35 88
20 28 3
3 24 78
1 26 86
17 39 68
15 31 1
2 33 96
2 38 72
19 29 64
8 10 80
22 31 71
32 38 75
2 28 92
4 22 74
24 30 43
4 33 85
16 36 31
62 1343
1 29 11
4 28 10
5 26 4
28 33 3
20 55 6
1 19 23
36 44 65
20 28 96
13 53 90
5 20 68
1 45 91
29 41 92
11 25 84
1 5 19
4 8 71
6 39 65
49 61 77
9 25 67
7 34 12
18 47 93
47 55 100
4 18 81
6 26 14
40 44 8
4 60 62
43 47 22
36 41 70
22 38 69
28 42 90
31 51 57
41 57 50
23 45 7
30 61 47
46 49 36
27 56 62
11 51 28
40 51 86
34 42 40
12 24 37
38 46 1
6 21 91
2 48 62
15 16 50
38 57 99
6 42 1
25 61 74
27 51 81
31 39 61
26 46 60
33 36 97
12 60 21
22 62 42
5 36 92
10 45 100
12 21 27
19 29 10
7 29 37
11 13 41
38 51 54
14 36 7
7 61 83
2 28 59
48 50 47
5 62 87
17 41 94
40 50 81
2 50 45
22 24 55
22 50 13
11 18 6
32 58 40
9 33 51
2 32 85
6 15 85
26 54 18
39 62 90
5 33 98
13 54 79
45 60 75
21 50 29
8 24 45
36 57 76
28 35 22
36 43 13
6 47 1
29 38 91
9 53 68
3 56 31
38 55 63
24 58 15
16 40 87
4 13 60
15 30 59
18 20 5
18 35 19
22 32 10
35 47 91
19 25 42
11 56 59
9 12 21
16 17 10
23 42 84
29 32 55
42 44 36
36 60 20
1 34 42
24 27 7
1 23 40
39 44 69
8 38 53
1 51 55
42 46 42
15 31 39
27 31 66
4 14 34
34 35 80
30 53 56
3 46 11
24 62 28
4 53 46
48 52 79
2 58 76
10 19 21
12 53 88
15 56 60
11 32 33
49 50 60
20 22 83
3 40 81
33 59 57
39 57 3
11 53 37
39 60 79
11 34 55
3 35 49
27 57 90
5 12 80
33 50 84
33 52 2
19 38 40
39 46 32
7 30 6
15 18 60
9 49 58
28 31 97
21 40 97
27 30 78
2 56 4
28 51 85
51 58 86
32 39 54
11 24 76
30 41 10
7 36 22
17 29 89
47 51 24
18 58 25
20 27 43
37 59 68
18 57 23
37 52 37
10 12 61
29 55 74
25 56 43
12 20 73
7 16 59
10 41 28
2 11 26
27 55 22
3 60 53
21 51 13
12 58 9
34 61 62
19 37 53
4 19 13
35 45 25
51 60 8
26 27 52
1 42 94
55 60 86
6 35 79
42 50 27
42 49 92
10 52 38
9 30 76
48 49 82
38 42 45
17 56 13
14 43 12
19 53 59
37 47 79
24 51 91
40 59 35
5 61 75
40 41 100
17 31 55
59 60 6
45 55 66
14 25 84
20 44 17
9 10 41
32 35 38
34 39 62
21 56 24
13 51 31
26 48 83
27 48 55
6 8 51
36 58 81
5 38 62
3 43 98
8 17 49
11 43 19
22 58 98
19 34 79
2 60 41
22 41 30
13 35 58
2 21 68
12 42 7
2 55 77
8 33 64
34 36 66
14 29 94
17 57 95
6 43 62
34 54 57
32 42 30
10 56 81
8 53 58
36 56 85
25 39 23
26 39 76
5 14 64
14 23 94
24 45 55
8 32 51
43 44 83
13 24 47
13 18 24
23 41 1
32 37 74
57 62 30
8 19 66
1 15 15
15 47 38
32 47 13
25 27 23
7 21 76
2 35 100
3 16 20
6 50 65
31 40 97
17 28 4
17 53 49
4 42 53
24 54 96
40 49 77
22 27 34
9 38 53
40 54 10
25 50 2
22 57 82
13 50 60
14 35 60
34 56 66
7 53 70
5 58 23
16 28 88
40 62 1
9 36 29
24 46 30
45 54 100
48 58 91
16 51 40
2 27 59
32 50 57
16 61 33
27 36 99
6 52 97
9 55 45
1 48 13
27 46 27
11 22 37
37 58 74
49 53 68
15 19 80
43 60 26
39 49 90
31 49 49
38 59 6
10 36 27
21 43 17
31 37 79
32 40 95
13 33 41
19 26 79
21 24 15
21 46 14
16 41 25
14 17 71
21 47 83
11 21 21
15 35 52
4 55 45
4 52 1
32 33 23
4 37 31
42 52 2
6 60 9
26 60 6
16 30 35
25 26 41
38 40 6
17 48 54
32 49 74
49 57 48
13 31 30
19 27 50
7 8 20
30 55 75
41 52 57
16 38 38
11 46 17
44 49 77
17 38 90
22 45 6
12 32 85
1 55 61
11 29 85
56 60 75
4 7 37
21 33 5
8 45 62
25 37 62
4 15 46
3 28 33
21 27 44
56 62 80
39 54 31
27 34 36
51 59 68
7 32 64
47 61 12
1 37 25
2 23 66
17 47 76
2 16 54
9 51 61
2 59 42
46 54 71
46 60 85
25 59 35
15 45 23
33 45 85
3 52 60
1 16 31
34 55 74
38 48 55
14 50 98
39 43 83
26 51 97
45 51 73
24 61 19
26 43 49
13 29 47
41 42 85
6 61 58
18 48 31
25 29 68
6 53 89
36 52 24
15 57 80
21 48 32
31 61 20
17 27 68
7 62 50
13 52 65
28 40 48
16 29 86
11 61 23
44 60 21
36 54 31
10 23 85
1 14 21
7 23 36
26 56 58
13 30 97
18 40 29
30 39 65
29 58 99
45 52 4
42 51 91
53 57 54
21 52 39
1 46 80
10 53 41
27 59 30
11 44 63
52 56 52
56 58 69
14 18 74
4 26 49
22 34 13
34 49 67
3 15 52
34 44 72
23 26 36
14 60 33
8 18 91
8 58 47
61 62 51
18 60 66
20 54 89
21 61 99
13 34 38
17 60 11
19 33 11
31 57 23
48 62 10
29 49 64
25 48 44
33 55 74
28 29 25
5 18 98
38 47 60
20 21 40
45 48 60
37 50 78
14 48 56
18 53 48
3 37 12
38 61 89
29 59 6
23 30 61
27 33 67
38 41 19
37 43 11
3 19 21
8 12 20
25 30 63
9 18 8
10 13 73
25 52 23
30 36 14
28 32 48
12 38 77
28 47 23
41 44 4
35 37 85
1 61 51
1 20 48
6 44 55
18 50 81
30 50 91
32 38 25
7 38 10
32 55 84
36 47 75
6 58 92
8 42 1
14 47 100
43 62 71
36 39 19
8 50 43
3 34 15
8 20 71
37 42 68
5 8 3
35 52 97
44 46 82
2 3 31
3 32 13
30 38 63
29 30 24
23 48 30
20 29 10
45 62 85
15 27 18
41 54 58
13 56 10
7 11 48
22 29 54
22 53 100
15 17 57
16 27 45
19 62 29
2 7 96
28 46 19
53 56 92
12 18 20
17 36 20
12 31 10
6 34 14
11 52 28
44 45 85
2 47 12
36 50 39
49 54 63
30 33 94
4 46 51
36 62 47
2 43 2
19 55 7
44 57 56
20 41 41
7 37 81
35 40 54
1 22 57
13 55 20
20 58 18
50 58 33
18 33 87
31 45 14
39 40 29
16 57 29
28 38 91
52 61 63
11 42 38
14 56 46
26 52 77
36 38 51
17 40 45
13 25 64
32 62 76
46 62 9
7 33 16
11 35 68
1 41 70
20 50 12
58 60 51
11 16 1
36 53 7
45 46 66
24 31 74
27 35 99
20 49 3
22 59 64
13 39 85
30 58 64
14 28 58
12 56 64
14 52 12
2 4 19
3 49 29
2 40 22
11 47 82
46 53 70
33 54 94
18 42 81
21 28 72
4 48 36
54 61 58
51 56 17
15 29 17
3 57 78
7 40 70
33 41 38
7 15 28
22 61 97
15 37 70
37 62 68
42 59 69
5 52 32
45 53 50
51 61 4
11 33 22
51 52 35
57 60 71
55 61 86
7 43 73
4 47 21
19 21 56
41 53 68
7 58 84
33 35 92
15 52 27
33 48 2
8 23 32
45 56 80
9 58 69
12 46 46
28 60 58
4 38 65
19 32 7
39 55 88
9 46 36
14 58 67
1 32 9
3 54 35
16 42 44
14 34 97
52 58 74
31 47 30
11 41 78
17 52 38
37 41 92
4 21 81
23 55 52
17 37 99
16 20 35
27 32 82
9 27 88
4 36 43
12 48 90
17 33 90
9 31 84
32 57 96
27 44 73
20 48 14
4 45 32
17 46 75
34 37 6
18 56 52
4 39 37
18 24 12
6 51 62
18 28 33
42 47 9
30 48 58
7 42 93
13 42 48
1 11 28
30 54 81
22 33 8
31 48 60
24 47 95
6 33 83
21 58 87
3 29 18
46 56 92
16 59 58
16 49 36
56 61 20
27 61 43
30 62 46
49 62 73
25 51 14
5 30 99
16 52 41
12 52 19
19 54 78
33 51 1
50 62 37
50 52 98
24 40 60
17 51 48
1 36 69
28 44 24
35 58 28
20 36 77
14 40 78
16 62 40
54 58 63
5 23 85
11 59 68
12 39 35
12 28 50
33 37 79
2 54 35
39 42 38
42 58 6
5 17 67
43 59 57
6 27 52
7 18 52
23 44 53
5 44 48
12 17 9
8 61 57
34 53 20
24 60 93
2 6 69
14 41 73
18 36 63
16 22 18
3 30 93
19 22 54
20 34 4
6 20 22
3 47 25
11 19 61
6 46 89
26 30 64
6 25 74
24 37 37
43 51 69
18 32 4
8 55 76
26 49 82
3 31 75
6 41 95
9 14 47
4 17 8
21 36 67
15 34 66
36 40 10
5 40 18
18 29 3
35 61 3
8 28 5
26 59 15
32 51 24
22 36 78
32 56 73
12 50 22
4 59 78
1 28 59
7 49 69
27 41 43
17 54 8
48 54 1
41 51 59
1 56 67
1 26 55
20 59 92
40 42 59
29 62 93
29 54 20
31 62 49
23 24 27
41 56 33
41 45 57
48 53 86
24 34 63
21 30 75
35 36 27
17 30 52
10 48 70
25 54 91
21 57 22
43 58 88
10 62 73
6 17 8
29 42 7
30 37 46
15 28 3
26 29 87
6 18 50
16 34 87
44 53 39
18 59 45
43 49 6
23 34 55
4 35 91
9 20 46
17 50 40
17 25 97
60 61 46
35 59 21
20 40 2
40 45 40
4 9 64
5 43 14
9 56 70
44 54 71
24 55 13
24 32 83
3 24 22
40 53 74
5 13 14
37 44 54
36 49 2
6 11 33
32 61 80
4 44 57
4 34 58
11 57 44
3 18 17
30 35 12
12 47 33
25 43 58
35 55 24
29 34 34
46 48 81
29 37 51
42 48 98
12 26 45
37 60 49
41 60 99
17 22 100
24 48 37
26 58 32
49 56 15
37 61 13
46 52 69
30 43 92
9 28 4
49 55 23
10 31 51
23 39 60
2 26 98
20 45 21
24 35 79
1 3 89
50 59 23
31 44 61
14 54 69
10 30 96
4 41 49
45 59 28
12 37 51
33 53 29
37 49 62
21 39 30
14 62 35
41 59 44
8 11 9
35 42 38
27 42 52
9 15 61
23 57 85
10 37 96
32 52 71
6 16 85
12 30 69
43 45 53
24 39 83
6 29 34
16 45 39
12 43 13
2 20 64
5 16 93
1 52 34
2 24 7
16 35 71
9 37 4
4 49 60
39 41 48
20 53 25
7 12 8
17 39 9
1 53 46
11 15 79
4 10 31
2 25 3
41 46 64
13 36 76
19 47 37
39 58 89
24 33 20
38 43 32
25 38 92
28 59 69
25 36 77
50 56 69
31 32 89
28 62 90
34 59 42
10 28 58
12 35 88
16 33 74
9 57 44
21 34 26
14 37 77
3 5 62
3 62 95
23 61 27
19 46 91
48 59 44
17 44 82
29 31 17
8 15 8
5 48 13
10 60 8
26 47 48
22 37 40
26 53 58
13 44 35
48 60 84
26 31 17
4 61 61
11 55 84
7 22 61
3 61 67
2 49 62
22 48 11
47 57 73
27 62 38
12 62 74
3 33 64
5 37 6
40 57 83
47 62 36
36 37 11
22 35 35
16 56 10
24 44 86
28 48 38
12 41 14
20 47 31
8 54 97
17 62 30
44 48 99
22 26 42
2 42 10
22 40 95
8 48 75
12 22 58
6 24 78
13 43 81
16 50 48
37 55 47
38 50 3
4 32 100
2 51 6
14 33 77
9 26 10
46 51 74
23 36 37
34 57 40
24 25 78
14 53 19
29 53 88
43 61 89
9 50 61
27 28 49
6 40 3
44 52 33
18 39 41
54 59 69
23 33 9
29 35 56
35 49 100
1 17 3
11 28 35
9 22 27
37 51 98
7 31 98
7 24 35
18 30 69
29 36 56
18 61 71
8 29 70
6 31 13
37 48 83
16 46 60
2 52 39
10 35 26
33 40 31
8 43 82
2 39 48
20 46 52
17 19 1
4 43 71
41 62 33
23 59 63
45 61 55
5 47 13
35 46 41
54 60 70
33 44 75
23 28 30
11 12 96
46 57 78
19 60 82
2 12 1
5 32 32
33 61 52
35 57 94
20 35 56
1 57 78
14 32 6
30 52 56
9 52 17
29 52 100
46 58 87
2 19 68
10 49 70
15 42 41
27 50 31
23 50 80
36 48 45
2 41 39
8 44 73
6 37 34
19 44 99
48 56 36
41 55 74
2 5 24
32 60 57
25 60 78
38 60 24
16 32 87
35 53 19
9 16 69
15 59 96
11 30 53
44 58 5
5 11 7
18 37 60
23 51 6
10 61 1
35 62 21
1 40 76
15 58 63
34 60 35
11 45 31
35 51 47
22 51 67
46 55 31
39 59 20
8 25 58
14 55 20
12 27 54
48 61 54
22 54 5
18 45 95
8 47 88
22 30 70
35 41 95
6 56 31
8 22 32
12 16 29
6 54 3
33 39 7
7 57 28
24 50 53
34 46 35
2 31 90
6 55 43
8 36 16
14 21 32
11 27 65
23 27 80
45 49 64
29 56 6
2 61 4
8 16 51
15 22 9
2 53 47
17 58 59
12 61 93
38 52 37
32 59 75
19 30 52
6 32 34
25 35 9
18 34 78
30 42 36
3 41 79
40 61 63
7 14 83
32 44 97
37 56 62
18 46 13
43 54 38
17 43 50
18 23 48
8 13 84
5 41 93
20 31 96
50 57 33
13 40 41
4 62 80
7 20 97
38 45 76
20 56 77
20 24 42
12 57 58
55 58 49
6 30 15
3 14 29
16 53 87
27 53 59
6 13 48
21 49 52
51 57 38
18 38 82
15 46 25
10 46 3
5 35 42
16 58 43
20 33 45
10 22 64
15 25 41
34 48 43
10 26 6
47 52 24
1 13 48
35 50 71
14 42 31
52 55 37
27 52 39
5 7 15
25 32 1
36 46 95
3 55 60
12 36 52
37 39 24
3 9 40
53 62 31
26 38 28
39 61 35
16 44 75
27 37 36
35 60 90
6 48 14
13 32 53
18 49 47
1 39 46
11 26 17
42 61 5
31 50 23
16 39 38
3 21 71
13 57 70
30 40 69
22 42 37
15 50 37
37 57 88
30 34 86
19 40 52
50 60 19
17 24 95
33 38 73
4 29 30
15 26 45
5 46 35
14 19 44
41 49 33
4 5 63
10 21 17
4 20 5
42 57 4
26 28 46
1 43 19
1 59 35
26 37 19
3 39 69
11 36 83
43 57 76
25 46 7
3 4 54
1 4 77
23 52 28
17 55 29
27 39 90
30 31 84
31 59 85
3 51 9
45 58 38
15 44 32
32 43 35
28 52 98
22 28 42
59 61 54
50 55 61
13 47 18
1 27 26
11 37 16
12 49 100
20 32 71
25 57 52
6 9 5
20 57 81
21 62 86
15 36 63
16 31 78
38 56 71
15 49 17
19 48 35
24 30 63
24 28 99
45 57 99
20 43 59
22 60 74
40 60 54
5 56 9
8 26 8
9 43 65
16 54 80
43 48 83
8 52 100
18 27 52
43 55 48
19 39 12
44 56 13
19 45 63
19 56 85
18 51 52
15 23 46
47 56 62
29 40 15
2 13 4
26 35 69
15 55 5
53 58 85
14 51 64
1 18 75
43 53 51
20 30 2
22 55 62
10 18 53
13 22 41
40 58 41
60 62 16
15 60 35
15 20 81
8 9 31
8 59 53
7 47 92
28 30 24
5 27 18
35 54 45
14 61 19
13 58 73
10 40 74
3 22 44
16 36 26
53 61 4
26 34 72
30 57 21
23 43 52
13 46 88
53 54 85
4 33 7
5 60 79
54 56 20
30 45 7
28 49 50
33 42 36
26 55 6
4 50 76
31 53 27
5 51 99
33 47 29
41 47 30
52 54 66
20 61 30
47 53 40
31 34 2
16 25 39
44 51 12
45 47 48
4 54 14
11 39 40
24 57 98
4 40 70
44 47 5
4 31 13
24 49 36
1 2 84
29 39 40
18 44 77
23 60 77
1 24 37
10 27 1
16 60 52
7 59 85
2 62 24
14 45 46
23 38 34
43 46 45
18 55 47
1 50 69
29 45 20
25 58 65
27 58 80
9 48 51
52 53 94
13 19 99
20 39 69
6 7 27
29 60 23
42 55 76
50 54 47
14 59 8
12 59 7
10 32 35
15 48 72
55 59 66
39 52 51
3 27 56
8 39 64
13 61 37
34 40 26
15 51 69
11 40 97
4 12 74
39 48 73
11 48 70
28 50 71
13 17 47
8 46 83
49 59 33
5 10 47
47 49 1
13 38 47
25 34 92
28 61 46
42 62 95
13 45 23
8 49 14
13 16 61
3 8 95
37 54 49
26 40 67
5 31 54
23 46 11
8 56 87
15 39 25
7 48 59
14 16 75
4 58 40
4 16 22
9 61 66
19 51 66
33 34 90
3 58 34
23 31 11
17 20 5
4 56 14
12 14 93
8 40 11
7 19 1
19 31 23
12 44 18
25 53 20
22 39 89
52 60 72
10 24 86
7 45 45
32 46 88
23 40 42
56 59 81
29 50 25
17 32 19
15 53 44
28 58 64
6 14 44
21 23 88
29 43 14
22 56 5
3 11 93
11 49 64
15 62 82
37 40 54
9 47 96
6 28 99
37 45 17
40 46 74
29 33 28
23 252
11 17 25
13 16 66
22 23 44
2 20 1
3 19 17
12 15 35
1 19 89
2 5 71
8 12 10
7 18 2
7 15 95
13 17 12
3 20 92
7 11 24
10 21 63
3 7 80
2 3 17
20 23 79
7 13 4
12 13 88
4 19 67
3 13 16
10 20 88
18 23 34
8 15 50
9 14 69
9 13 27
2 21 81
9 11 89
11 16 11
6 10 6
7 8 50
10 16 55
17 18 45
6 21 33
6 20 44
8 21 17
11 12 29
5 14 48
20 21 57
13 19 99
16 19 59
8 20 24
2 17 80
9 16 39
3 11 84
3 4 93
11 23 25
6 15 49
14 22 3
13 22 75
4 12 56
4 14 52
12 22 26
9 21 80
19 22 33
3 23 79
6 14 65
1 5 97
1 12 70
16 23 8
4 13 49
15 23 9
7 10 68
2 6 29
14 23 11
3 9 74
6 9 65
14 21 66
1 13 16
3 12 25
9 23 5
3 15 78
4 5 72
5 8 61
9 10 66
14 19 72
15 17 46
1 20 17
4 17 28
5 15 7
5 13 61
15 21 60
7 14 13
20 22 11
6 17 60
18 20 89
6 12 14
15 18 21
4 20 87
10 19 11
1 23 33
1 9 61
16 22 66
5 9 100
8 16 32
10 17 53
1 22 64
8 10 52
5 21 34
8 23 9
5 10 77
12 21 93
8 13 54
4 23 83
14 17 49
4 11 68
6 16 91
11 14 98
10 12 60
12 14 18
3 10 74
8 18 34
13 23 100
9 19 91
9 15 42
3 22 29
4 16 41
7 21 8
4 8 73
7 20 59
11 21 5
2 11 57
12 23 73
6 23 7
17 21 48
9 20 13
1 21 68
4 10 25
9 22 7
13 14 65
3 6 62
6 11 8
10 15 76
14 16 37
1 2 76
3 17 4
1 16 5
2 7 87
19 20 30
16 20 34
10 11 54
7 12 81
2 22 87
12 19 100
11 19 78
7 22 97
8 19 36
18 22 61
6 22 52
3 5 100
9 18 17
11 15 72
8 17 36
2 19 50
19 23 89
15 16 6
1 8 61
4 9 86
4 21 82
1 7 74
10 23 54
9 17 27
11 13 20
3 16 16
14 20 18
11 18 76
1 10 83
21 22 47
5 16 91
4 7 96
13 15 42
1 6 50
8 22 71
5 6 71
4 18 49
13 18 76
7 23 19
15 19 84
4 6 38
13 20 22
2 12 47
18 21 10
2 15 59
5 18 45
4 15 36
5 22 40
3 21 53
10 14 86
14 15 57
2 14 4
19 21 80
21 23 27
2 10 64
7 17 31
6 7 81
12 16 78
12 17 67
5 11 93
7 16 79
18 19 39
3 8 22
5 20 6
5 7 85
7 19 92
8 9 34
5 12 4
10 22 52
1 3 47
2 23 90
7 9 77
17 22 6
3 14 96
3 18 67
9 12 58
1 14 32
1 11 14
17 23 37
1 17 64
16 18 23
5 23 42
11 20 71
16 17 47
5 19 69
2 4 39
8 11 45
1 4 78
15 20 16
15 22 2
10 18 48
2 16 53
17 19 50
2 18 87
4 22 85
14 18 44
6 13 55
12 18 75
17 20 61
2 8 4
5 17 9
6 18 71
10 13 32
11 22 54
16 21 59
6 19 62
8 14 81
2 13 9
12 20 75
2 9 67
6 8 17
13 21 57
1 18 48
13 40
6 9 33
5 6 76
7 13 40
5 9 64
2 4 21
6 13 68
5 10 33
1 13 84
4 10 25
11 12 49
6 7 48
3 5 15
5 12 66
2 6 54
2 13 42
5 11 35
5 8 31
4 6 35
1 8 90
5 7 45
1 11 91
9 10 11
4 9 35
3 12 35
1 12 92
3 11 51
10 11 11
1 10 4
1 5 24
3 6 4
3 9 29
4 8 90
9 12 78
11 13 24
4 5 72
12 13 37
4 11 25
3 13 88
4 7 39
9 13 69
94 1894
7 37 68
27 76 97
43 80 95
46 79 86
66 88 95
7 72 81
8 73 4
33 71 33
7 78 22
32 58 47
63 77 76
26 57 30
15 61 18
74 84 77
4 70 44
8 16 7
30 88 88
8 63 66
34 67 32
10 20 26
75 94 21
33 79 19
81 83 3
32 77 65
9 14 34
66 71 77
19 38 47
65 86 84
5 65 59
67 83 52
10 48 88
56 76 36
59 65 73
15 41 9
39 63 16
30 63 4
39 46 22
31 68 81
15 69 75
39 41 24
12 26 22
54 58 35
33 44 51
5 77 92
55 61 3
10 33 16
47 50 59
63 74 52
24 56 44
41 74 71
2 24 46
1 46 43
78 85 91
29 85 49
78 84 6
21 69 7
78 82 65
4 90 15
20 84 83
36 42 10
68 91 58
19 79 61
62 68 4
70 74 72
59 77 16
54 94 36
19 47 51
73 93 93
10 50 39
27 94 1
52 70 63
27 91 6
45 73 28
16 42 67
13 16 36
17 43 49
36 88 21
61 93 49
54 91 67
7 71 31
25 59 16
20 53 75
47 59 78
31 92 61
55 94 49
56 63 57
68 79 37
14 48 58
19 23 54
9 38 75
5 22 5
59 84 69
30 84 5
14 91 61
7 13 99
57 92 26
47 69 83
24 94 70
1 52 59
34 80 49
14 39 40
44 76 83
49 93 61
17 61 54
72 79 11
10 38 8
6 33 62
3 53 93
21 42 13
12 57 94
14 68 12
18 33 32
49 63 100
8 17 21
51 54 67
28 42 3
7 47 28
39 83 5
39 49 61
24 44 99
11 41 75
14 69 25
26 87 98
60 94 79
33 55 61
39 57 43
27 59 91
47 82 3
16 83 39
31 66 60
4 72 89
39 45 74
88 89 46
16 89 74
27 45 45
28 91 6
8 48 6
13 63 92
37 84 91
33 80 37
13 90 50
78 87 90
4 30 94
6 60 59
60 88 21
2 78 20
24 88 37
3 11 1
22 66 40
35 70 46
1 87 26
44 46 53
39 80 71
2 91 18
17 52 78
9 69 19
8 40 26
34 47 51
58 72 62
22 85 20
12 34 81
77 85 1
57 89 71
22 35 8
8 87 59
67 85 30
30 66 36
9 33 21
35 68 25
41 66 68
14 88 57
10 85 86
16 50 100
72 86 10
45 94 23
11 14 52
5 89 81
20 77 71
49 88 42
30 64 37
42 94 84
4 10 60
1 38 92
17 60 56
32 74 12
1 2 25
36 62 23
81 85 38
25 61 76
4 40 89
42 59 49
53 81 69
44 83 36
19 69 87
36 57 53
28 76 24
86 88 53
24 34 63
62 78 14
17 53 2
3 84 78
22 25 7
40 77 51
81 94 92
85 94 94
64 78 58
21 80 93
5 79 89
1 84 26
49 61 96
32 40 54
43 44 62
2 34 66
27 49 26
46 77 78
38 81 6
53 66 48
42 49 74
35 42 49
36 66 44
7 81 13
32 75 2
5 93 53
11 43 93
35 57 93
26 52 29
25 72 84
71 74 11
7 10 50
15 21 91
42 58 5
7 68 85
41 63 4
42 46 80
58 60 56
6 12 45
17 82 72
19 32 4
18 72 45
2 55 23
11 37 80
42 47 91
30 87 72
30 92 50
2 46 87
52 88 69
48 82 76
9 45 46
42 60 32
67 88 89
37 88 89
26 85 44
13 57 81
7 43 20
9 84 83
76 80 23
70 77 55
50 55 94
38 44 12
11 61 83
51 87 98
44 80 57
20 81 42
1 86 30
32 60 86
57 84 3
41 67 43
46 94 78
70 85 93
49 55 28
4 25 86
2 60 98
33 70 65
20 31 77
24 30 88
15 50 48
27 43 79
44 74 44
4 84 42
4 18 34
21 83 37
38 77 82
19 59 50
23 59 62
59 75 26
35 55 66
13 23 96
25 27 38
30 44 14
31 72 25
18 59 41
39 79 79
51 79 81
16 59 32
80 85 17
11 16 71
38 74 11
66 75 34
23 92 13
14 46 24
15 66 89
16 31 71
37 67 50
45 46 40
3 22 24
58 63 8
35 78 8
37 89 82
41 60 40
53 87 5
22 93 18
22 87 83
43 81 67
21 37 100
9 59 6
43 94 57
20 23 25
17 40 94
11 32 74
25 29 53
6 93 55
40 46 61
15 68 54
51 82 18
65 84 49
43 91 83
40 47 45
22 30 81
24 26 29
5 71 82
22 40 97
57 88 61
38 62 72
37 48 59
12 91 30
23 25 3
16 79 37
17 32 10
12 44 82
11 51 70
7 30 99
12 72 15
85 90 32
34 79 29
39 81 82
18 63 76
38 65 90
40 70 25
23 84 28
58 84 20
41 86 86
19 71 61
69 73 58
64 71 90
10 64 71
61 76 20
35 44 90
11 74 82
60 87 36
53 91 45
1 5 84
9 21 80
56 92 9
36 39 84
62 83 97
15 31 99
5 85 10
12 46 91
60 79 40
25 62 56
39 82 8
39 94 6
20 51 41
20 70 74
6 87 25
30 41 71
19 41 32
12 14 16
39 50 17
39 59 70
7 82 66
36 64 44
34 93 55
29 76 67
63 70 59
32 44 39
11 71 11
16 61 63
10 72 100
19 49 89
27 54 78
23 29 48
43 59 63
28 73 38
70 82 39
24 27 78
59 79 70
82 90 26
24 35 81
35 62 89
19 89 13
36 68 70
43 73 2
2 26 40
28 50 60
18 93 8
7 90 95
1 83 18
86 91 48
2 86 11
51 86 12
9 70 72
36 47 50
65 88 55
17 42 96
81 82 34
3 5 21
11 34 68
13 49 72
27 41 80
24 36 42
28 53 51
48 70 84
54 92 61
20 86 4
64 74 78
33 64 20
10 63 14
51 77 83
30 70 49
71 81 48
31 56 51
66 85 65
61 90 77
65 85 12
5 25 1
31 81 74
16 49 14
56 61 97
42 53 35
61 65 76
84 91 84
14 93 36
28 43 39
13 55 94
3 58 43
71 72 25
13 65 36
60 86 80
65 78 50
10 53 46
20 64 66
39 44 32
41 43 18
47 76 7
25 26 91
35 53 8
37 81 29
36 85 41
37 58 20
57 73 40
65 66 100
9 77 65
12 33 85
78 83 55
45 77 49
33 93 63
53 62 43
1 71 49
27 63 8
11 55 33
9 81 18
26 73 38
46 68 91
70 80 21
13 94 57
13 32 11
2 3 37
51 93 37
15 64 13
23 46 70
28 89 31
39 87 65
37 54 34
31 46 60
40 93 93
21 32 27
10 34 57
15 59 97
9 11 38
13 39 85
6 63 8
70 79 4
90 91 33
23 77 41
23 58 58
32 82 82
2 50 18
20 57 47
50 80 25
20 80 31
4 87 29
16 60 57
67 86 36
24 54 18
2 41 98
14 73 99
17 81 13
25 66 49
11 91 38
30 76 62
54 83 29
58 68 94
60 82 44
61 83 39
23 81 80
29 53 54
33 38 59
7 84 9
24 31 85
42 50 34
12 18 69
19 40 86
28 46 76
39 62 96
9 16 68
15 42 55
81 93 88
10 37 51
12 48 10
5 76 32
20 65 41
27 86 91
15 17 35
51 53 55
8 70 50
13 44 27
29 47 30
66 79 32
34 71 73
42 70 85
18 29 95
26 33 34
38 51 18
2 40 27
14 45 41
77 79 12
63 92 88
43 46 67
21 67 37
51 58 28
35 93 83
65 77 15
7 83 81
36 51 38
17 88 13
22 50 88
1 68 98
15 35 85
70 90 58
2 85 25
33 77 73
21 82 10
5 33 43
63 84 6
10 32 98
65 83 24
40 66 77
76 90 35
19 91 73
32 71 44
55 77 39
5 9 43
13 68 97
60 75 27
18 38 15
10 70 36
44 67 22
2 28 3
29 37 98
14 79 67
14 65 23
20 63 76
9 88 36
3 33 64
32 94 17
46 74 55
8 25 20
1 33 86
57 67 26
70 88 9
73 86 79
25 35 86
8 60 23
37 61 4
69 75 81
18 54 5
43 71 48
28 83 89
22 52 15
23 57 46
37 68 3
8 43 96
46 65 81
25 45 86
17 28 35
16 47 32
34 60 40
6 89 55
63 69 34
40 94 32
22 73 90
59 70 76
65 87 63
15 39 47
48 92 91
32 92 62
5 63 38
38 41 92
53 79 76
54 75 79
34 62 32
17 87 89
28 74 51
33 67 44
72 82 22
18 69 13
26 75 30
31 44 51
59 93 39
8 41 37
14 49 79
10 92 100
4 93 40
15 51 21
62 80 98
36 86 73
55 89 34
13 56 80
7 94 10
33 65 14
16 34 92
32 67 23
13 30 46
82 86 54
59 89 5
26 39 83
37 85 21
14 31 80
24 53 43
22 31 97
27 28 37
4 55 11
46 49 69
81 88 79
9 78 37
37 83 21
45 85 44
71 83 72
37 71 50
12 62 3
15 73 95
43 93 81
5 80 70
41 68 25
7 19 22
71 76 33
8 31 46
34 43 18
18 27 20
22 46 23
21 23 48
75 84 79
39 71 32
47 60 64
22 37 12
16 70 95
16 76 98
31 84 69
63 81 67
28 94 77
61 85 56
67 69 19
33 46 3
31 93 46
34 57 67
54 64 77
31 52 36
39 47 1
6 46 29
44 55 14
57 79 55
21 49 83
12 64 2
37 72 45
21 46 84
73 77 58
51 66 86
15 46 22
25 42 11
11 39 98
3 18 47
12 67 48
19 65 93
2 15 4
5 42 52
37 50 7
8 39 37
4 20 40
2 14 76
35 85 1
52 93 67
79 83 86
12 49 28
3 88 63
71 73 30
45 84 68
66 94 99
3 38 46
38 69 60
44 90 26
4 89 12
62 75 63
20 41 96
54 89 31
49 67 95
16 18 95
2 71 92
73 84 74
55 60 69
13 92 67
81 91 89
72 76 6
18 79 47
76 77 7
93 94 25
61 78 39
21 61 14
50 88 77
9 75 29
1 78 91
8 71 10
15 62 10
1 10 43
15 91 76
30 59 55
47 52 34
78 86 20
26 28 72
3 60 2
51 64 8
44 94 44
11 27 75
28 47 91
19 50 76
36 48 1
7 70 7
63 73 94
23 48 96
9 35 51
12 50 8
33 84 46
43 88 6
33 91 73
15 44 15
25 92 14
41 82 23
8 86 71
60 70 95
40 57 33
52 80 84
55 62 14
1 55 92
56 68 3
62 65 68
6 83 4
24 84 63
14 21 9
43 55 33
62 82 49
9 18 27
39 93 39
44 89 47
13 28 96
24 60 71
9 83 91
14 59 61
23 42 48
3 71 60
29 83 72
5 14 99
21 85 94
62 88 71
32 85 11
25 87 64
65 75 86
64 84 38
45 61 85
13 80 63
27 79 69
24 33 3
22 54 20
4 75 31
7 33 11
10 93 55
66 93 86
44 47 55
55 84 41
55 90 86
15 16 44
39 92 56
72 91 57
47 71 51
65 73 63
46 76 26
36 78 15
70 89 31
13 48 34
40 69 49
74 90 64
19 44 13
71 90 88
26 36 53
23 87 74
60 92 71
29 72 61
82 92 36
73 85 35
87 91 63
62 91 89
53 64 7
23 64 60
43 87 43
57 63 6
58 92 78
58 90 65
1 34 56
6 35 44
7 14 10
43 82 29
85 89 4
17 41 48
35 41 39
12 81 38
8 94 77
25 32 68
60 63 88
75 83 69
51 88 55
2 73 60
12 47 22
43 67 90
41 71 82
16 51 58
3 50 24
8 11 5
66 67 40
13 53 63
78 81 68
46 89 5
87 90 6
6 9 51
34 65 19
9 74 38
74 76 73
40 55 80
44 69 33
25 75 62
11 72 69
41 93 65
27 69 78
24 73 41
68 71 23
39 55 27
6 57 30
69 81 40
14 70 26
67 93 42
7 29 21
23 24 71
12 93 36
65 71 79
68 86 4
2 16 46
18 58 62
8 15 33
10 86 83
68 72 2
10 78 72
6 21 18
86 87 16
2 5 12
32 93 28
52 90 23
64 87 77
9 76 99
6 30 55
62 72 2
41 46 11
50 77 31
88 94 87
6 18 81
24 39 38
16 22 28
14 63 60
39 77 91
41 50 17
54 71 85
11 75 60
24 51 48
23 60 84
15 57 25
34 49 78
24 71 17
31 89 86
53 78 64
10 94 42
42 65 58
5 53 39
2 20 54
72 78 16
16 54 73
15 45 83
56 62 21
27 53 71
1 28 29
6 14 5
27 50 59
13 88 31
16 80 13
5 13 99
13 54 80
55 83 55
2 9 66
29 56 95
16 44 58
54 62 45
24 48 58
24 92 39
32 50 33
21 45 99
5 6 89
61 62 87
56 69 85
29 78 97
25 39 87
3 13 18
51 56 65
41 57 30
22 90 33
17 72 97
34 94 100
11 21 66
26 41 67
25 54 2
25 44 82
23 53 69
66 77 28
8 82 96
11 40 12
57 91 13
25 82 24
6 94 3
25 28 61
87 94 66
66 84 74
5 44 53
11 85 33
51 91 57
4 77 35
16 28 56
6 55 60
54 76 81
50 56 40
10 75 76
10 39 53
8 65 58
33 94 83
11 77 57
24 42 58
26 82 31
49 51 97
18 28 34
24 87 47
3 21 12
2 21 7
10 28 46
78 79 11
23 75 35
12 31 64
64 65 44
78 89 55
14 42 14
48 94 62
14 67 53
5 81 20
4 81 5
28 57 14
13 81 93
39 86 32
32 42 93
8 76 81
45 83 39
58 61 14
89 93 25
7 75 48
58 59 66
37 79 91
13 38 14
65 68 97
29 63 20
20 33 29
37 75 20
18 51 9
18 91 4
6 70 10
10 21 66
65 92 22
24 61 88
17 36 58
21 92 24
58 75 35
3 14 67
35 49 19
15 75 58
57 75 25
44 66 61
23 35 34
20 26 85
41 84 11
12 88 42
37 46 46
4 32 60
27 92 73
24 68 20
82 91 65
4 67 14
27 52 75
12 23 7
56 67 8
45 72 10
69 82 91
11 69 41
44 64 53
2 64 11
57 74 25
21 64 23
9 89 5
47 57 63
17 91 43
55 87 58
30 68 89
56 82 67
42 44 32
18 21 34
9 26 7
9 23 88
19 52 80
79 82 1
42 73 100
4 15 99
29 66 28
13 61 38
3 79 40
42 71 78
44 48 41
3 68 85
16 40 94
9 27 84
19 29 17
19 90 53
48 93 72
66 89 59
28 40 36
8 37 2
34 36 73
13 50 68
27 37 91
38 59 46
38 92 91
51 70 10
46 50 29
47 80 47
28 54 30
3 15 29
13 72 81
40 64 28
26 44 78
33 83 18
21 27 46
38 75 18
49 71 1
9 86 78
27 51 55
32 66 43
53 89 98
56 81 50
42 76 99
25 46 12
13 78 39
53 56 83
34 85 79
32 62 41
14 66 19
80 89 24
67 79 32
2 4 74
35 84 99
26 76 70
38 63 36
44 78 41
7 55 47
54 73 94
19 83 51
1 80 29
58 91 64
85 93 55
14 80 48
72 84 80
90 92 16
39 54 57
29 32 48
2 19 40
35 94 44
9 93 38
23 78 91
11 23 19
24 80 55
70 91 4
1 32 74
6 24 76
86 94 1
2 31 35
36 90 41
70 92 77
26 45 68
35 38 18
26 58 42
48 58 34
55 78 90
11 59 42
35 67 92
18 26 72
41 78 8
2 79 27
25 71 31
25 40 47
46 57 82
5 8 57
70 84 36
54 81 85
8 34 45
81 86 54
51 80 3
25 91 46
19 82 40
39 72 50
62 76 86
17 19 63
46 67 69
22 38 16
46 51 77
9 73 57
49 70 54
56 87 58
34 82 19
49 54 24
39 76 17
20 66 10
24 74 72
5 10 82
48 63 13
6 72 63
35 87 74
52 75 66
17 48 32
23 93 82
84 85 60
41 65 97
61 89 28
37 65 41
42 52 52
27 35 31
43 85 85
37 41 76
18 48 42
42 74 38
43 75 13
17 29 79
72 88 90
5 30 97
71 92 33
1 64 64
49 74 89
23 79 48
51 84 74
12 15 69
31 43 6
4 92 48
9 31 32
21 26 16
12 87 86
69 85 55
18 74 10
5 91 97
57 77 77
76 78 72
11 63 61
71 80 26
8 91 59
74 94 24
38 85 93
14 53 40
40 49 51
32 41 24
31 47 53
20 35 95
18 22 13
44 59 69
30 93 69
17 59 66
19 45 83
62 63 32
30 85 65
1 88 5
4 56 3
37 53 20
18 92 44
33 73 79
75 93 11
54 80 70
24 76 80
18 67 29
28 59 70
11 49 46
79 87 14
15 27 44
60 77 30
19 57 92
30 91 85
7 49 66
84 93 84
19 30 44
2 23 8
53 75 38
12 13 84
19 56 54
35 83 81
31 86 11
21 71 12
1 77 70
3 46 64
12 65 11
28 71 31
37 51 64
76 94 15
5 39 38
57 85 29
68 82 83
2 35 60
24 69 6
5 48 95
62 77 4
47 86 39
46 62 25
71 86 2
32 63 7
6 49 59
61 73 19
1 12 1
5 67 90
25 33 29
11 57 13
61 67 85
22 28 49
48 53 26
30 72 46
77 81 27
10 61 89
43 58 56
29 94 31
23 51 52
8 35 59
24 64 45
2 59 35
30 39 66
1 45 29
64 76 99
23 82 5
49 90 35
41 92 63
10 77 72
50 84 23
55 64 9
21 56 16
43 76 46
4 53 34
55 71 10
29 42 7
21 66 19
86 92 43
15 77 2
7 9 15
22 77 91
7 63 78
12 58 51
1 41 96
30 89 85
13 36 12
60 80 48
54 86 17
30 36 55
1 11 38
44 62 8
46 48 59
3 31 21
2 44 72
18 88 76
5 88 28
67 75 95
7 17 27
12 37 79
1 3 62
70 78 86
75 77 18
26 65 62
69 80 81
26 63 38
30 51 93
29 88 54
53 71 32
3 34 58
13 73 70
58 66 42
26 30 41
8 32 97
10 31 49
39 68 47
48 88 43
74 93 7
8 75 73
22 62 1
15 74 30
31 71 59
46 84 84
29 54 87
15 34 34
58 67 48
67 78 55
36 61 62
45 82 15
7 50 78
17 80 29
41 85 84
36 92 68
26 55 30
13 59 70
18 43 72
44 79 26
9 61 26
81 92 66
30 75 71
6 8 9
3 36 80
54 70 85
43 64 20
9 34 1
57 83 54
38 53 24
38 57 32
29 93 29
51 63 94
82 88 69
40 68 43
1 39 17
68 73 57
4 66 17
6 29 61
28 60 100
25 52 93
12 85 71
5 75 88
9 60 72
25 85 53
51 68 49
27 36 37
36 55 89
33 58 9
61 82 90
34 92 36
58 81 12
53 70 26
2 36 72
51 71 18
12 53 86
16 39 95
24 86 46
1 44 87
12 32 10
50 57 50
24 83 38
8 83 52
50 67 57
55 86 89
2 94 39
13 85 22
52 87 88
10 36 4
24 25 95
67 94 58
6 85 44
8 42 47
4 78 51
33 42 78
35 43 11
25 53 33
14 58 19
41 90 14
24 57 68
27 42 74
5 86 17
12 74 11
74 75 19
37 59 4
22 58 61
21 78 26
8 90 81
12 56 94
4 34 2
57 68 88
10 18 84
80 92 70
19 39 2
85 87 10
10 84 48
2 48 73
35 72 99
21 88 83
21 43 50
36 82 61
64 67 22
61 81 47
34 61 1
26 42 9
9 49 66
26 48 71
55 81 68
22 61 20
11 19 25
45 64 19
58 86 62
49 77 67
41 55 92
5 40 7
50 81 21
2 75 19
53 72 14
30 48 15
77 84 6
30 90 44
33 40 25
5 23 94
25 51 44
1 31 4
80 93 11
5 49 74
17 58 99
12 27 32
79 92 12
17 67 28
32 91 33
53 61 26
72 90 37
1 58 58
31 34 21
35 77 71
25 56 65
31 57 1
75 80 86
56 93 91
8 14 54
3 27 40
38 67 46
23 89 66
29 90 42
29 74 79
3 66 80
36 50 63
9 82 33
19 62 89
13 87 87
61 94 72
55 59 55
34 63 97
7 51 40
38 43 19
46 73 58
41 45 56
4 64 33
56 74 1
32 36 94
65 70 66
9 66 53
8 54 31
12 89 66
20 34 22
37 49 11
25 31 23
51 90 44
45 93 40
44 70 87
4 94 77
2 7 82
49 72 25
13 58 85
7 38 58
1 37 10
3 83 80
59 60 47
43 65 45
28 69 78
31 69 85
1 67 100
75 89 77
7 52 58
6 67 22
19 85 87
24 38 69
77 92 95
3 23 35
25 50 84
1 89 33
15 79 72
39 58 46
62 94 32
44 71 7
50 69 67
13 24 68
14 44 87
17 78 79
59 81 13
4 12 69
55 75 14
3 67 9
28 93 43
25 57 89
25 36 53
14 56 2
4 29 27
16 77 26
39 90 86
31 38 1
6 45 98
14 20 20
1 43 8
14 33 31
80 91 34
28 84 14
17 79 38
48 90 65
35 45 95
22 75 7
19 64 71
48 85 51
18 81 15
25 78 14
7 11 55
28 45 40
19 80 49
83 90 32
16 91 72
7 58 100
62 64 81
50 58 75
42 48 86
4 69 81
6 32 12
10 24 59
11 94 12
72 92 32
59 71 80
8 92 11
84 87 47
33 85 51
27 70 51
61 72 28
48 52 6
32 83 99
54 72 8
40 42 77
6 38 61
6 86 76
44 77 46
33 49 94
46 47 34
35 63 74
26 79 46
11 93 66
50 92 25
1 21 26
12 84 83
78 94 15
34 73 16
5 21 89
42 69 11
18 30 100
5 37 15
44 63 29
10 79 70
52 91 69
36 40 96
20 56 85
26 37 38
31 40 95
21 28 4
69 93 96
25 67 7
12 70 38
10 15 72
24 81 87
10 25 26
81 84 40
4 5 16
5 90 19
37 94 51
31 60 38
3 52 33
69 91 79
15 71 79
23 41 64
45 88 26
16 53 4
42 79 86
23 83 13
78 88 54
11 83 65
71 82 44
32 87 93
16 43 20
31 42 89
40 67 39
34 37 76
66 73 54
40 86 92
29 43 74
3 93 71
48 79 68
3 42 16
51 55 76
79 88 40
8 22 53
8 50 10
15 90 25
12 92 84
28 32 88
14 35 29
43 49 58
1 14 80
16 71 2
2 61 1
15 94 86
43 54 9
33 37 6
24 77 38
63 67 72
49 75 44
59 72 34
22 89 63
49 65 16
74 81 23
69 84 32
38 50 44
20 85 84
42 86 5
35 39 15
4 6 87
36 81 80
47 75 88
19 70 54
41 75 26
59 78 4
10 43 27
61 79 95
41 52 83
7 86 69
10 19 10
58 64 28
89 90 60
25 68 68
15 53 44
31 90 70
40 74 69
39 56 49
68 70 8
20 50 97
9 13 100
5 35 26
7 32 97
30 77 24
26 38 70
65 81 72
16 81 90
19 43 97
25 55 8
15 33 43
9 20 82
24 65 44
69 77 38
63 64 99
8 79 64
57 90 26
54 84 13
30 82 81
21 57 22
25 89 74
57 78 48
5 66 63
70 75 61
8 30 50
63 78 62
8 68 79
14 41 9
19 92 70
64 81 99
39 42 17
11 53 9
31 78 73
68 78 1
30 67 83
1 81 56
1 62 76
4 33 93
75 85 80
64 85 5
13 45 70
12 28 57
33 86 5
48 64 13
68 94 43
20 94 71
21 36 6
45 91 41
6 44 4
20 67 44
11 92 34
13 47 84
55 72 88
2 56 12
1 40 45
28 85 37
2 42 23
64 93 5
19 66 2
13 62 69
52 63 59
67 90 27
7 85 48
66 74 33
18 83 86
30 57 19
43 66 78
13 52 95
34 88 11
27 84 43
47 78 9
11 58 50
2 62 78
52 65 97
10 16 95
37 82 44
22 91 85
70 73 60
17 51 64
13 74 11
30 60 32
14 34 16
27 56 95
61 91 99
3 55 95
80 86 89
25 84 69
21 91 88
26 64 50
16 38 12
32 84 32
24 45 85
23 90 8
30 49 66
16 82 87
20 69 17
24 85 89
62 69 73
58 73 69
26 92 53
3 70 77
47 63 3
64 88 87
21 59 54
28 79 61
15 88 8
16 65 63
31 82 54
59 94 31
29 75 66
30 31 57
47 51 35
38 61 40
45 51 51
82 84 4
71 85 23
43 89 13
77 80 35
55 92 93
58 76 37
28 87 34
59 83 49
21 79 70
2 82 91
9 32 80
75 86 100
26 80 46
51 89 32
9 68 10
36 49 35
69 70 21
20 48 58
77 90 81
40 90 57
33 76 39
9 71 44
7 26 21
23 47 37
10 74 90
57 61 7
1 29 86
67 71 96
25 94 81
59 87 76
38 76 85
12 59 59
17 56 42
56 77 22
48 57 39
17 57 17
33 66 79
1 91 2
48 49 71
5 92 31
50 63 1
31 67 95
27 82 66
66 78 36
74 85 97
72 85 65
57 71 66
34 59 89
41 42 98
7 88 71
43 78 28
21 86 95
1 51 46
64 83 84
6 88 51
7 91 9
22 63 40
38 73 53
7 23 62
34 84 19
5 43 33
32 76 53
25 63 31
43 61 45
54 74 39
32 61 2
54 63 65
14 22 24
69 88 14
17 90 4
19 22 92
43 48 8
22 51 5
4 85 91
62 66 14
74 88 18
42 66 51
30 46 13
60 89 79
53 57 7
16 85 17
23 69 36
19 34 36
22 86 52
2 90 53
66 86 75
