139
0
1
2147483647
299680915
2003645287
1030534609
236674617
777910022
684995203
1358780397
1729214126
715072518
695030971
2035504005
133264977
49764237
367021593
891024798
1292722761
866707018
111979647
2089757486
1649631951
645287968
1125367327
912264101
257839537
134279845
1743308801
893662049
1837308112
1717275556
448892032
203157048
1844650146
2105183131
927015373
2114269683
2135822001
1097611326
561453163
1860397261
1933366297
159555314
227340721
2493432
2112883726
987322195
440133195
1960316440
1251715668
1944130990
281345209
255989190
692713925
98241928
2053468111
1504282638
1268771535
2087592981
8480052
855007985
1600958963
247460545
973009891
122284004
387888711
414947755
495680172
1406146127
1501024245
644899365
1304774324
1951790607
1662703290
783429942
1501792752
1080996341
499941480
1432734232
1471586734
758219333
1384222564
1898111162
2073734413
2145019704
613699880
454425662
1530295169
483898234
1975217346
1129064828
660642640
638477996
1805386068
517111166
29700119
1784633315
1360073874
1213425666
1923447109
532099111
1988251975
387700219
1028399262
3355893
98833872
62006288
2003806393
707060414
2017120927
1818812700
1425879939
301881190
2075900089
798449836
252025018
1819380933
585414713
1549933956
700894323
910975786
640011979
775744538
587961749
1725660115
1526048305
579927321
1062966364
1759372149
1147896514
993046496
1102420182
760450234
1253605862
1803760897
1456359785
179346110
941238427
