945
0
1
2147483647
515591813
537451690
606230288
828697957
811733496
671644591
1232428333
1907851443
697866122
1775557878
951484418
725740712
208098330
45255996
1008656790
1975740474
1203601271
1772722003
1770201636
1647310261
1621294822
942125729
849965721
2058811706
650977184
2051654046
576681753
462823226
1344282961
1986437209
276429178
871535358
2112327835
1958036212
1915251655
1798472995
2110747025
287843364
1866873534
2089878038
266877500
181928882
278130771
1474697372
440376601
1436022012
771892779
1004359757
2044208025
1804385652
1064847394
185888788
269064352
2111931168
1438721733
316445873
1117012743
754174745
1283938777
1469552439
1676734491
1636878348
965440210
1072415630
1621610011
975042748
947781468
625467122
498603709
1070012029
1982290902
1701936754
727353769
1091261371
1221023186
236432754
1319679741
1078192753
920034967
547611689
1811093959
1576925875
143920543
969100836
181404302
138524964
1678226201
492986561
70078922
18935168
2120596072
1158988213
1777271399
2539796
553327778
337870215
1592034375
1266867521
453911313
1102810642
1696523965
654957052
1029487030
1593225479
535941906
1617230929
656576961
465079912
640243459
285951196
2144408602
312094478
1212055361
1742589518
870523868
1901970213
496288240
1837202414
1853272276
1218754731
1124743464
1070594069
1419123206
719462900
1952755063
838468273
2052808744
130247721
291860573
406130627
626468902
1586062788
781059791
1192113633
853904796
1997247765
148874165
2008837300
1683670367
1314905792
320828013
1410079611
1714524149
1231060029
1516876101
1706948487
581270551
210387543
790469636
108212925
1398995254
233650094
1449928290
914422295
1362573812
321485621
135497355
1917142051
1407837863
1387428532
588353440
920055682
799711193
1557297479
1398201397
1747661162
549212362
1177052637
1506068692
873092133
1632129516
1251606969
1191198329
1584252304
411261798
1156863733
1088638229
488732061
764299155
1689550586
1503106572
1237484753
733783424
11712778
379815606
980763334
824908657
1118425271
91513569
49052843
1406114140
752145512
573513549
949754815
74275692
672996315
1691487279
372315097
974568575
1586667165
2146521007
61383139
472307881
589863572
999829610
429972058
1943863215
217090678
1578708976
800884688
1778644877
961375311
1138160967
1731484011
2018447089
1574524927
508561254
1810850147
22478781
1878484410
1375164347
1471996807
895525256
759948422
295935142
1015641017
1163357214
1033167040
631208955
1537827949
1755695612
2073885335
1134855556
2039645486
1708473045
809667728
2085289341
245313818
555763215
801972736
163084054
1320463713
794836295
1460354453
982990581
585553865
251711177
1525837774
1268815281
963847469
1944283160
985382270
1094957656
1101852665
106719340
1773557325
976471274
1119164080
280240943
1934269239
1122390235
1024911975
1507177087
1894216971
1766651797
1889824071
1461033392
651426541
794008308
824959246
1916417991
35612884
32341960
769697167
1546652159
2133419532
163264598
1888577325
1209253448
897358774
26435287
587570532
1971066307
1660263235
1048059896
1511807297
606967623
1433408765
1002673497
1065772004
1721897440
2138332799
1301606414
1949674757
1275981642
1503611191
315126561
1859914093
97343098
1874741483
1594113549
1796424056
2137202198
500820529
480503621
923299738
1534299896
245930229
361555627
1321512662
1801778862
35895031
691392537
1030560072
42994173
1077477962
896163292
773068445
2032801626
1624394711
1586907955
1861614230
1314064751
1068334552
1939930836
1799025545
468793756
129954397
1621362024
1217939680
2051347060
1058544074
50748427
1735059863
73302588
562852183
952535757
2099595970
1776172399
1703856527
872255283
1646958085
1571606844
1006689489
1927583414
1970350106
1016169990
2028942802
1005029698
696672079
2043875811
1483957785
613311417
1741535749
994843422
1077316738
2034721390
2014659890
295537334
860761020
1398537131
64576224
1684582108
1802326219
1234872875
500281516
2109418873
799279494
1870628768
1872868935
454477478
237447962
1172682542
1355170809
230614833
333080709
1468768238
320510233
1060506399
2039920924
2062808940
1116646038
1645539364
73862917
443391018
1860747633
849713197
53829054
1917599771
1470916928
1844190166
1772220564
1822155560
2072030893
285691124
83824941
551099823
498052597
101918989
766180863
91765502
1301901674
519511003
608317654
272966620
1563697138
566890958
2137257298
1508251905
2096331653
901143174
738414438
1477131674
1689366450
847731548
125710811
1762980294
175337499
810226138
133498059
993721627
1763796724
934372926
1016888358
276728097
1116795784
521358844
755220016
2146495445
427178164
1934343737
1133042177
471417384
1494842218
1187802704
2088078851
1434638974
1105842480
1687710289
142499448
129920816
994516638
806253949
1855847410
1583362314
471688676
1840069836
2122775001
650420685
1428907329
1278957927
304469225
849755822
688817549
1224549166
837634481
651033301
1198397616
1960989490
753335060
1885899232
836757544
869627452
448948428
583694941
1247810440
1251422021
190592482
783097939
1282817779
1926187516
1551351607
992890810
996282789
943562051
1269105151
1746724606
15271018
355777970
1603064385
1750870400
295665701
533233683
824009048
845670933
1825000523
475679716
1917916277
2084799877
924667237
1970093528
1300867866
1465756941
19960722
1810635350
1572451744
137560286
52214018
1313542136
215374770
616135323
952209532
674187790
457929424
467576799
1389503449
663114521
1886119117
128103605
1649738374
1731675984
421029458
312100382
2104483846
1792530206
118914393
1222714511
1570275950
1510939042
953276338
1674032752
545587432
1972383533
1854009729
2126858910
1718964784
1389802440
1995312062
729363177
28322586
655294891
1799975603
163884695
1280126218
1288979399
1726092418
1615307999
44459130
1001281597
1687906205
818556783
839587704
1534690021
1903141196
1801254119
1687020581
2032267208
1349598251
842683228
872951607
626853286
34000552
397564630
1470947959
1900710001
1566257545
1588303825
281312068
1344768976
272365156
226667968
342649103
1618818461
1725967910
307413381
829668317
41242728
844201869
1324397563
2058298056
1816047089
24219054
572730477
794704510
1621842353
634760815
1793159963
1954294720
1198693202
720564494
295902140
857053669
700500275
2069132440
1527414775
419291476
16706277
1825967731
645138921
1249748493
1492921264
1377648853
1110724258
1289007649
31661327
2093646154
781121703
313074741
1906624815
1360842546
2142274162
1555951108
2143524213
687970880
238338285
1384817370
1504179445
1238038780
1292123643
1334744601
1760094971
486944578
1787978480
1668893112
1748131206
841778369
1522955027
1820470463
246626248
1277717373
102323747
76130764
222125223
1659434574
565326543
853378449
327248191
243113823
596367677
1975160147
923813726
1182031535
1559035268
1072010605
1628213255
1031016595
79512113
2012596171
1521860080
1716333618
1652626118
1613382256
741814275
1559939592
1510362678
249890288
1147468769
55442019
1326170475
1227174902
1263571034
507341801
929919425
563781055
350169078
638804497
966768520
942449310
1674316655
1223949221
1686317189
1460559478
281060405
1417005382
1692095089
1941579843
879517417
1481028584
468862329
1265524881
650534370
1494692689
573763260
1812303875
14875563
1480971423
264520400
2068043214
1376198019
1241845951
1550792766
2012456507
1675843035
1358263030
1197052418
23845160
1025562332
997068636
2120186380
1800997000
212481246
1273842012
739634113
82067166
1264187634
1265363510
717221498
59831750
754516826
1099728765
1505796099
1936483437
1823915531
1944140186
2052329246
1734876692
478486322
2059510343
127460862
1710882960
1644329900
1332429588
892658892
928740045
1994074508
879109093
522071078
1275196230
1439494809
1046989169
1012094875
1797977743
951473869
288259013
1435265072
982848972
1868275415
420404416
405700318
2042662199
567000730
657313429
1561093905
2085685917
1150224300
1537256011
1639837994
141216738
1611246552
904775232
43523326
1059392888
1337724828
2041007266
2056262742
510380268
1229647020
1377460725
1301476717
2095760218
1316570221
1162648464
1226599797
433843187
679355002
331466271
1981162258
2077428350
778055459
398720034
1850339549
1658895829
1665208809
338168941
1190195170
61262435
1824695300
667431078
690573858
439859373
2096100061
1211044811
1079840018
618382278
240390804
992815273
1575179290
1075124185
1009303675
72503397
275178264
779968674
331797912
545640695
1960515802
274114549
2009237799
926325674
906617255
803832886
274563862
501080990
117731767
285906656
1345896072
667812934
1677774774
593582847
1198537811
1099413483
208547653
273302453
1519027585
1141874214
2018122617
510536376
1978006995
1107169898
33583450
241766098
26084921
1296257656
492841574
622469728
748810075
1507456232
997127947
1366763988
582466579
1860284327
1780853040
2096966196
1625601009
1289514611
1449094829
521693080
727041462
218610017
361094094
488485807
396474841
51145560
63161812
1504644155
993998085
1467922580
315157876
396724624
1355319961
1726514467
476608854
2111479065
301424422
1851263851
731660439
443195347
394402549
1940705954
901178695
1028305105
1262824575
622654805
1825488620
1665917878
1549933299
548190178
732665085
870694718
809396403
831680253
2059479400
1164053429
2123122135
381728303
1426101005
1950609790
566694568
1393620562
579496001
470050701
684569126
1556626454
1451997516
1753084397
1636084867
1064328832
1020254955
1218555964
1739202982
1748989286
1255211214
1146076202
1044745129
1653055476
928098331
409786366
492654940
1055464233
852021738
93285649
1759258815
1027647579
1512771014
786291280
953174411
378291119
1692030002
1073222334
1986949034
1900030626
499560738
1376160752
1417850299
533082755
1862909566
826834063
1429802895
1176596214
646377123
901475034
577244335
1760569458
559589089
1521879841
952552147
893788868
992094718
579890763
1236873324
102314890
895898289
481525841
1117505307
1228548281
1253252648
363452096
465137208
1796472600
1210451587
302763835
1817501004
1571514562
1467821398
912326135
1148188311
613983144
452023851
659614782
2017126795
217423885
1533325566
1052583660
