100
7 419
208 30 18 82 257 91 14
28 49 26 36 9 10 9
32 411
6 19 30 326 300 13 374 187 62 174 96 353 67 117 158 40 165 137 95 276 280 16 118 52 388 261 341 243 190 128 45 91
23 19 49 48 10 22 25 22 18 8 17 41 21 49 31 8 38 22 31 12 33 49 5 7 31 39 2 10 5 11 8 34
33 335
256 266 104 253 142 224 36 147 46 293 86 264 249 47 99 329 54 307 227 83 120 315 252 123 74 33 317 105 129 161 6 30 79
12 4 16 21 20 3 11 45 22 22 12 18 34 24 45 1 1 50 16 32 19 27 20 24 17 10 41 43 14 15 22 8 8
49 163
142 117 67 47 76 84 9 152 162 82 25 79 143 155 73 161 135 128 108 102 129 53 30 97 34 68 124 59 17 6 87 61 57 49 50 56 126 138 8 107 40 127 130 90 103 32 48 110 66
31 35 25 36 36 11 32 13 5 28 7 10 34 19 30 35 3 19 26 37 26 14 10 17 37 35 50 45 13 22 21 17 22 16 19 26 6 26 17 32 50 43 10 26 22 36 16 20 27
37 190
72 152 102 90 108 74 110 172 184 13 93 180 11 46 3 119 101 5 40 168 129 33 187 99 134 4 94 145 53 144 106 120 83 130 98 49 116
6 17 31 26 44 8 47 24 41 3 4 4 30 36 17 2 13 28 25 43 21 25 45 50 20 4 29 28 10 5 20 43 1 4 14 7 36
2 191
49 186
16 40
15 144
31 111 22 114 139 38 121 142 88 43 37 96 98 14 103
15 12 42 4 19 2 25 2 7 33 21 27 24 6 26
49 197
161 135 185 101 138 4 146 86 103 14 190 97 149 13 175 91 87 96 25 28 78 21 67 99 45 167 186 184 150 5 9 151 108 43 144 89 154 178 73 12 51 22 69 123 174 183 194 134 153
34 50 49 49 39 6 7 47 8 31 48 6 34 26 34 3 50 30 46 38 6 50 1 30 23 36 34 1 40 1 18 40 22 19 31 13 24 48 19 23 11 48 2 30 49 7 17 29 37
35 94
85 37 90 81 8 89 17 14 40 69 23 39 92 35 21 86 27 50 9 10 42 41 22 60 19 20 25 74 71 1 45 64 84 54 61
42 20 2 11 11 1 4 10 12 50 6 38 43 36 30 35 28 18 30 26 41 20 21 46 38 45 36 14 27 3 44 35 16 21 44
18 448
381 147 3 345 442 225 417 337 400 63 26 323 371 77 291 35 24 204
38 37 39 50 36 16 43 4 28 6 17 10 34 39 26 31 29 4
24 31
25 26 22 29 18 2 6 27 14 8 20 24 12 30 21 16 4 19 3 9 23 1 28 13
24 20 18 41 38 47 28 41 32 3 43 24 32 17 21 21 32 25 13 41 2 45 27 27
49 94
57 12 81 22 64 30 10 35 41 21 36 55 59 14 78 89 51 82 61 7 87 68 79 26 66 19 92 67 0 17 47 53 62 8 90 24 29 18 84 54 6 86 39 74 37 45 28 32 44
14 44 21 7 46 10 2 33 46 11 42 40 21 13 35 19 37 30 4 1 32 40 38 9 38 45 17 47 19 4 23 46 45 35 46 44 26 15 15 11 19 4 30 3 44 22 25 4 25
50 363
8 79 218 237 307 36 324 163 292 228 61 223 231 89 295 73 203 291 276 167 259 289 327 294 224 189 235 309 153 253 125 59 192 47 174 234 2 210 312 204 85 67 217 244 34 41 143 320 38 274
41 26 23 34 18 40 50 14 41 37 34 5 18 24 34 16 1 26 14 16 44 46 25 37 5 27 45 38 7 6 21 26 20 18 30 48 31 1 36 11 24 36 19 22 8 2 5 40 34 14
37 405
165 34 227 339 167 323 118 313 176 368 4 267 181 149 310 324 21 248 211 126 19 127 344 146 130 219 376 246 402 157 367 390 226 153 307 210 155
50 32 24 40 19 34 13 9 18 11 48 49 8 42 41 17 30 21 47 39 29 18 13 24 24 11 40 34 20 48 16 12 17 34 1 44 6
46 140
68 61 6 50 118 8 38 123 65 5 107 105 23 119 7 14 75 4 9 37 46 128 2 76 137 90 69 31 29 114 41 133 42 13 3 35 104 59 120 86 83 79 25 22 43 26
44 33 49 30 45 10 8 23 32 12 22 41 11 50 28 44 44 45 26 39 14 4 38 32 29 21 8 24 28 30 37 11 35 2 2 10 20 15 34 45 39 26 30 22 31 6
10 180
145 102 8 141 152 148 39 88 153 146
24 14 15 31 36 35 42 4 45 14
46 165
146 61 149 52 40 143 111 92 125 64 142 10 73 68 53 20 133 58 22 140 151 100 5 94 86 159 154 30 93 90 27 34 120 162 127 72 161 60 156 118 144 74 75 115 43 136
28 29 47 34 4 2 18 32 3 16 36 35 25 31 30 10 33 16 29 24 27 49 9 44 33 13 30 43 44 46 32 8 38 39 41 28 4 26 38 27 29 3 16 24 7 14
43 411
77 106 132 59 89 22 201 123 113 283 394 197 64 293 190 66 139 384 367 25 335 289 11 206 277 90 264 152 143 396 180 368 302 93 362 109 346 133 248 288 233 124 284
9 5 41 15 16 4 44 32 20 9 39 3 20 28 19 4 14 45 27 14 5 21 33 45 32 34 46 21 30 47 23 48 18 12 31 26 37 35 11 3 39 47 30
13 191
186 96 94 0 129 100 49 161 150 108 86 50 65
8 13 13 22 29 41 49 25 17 19 16 26 38
33 84
67 6 31 3 53 76 24 55 37 15 23 41 83 35 36 51 21 44 52 22 60 73 54 1 26 78 5 38 0 40 10 7 66
47 10 26 10 39 38 14 40 45 14 42 41 10 9 26 43 35 27 46 28 23 46 24 22 16 6 35 11 9 50 13 5 3
14 465
408 151 464 9 3 20 157 336 13 347 10 288 428 260
27 32 27 19 35 18 15 15 24 29 9 4 18 48
37 71
4 13 64 40 6 55 29 49 16 21 42 45 65 5 0 7 15 35 12 67 41 50 59 69 53 34 25 36 22 27 46 51 57 48 24 18 32
14 20 13 22 12 33 41 24 3 8 3 10 11 44 1 31 44 29 16 7 6 28 18 36 18 48 1 18 17 39 27 33 12 44 11 3 48
46 186
98 20 169 180 53 138 173 113 134 167 171 110 56 81 152 47 39 142 55 93 120 141 128 97 131 127 104 177 150 0 6 100 13 5 38 51 52 111 69 4 91 135 12 126 70 122
8 49 36 2 41 29 44 14 23 49 16 30 36 49 44 4 46 27 6 19 50 43 14 10 3 7 22 24 13 12 25 3 7 37 8 10 18 6 40 32 24 42 34 50 44 2
30 226
189 72 130 149 143 92 55 224 212 211 139 87 111 13 59 217 34 190 39 41 174 19 197 180 205 61 186 27 21 94
24 46 1 14 41 35 14 33 4 19 35 19 13 22 19 24 11 4 23 31 13 19 44 47 37 38 43 42 8 2
8 413
202 34 373 222 168 36 256 18
6 47 3 15 35 43 48 21
26 207
128 149 92 183 132 122 137 143 42 55 191 193 14 87 157 39 147 45 177 60 154 57 54 181 71 178
38 42 42 39 32 30 25 39 32 50 31 42 3 48 11 36 11 29 48 32 24 22 15 21 19 1
47 366
313 53 26 221 211 343 108 7 142 64 71 0 95 327 42 261 38 181 258 122 121 63 78 143 273 212 238 354 158 322 54 269 86 150 74 206 146 119 172 2 209 55 365 12 174 338 21
33 17 16 25 35 37 20 31 42 11 18 1 39 18 1 8 26 25 27 16 41 22 4 33 21 32 49 18 30 47 26 11 11 20 50 7 12 13 8 45 10 48 7 1 31 42 19
11 53
15 1 27 9 16 34 5 33 37 7 32
42 49 30 39 39 48 21 25 7 40 4
16 341
286 72 243 25 104 337 33 305 278 117 321 37 42 187 23 303
8 34 49 6 1 45 45 3 19 45 42 37 27 21 9 45
21 161
19 25 39 103 15 107 18 70 80 112 31 78 143 121 49 44 102 120 148 142 89
5 45 5 28 41 15 42 16 22 17 1 4 11 48 12 17 40 7 43 10 4
4 22
10 0 15 18
34 34 1 35
50 385
6 345 332 187 366 84 35 20 31 202 251 45 163 245 73 224 193 258 268 357 248 42 250 302 113 276 370 46 192 12 384 37 50 98 237 126 240 349 322 105 334 26 214 75 140 165 178 365 183 134
27 45 16 3 50 15 18 13 1 7 5 27 40 1 45 35 48 22 43 33 45 4 27 5 47 1 25 34 46 11 7 4 1 33 7 32 45 45 1 8 47 40 6 10 3 15 30 5 29 45
9 13
4 2 3 6 11 1 9 7 10
27 50 8 25 39 32 48 24 39
32 251
188 142 203 83 169 155 121 122 48 50 41 182 149 61 168 34 91 195 101 153 65 170 229 24 68 167 219 225 206 98 162 66
32 41 30 12 42 12 34 35 23 38 36 11 30 19 7 50 16 12 21 41 7 50 5 21 27 29 35 29 32 18 17 21
24 57
36 25 12 41 19 31 26 28 42 52 2 46 16 44 54 39 27 9 53 43 21 45 56 20
35 30 48 30 39 23 30 9 35 46 35 12 23 10 3 4 25 26 26 34 43 4 7 19
35 371
206 246 314 25 203 182 363 275 233 65 147 122 128 131 303 294 164 75 220 336 189 94 244 356 298 247 186 349 13 111 22 278 261 103 301
47 39 49 33 19 14 47 4 46 36 47 25 17 19 43 16 6 46 26 16 32 8 41 48 42 8 49 17 45 24 12 23 6 30 31
35 480
0 348 121 283 210 413 74 431 307 2 70 400 6 155 391 44 78 370 397 85 412 43 167 461 45 320 389 317 426 245 3 334 7 134 49
3 17 24 38 16 37 18 50 35 10 14 44 16 26 9 39 24 6 15 18 44 36 28 45 45 1 14 15 16 14 39 34 41 41 42
47 118
88 47 55 78 95 29 33 83 39 113 46 4 72 90 23 85 19 51 77 94 93 101 60 104 74 7 13 110 111 65 79 64 86 5 2 35 17 114 75 71 63 12 14 42 21 97 52
13 39 50 34 9 25 14 28 32 38 13 33 26 31 40 8 49 20 7 13 15 28 39 25 49 16 28 43 31 32 18 25 5 16 27 34 35 37 9 34 19 50 25 8 48 23 31
39 183
153 144 169 13 69 147 145 54 4 117 155 151 157 70 118 8 47 89 79 95 138 18 173 122 43 130 9 5 152 17 106 87 131 75 84 116 77 58 128
10 44 23 40 7 40 49 45 21 5 48 1 41 21 12 49 1 14 22 3 19 24 49 42 31 45 35 31 19 42 14 29 44 26 43 16 7 44 41
13 180
31 141 127 106 119 179 159 11 145 22 163 45 32
8 6 24 28 24 17 43 37 47 8 7 13 32
47 253
14 89 109 116 189 184 252 202 70 245 32 106 95 145 227 176 173 190 242 68 246 48 136 62 217 9 232 158 169 20 134 166 137 112 54 148 12 192 175 204 211 88 183 228 119 86 37
50 2 47 48 47 23 18 24 3 46 39 10 3 41 20 18 45 18 16 28 37 11 44 10 43 48 5 28 19 1 24 28 19 8 34 30 14 41 32 35 48 19 46 3 44 1 8
33 241
37 23 176 119 11 80 134 59 111 237 116 170 215 17 235 174 47 72 34 96 62 156 201 132 32 35 179 31 75 189 18 190 20
39 47 24 50 37 30 20 43 8 50 33 31 49 12 36 31 16 26 16 9 35 1 49 9 10 18 16 16 24 49 7 18 44
38 370
188 137 268 64 4 266 133 364 223 278 335 193 96 362 50 236 329 61 49 213 102 93 235 38 326 28 367 113 6 145 43 353 88 281 183 217 286 163
5 15 35 44 33 48 1 39 28 50 8 20 2 16 35 39 33 10 12 36 23 35 31 48 36 35 4 21 38 50 5 34 38 4 12 36 26 23
6 345
249 292 183 95 10 62
22 7 6 22 20 13
46 255
226 178 205 179 240 235 68 122 149 182 152 134 71 49 154 104 115 213 131 163 97 60 210 10 254 54 142 174 227 116 76 209 55 242 237 57 75 87 211 40 176 193 6 132 100 253
12 18 34 23 1 2 44 5 17 25 15 28 34 21 25 5 28 32 21 32 46 17 8 26 34 14 7 28 33 35 22 48 49 3 25 27 18 42 43 16 45 46 12 7 49 8
3 341
18 30 204
1 3 22
49 397
259 245 93 84 294 386 380 319 163 29 336 201 59 14 172 225 184 230 239 313 91 335 288 262 50 255 25 209 376 307 333 81 15 56 261 250 4 1 309 28 23 49 326 233 365 124 110 344 10
38 50 22 27 15 37 34 1 1 14 16 36 7 18 5 27 21 37 5 26 26 39 9 23 19 34 6 3 18 34 31 41 32 4 43 35 40 8 26 22 14 15 34 38 6 20 12 24 35
23 471
20 427 82 397 234 380 89 104 311 178 391 280 114 199 423 413 447 363 337 116 342 350 346
28 21 47 15 24 6 5 37 28 48 50 36 37 5 1 13 30 35 45 3 11 12 26
22 72
34 56 4 15 24 6 43 50 7 3 49 41 61 66 8 60 64 16 51 44 69 20
8 22 12 7 12 36 21 3 42 31 40 32 40 50 43 42 18 35 45 24 14 27
43 460
153 203 63 340 427 48 292 46 444 375 124 102 452 115 308 71 8 160 126 441 237 177 405 265 244 58 165 376 398 437 171 152 129 9 180 402 122 394 127 451 252 334 13
21 17 30 48 14 4 32 7 22 20 50 29 21 13 3 38 16 37 49 42 29 17 46 42 13 38 50 10 4 33 3 28 19 47 50 4 33 48 36 15 8 6 16
22 471
280 23 294 221 87 324 217 461 166 295 54 209 175 386 378 454 441 206 244 93 190 252
47 35 46 32 40 14 15 7 31 24 10 38 9 49 19 32 6 17 1 16 47 20
23 400
324 49 217 350 300 286 116 163 51 310 29 132 345 136 369 331 342 19 86 261 372 277 169
30 16 5 16 45 46 24 21 1 44 6 15 23 44 15 24 26 36 21 21 33 3 36
31 417
50 42 204 352 397 211 284 214 217 210 305 118 249 120 355 222 186 370 366 212 396 153 332 190 379 23 124 195 296 113 338
39 23 25 36 44 44 48 4 44 50 41 22 19 24 30 2 37 50 44 12 29 30 49 46 39 11 42 36 36 18 35
41 222
207 38 126 99 165 83 8 29 139 193 217 27 190 170 118 215 17 78 19 113 70 148 154 194 187 104 175 0 120 155 198 107 43 188 191 134 157 181 135 216 132
8 35 48 26 15 43 46 50 1 2 31 35 44 39 50 23 38 48 32 43 14 11 29 48 5 25 9 8 49 46 31 36 29 41 39 19 36 31 43 40 20
37 117
102 86 93 2 115 94 41 116 13 104 52 5 110 3 54 22 76 37 28 71 33 38 113 81 72 14 108 12 80 96 16 109 36 0 18 83 26
4 29 1 12 23 3 42 27 39 34 27 34 23 43 40 14 8 28 4 36 19 1 35 47 10 25 46 38 40 14 33 13 37 29 44 13 7
21 108
107 74 22 82 9 58 93 54 39 42 81 83 65 30 106 4 5 17 2 35 36
40 13 29 12 23 12 48 41 34 7 36 36 43 31 12 8 23 31 16 19 30
31 483
281 102 425 405 243 58 130 125 129 150 222 211 408 342 118 290 263 338 298 312 233 437 273 237 166 412 383 239 148 78 339
18 45 10 13 3 39 25 14 44 38 16 30 37 29 5 17 37 39 4 5 2 7 45 35 18 34 39 38 40 27 22
17 108
23 6 29 100 9 47 88 22 82 43 39 2 12 77 56 25 98
31 47 45 43 9 20 43 15 20 17 6 9 30 6 38 15 14
1 485
80
29
12 249
48 33 113 227 75 17 157 97 168 1 226 128
41 45 23 40 20 31 13 43 30 44 16 28
31 341
132 36 113 53 100 114 129 149 290 135 23 271 287 311 334 215 148 294 125 214 94 316 249 205 220 90 105 270 322 246 217
36 33 8 7 21 6 30 15 34 21 11 18 29 20 27 46 32 42 6 5 20 31 28 41 36 12 21 28 5 38 36
41 121
37 91 115 29 57 20 94 38 5 8 33 95 68 9 32 15 7 116 12 87 16 114 31 13 14 71 103 63 2 4 119 118 70 47 56 99 111 52 101 117 88
40 30 19 44 26 18 25 6 31 29 7 46 30 12 6 3 13 44 7 46 37 41 14 11 5 10 38 49 3 1 13 34 12 45 44 34 12 43 37 10 30
39 309
137 200 263 39 100 272 253 245 268 5 254 12 75 303 19 161 3 104 123 40 269 290 32 280 178 302 294 77 273 308 275 190 128 257 11 244 260 84 173
24 13 4 38 19 31 11 25 11 37 43 39 41 27 45 15 24 50 45 35 18 46 48 48 36 8 25 37 38 16 11 20 2 44 18 31 33 8 6
14 83
73 31 51 54 11 15 7 18 70 37 64 42 43 10
46 29 44 41 4 25 21 23 18 10 23 25 45 4
2 137
83 38
39 41
48 439
219 15 73 1 175 165 271 36 31 198 231 351 403 214 307 392 220 347 243 114 160 216 276 421 325 261 418 393 257 102 176 260 374 42 229 384 91 391 370 119 124 300 128 230 156 224 157 363
15 35 31 6 29 11 49 39 5 27 48 14 30 21 26 23 11 1 48 29 33 5 9 50 9 28 5 30 36 22 5 4 33 44 13 34 16 25 33 35 17 17 6 17 14 19 38 28
21 290
202 83 193 249 120 107 207 280 221 159 104 201 235 24 282 124 142 61 204 89 98
27 27 30 25 36 20 39 41 30 3 9 21 16 21 16 25 5 27 27 7 19
44 170
106 145 155 36 135 144 154 159 30 39 168 164 4 35 8 89 9 65 128 163 104 96 99 165 43 116 12 19 115 56 68 44 125 16 132 62 3 32 74 38 124 117 67 11
20 2 22 13 21 22 28 8 15 9 11 37 36 29 26 1 8 13 11 6 15 45 37 11 38 13 18 5 18 16 27 22 9 21 17 36 28 16 43 29 9 24 15 26
41 128
125 61 68 10 20 64 45 28 37 102 2 14 26 21 23 85 36 120 111 127 55 106 47 52 98 58 5 119 22 86 114 92 29 51 1 73 31 27 65 100 97
20 32 18 47 6 21 22 33 46 7 15 20 34 8 6 8 20 20 7 13 30 15 35 50 23 17 5 16 18 49 24 15 11 7 24 8 20 9 2 26 22
21 474
44 421 238 435 224 141 136 85 206 416 210 313 203 83 180 386 274 177 92 29 258
29 49 17 22 3 32 1 11 13 28 33 22 14 44 48 12 13 18 23 50 20
34 240
70 69 209 204 65 155 149 1 56 21 225 41 6 199 193 48 39 202 81 46 12 100 176 115 27 8 55 35 184 137 68 20 235 173
36 43 1 33 13 35 41 28 50 25 47 8 24 1 19 42 9 6 24 38 36 30 32 50 46 49 21 41 43 3 38 18 30 26
20 79
68 22 27 71 51 23 6 18 53 46 47 75 43 74 4 12 72 30 33 77
45 45 3 44 21 23 22 1 38 33 5 9 6 29 41 5 27 16 37 17
38 347
186 214 321 238 55 60 310 132 205 168 31 130 278 10 200 293 265 105 243 245 279 109 301 226 309 241 73 302 159 63 154 84 36 275 240 122 150 254
2 25 14 26 27 49 26 39 31 42 1 31 12 44 6 31 33 18 39 48 19 49 35 20 7 36 14 45 24 28 14 39 34 22 30 17 31 18
42 90
28 14 76 10 89 67 71 72 64 52 43 44 69 55 0 77 84 33 48 32 47 25 46 62 59 58 79 35 23 7 8 27 9 50 51 11 60 15 81 22 24 30
16 21 13 26 27 5 50 9 37 5 35 21 48 32 8 17 35 13 24 14 2 43 8 46 25 44 1 9 38 46 43 13 22 16 20 5 14 38 25 48 34 26
27 160
3 90 156 92 41 104 102 30 35 107 73 159 150 25 43 86 8 23 78 146 147 0 126 21 89 140 32
27 7 20 30 29 37 18 39 39 36 14 39 17 12 47 12 29 50 33 22 30 38 21 45 24 40 34
43 368
281 309 353 138 203 85 60 134 163 212 355 176 179 83 58 100 291 149 354 63 313 110 276 32 143 28 159 282 232 148 113 315 29 15 93 145 296 42 304 239 318 48 367
10 35 49 40 38 27 38 1 24 13 5 3 35 34 44 40 30 19 3 12 36 29 50 34 12 5 50 4 3 6 12 33 13 43 43 38 40 14 29 47 22 47 9
30 126
8 18 37 29 108 53 44 35 58 77 26 117 5 107 99 80 71 56 122 59 74 67 79 100 69 116 104 48 21 49
30 29 45 23 40 37 20 40 17 33 13 29 15 44 8 18 23 36 34 41 5 50 30 35 33 20 49 26 7 10
23 127
52 11 102 75 111 5 86 20 78 100 19 44 16 1 23 67 110 47 115 125 70 3 113
21 5 3 39 50 19 14 4 37 1 21 42 4 34 40 44 45 19 21 18 14 4 41
6 322
41 278 192 111 104 302
41 6 32 5 9 23
39 64
56 19 27 7 8 0 25 57 47 51 62 9 12 10 42 36 33 50 14 59 60 21 43 35 23 28 44 37 30 55 46 38 4 32 48 58 22 2 11
26 30 12 24 14 50 37 45 1 17 14 13 43 19 13 33 39 3 49 4 28 30 41 32 4 48 15 42 44 18 50 20 33 17 36 41 16 15 3
44 460
60 389 16 372 345 4 442 40 61 146 47 434 454 353 226 271 26 173 235 59 208 393 81 118 414 447 355 438 370 162 324 439 400 78 9 79 166 203 145 126 366 34 333 239
29 44 41 7 12 48 48 28 9 45 35 3 15 16 24 22 41 34 38 7 14 12 10 7 34 20 22 42 23 41 17 28 2 9 10 48 3 33 43 23 6 48 1 24
36 50
27 12 7 44 37 1 34 6 4 15 13 49 47 2 31 10 39 48 14 25 22 23 33 19 24 20 28 3 45 43 36 26 5 40 35 8
46 10 23 47 6 2 45 25 49 40 36 44 49 29 41 30 26 31 14 30 22 30 34 6 5 32 25 5 1 1 41 20 11 2 24 18
10 354
123 223 73 147 292 134 239 196 269 165
23 49 21 35 14 13 14 32 38 42
25 88
12 62 39 86 13 9 8 32 78 33 56 11 68 45 57 64 41 65 79 48 21 18 30 59 31
13 27 32 9 44 33 26 23 10 12 22 10 18 18 49 11 32 1 37 22 16 12 2 20 26
5 378
306 329 305 369 139
7 12 3 21 5
49 202
23 117 80 27 11 169 81 96 22 123 163 129 157 195 5 118 131 188 63 159 150 111 138 18 66 71 109 168 174 64 103 83 84 62 47 67 56 160 86 199 39 36 144 107 164 61 137 194 119
13 15 21 27 13 29 14 29 14 14 4 31 43 27 35 19 12 45 22 46 31 43 22 35 20 26 13 2 17 5 31 46 14 5 9 46 24 21 2 13 48 35 47 14 35 32 30 46 23
9 21
16 11 4 3 2 8 12 17 6
18 15 37 34 27 25 45 5 22
15 47
20 2 11 42 34 37 24 17 23 44 1 28 30 35 15
3 39 34 37 30 26 8 42 8 20 36 7 42 1 30
50 465
266 390 369 297 113 236 298 356 410 204 43 130 162 109 23 180 431 96 332 230 242 81 211 267 303 147 75 29 313 11 441 154 226 345 71 212 34 429 102 97 265 360 348 367 403 5 301 420 45 112
27 6 10 33 16 26 37 11 41 50 20 43 45 14 46 34 4 39 46 16 16 1 9 18 33 35 49 25 12 27 37 11 15 5 38 9 3 29 9 48 37 20 39 48 30 12 19 31 36 24
22 343
83 149 136 337 67 54 270 341 150 322 252 306 88 249 30 69 338 127 333 103 233 304
28 39 13 42 36 28 47 15 29 23 21 17 35 8 37 48 35 2 49 30 16 4
5 406
35 190 338 141 122
3 31 34 2 37
50 65
34 10 24 13 55 43 18 32 60 14 16 9 58 62 33 47 63 35 8 23 51 41 7 1 52 2 20 45 17 27 50 54 4 36 39 31 5 40 25 19 38 26 53 22 48 3 11 59 56 64
36 33 50 43 18 39 45 14 29 18 15 19 28 50 33 24 29 24 13 25 1 25 20 28 43 12 23 38 43 31 14 33 2 42 16 40 24 44 27 13 30 22 21 1 18 39 26 15 30 46
17 73
29 24 70 36 32 63 68 38 28 19 45 56 57 66 11 10 44
49 38 13 33 25 47 17 33 47 45 44 37 13 23 10 29 7
36 474
456 235 27 252 313 318 129 150 37 261 285 77 202 280 197 397 121 109 170 380 342 361 363 469 5 128 468 165 23 169 291 473 377 438 15 124
42 30 29 28 23 49 7 33 38 11 16 34 18 4 15 44 8 11 4 18 7 4 2 44 20 24 15 26 37 47 25 17 40 27 34 41
11 285
87 152 66 91 107 257 20 108 212 129 163
4 13 15 17 11 4 38 44 38 44 26
9 298
278 4 195 178 200 153 266 3 16
43 36 31 32 5 11 33 24 8
40 179
110 139 42 63 158 163 71 74 25 169 20 4 11 125 120 14 134 154 44 136 152 95 46 64 2 21 24 126 3 171 98 76 55 22 66 103 102 78 7 170
49 43 28 26 5 10 43 40 22 13 33 4 19 34 45 25 10 34 30 27 3 34 27 7 48 41 26 30 27 6 42 41 44 21 49 21 3 49 47 27
19 169
13 85 114 42 126 147 101 61 36 154 72 34 60 7 29 32 135 35 93
30 49 12 7 48 34 11 24 21 44 19 4 40 27 31 25 37 50 16
7 102
24 67 28 47 48 100 99
34 42 10 13 2 13 11
21 144
34 58 19 2 122 26 5 111 39 56 23 3 115 52 116 112 141 114 121 28 108
23 40 37 34 1 20 2 15 7 14 39 3 24 22 11 2 13 19 42 22 16
