100
7 290
148 98 5 144 95 55 242
26 4 26 38 9 24 47
32 369
305 158 131 278 3 27 312 233 30 348 314 335 295 331 246 127 262 247 66 150 300 201 288 212 299 220 47 28 282 23 320 94
26 36 24 37 48 44 41 6 2 47 41 3 35 9 35 41 39 14 4 36 47 10 50 38 13 36 20 45 21 13 19 4
35 110
49 3 108 95 48 38 23 103 52 25 54 50 44 64 7 88 96 84 85 32 30 22 53 100 99 74 105 4 89 58 76 94 13 0 28
4 47 42 22 29 30 31 9 25 50 15 50 8 30 8 36 10 34 28 16 32 16 7 7 4 37 2 5 3 28 39 26 22 31 42
3 428
176 174 382
25 13 25
37 188
94 122 25 174 44 21 9 24 147 118 57 136 167 138 163 128 173 91 116 187 124 6 12 82 30 39 110 22 140 14 182 157 178 125 81 77 161
6 33 11 50 24 12 36 29 18 4 50 12 24 1 2 6 29 10 16 49 24 43 3 27 6 24 28 4 36 17 40 5 7 38 20 7 32
37 414
271 369 0 148 142 62 133 405 103 153 118 39 28 48 237 63 85 149 293 234 272 388 5 282 21 116 41 191 201 37 173 215 40 298 150 256 365
12 47 3 31 8 27 5 11 21 43 26 13 4 46 4 30 6 13 18 49 10 29 10 43 39 11 33 50 38 1 28 40 39 33 18 29 50
5 325
9 222 201 173 285
23 9 15 8 27
30 438
404 207 255 141 109 294 355 60 111 305 210 242 66 391 250 279 50 262 63 364 317 99 396 119 383 395 12 352 371 48
29 45 19 4 22 37 49 20 31 10 5 42 23 39 39 5 12 2 11 23 6 9 16 30 45 18 40 33 2 6
45 140
105 19 83 130 116 7 103 46 17 56 133 124 139 25 64 48 35 128 104 59 76 33 138 137 77 90 122 58 97 109 93 96 49 40 22 73 115 72 80 11 94 85 113 70 74
38 42 40 47 50 7 12 25 34 41 44 19 29 34 36 3 2 10 23 16 27 4 34 21 47 10 45 36 25 10 21 24 16 34 20 17 31 32 41 26 41 12 35 39 13
42 304
226 252 22 139 103 36 229 293 40 180 298 199 253 176 236 8 50 302 73 145 17 77 14 281 41 285 246 34 30 69 284 218 96 128 205 11 85 242 260 179 202 28
3 14 31 15 17 16 17 17 15 13 44 44 34 16 39 14 41 18 39 13 49 7 8 5 9 3 11 32 41 26 30 44 50 34 22 44 49 47 36 46 8 45
10 65
53 42 6 21 63 60 59 39 15 31
14 34 1 7 1 34 35 25 36 23
5 79
10 46 53 54 66
12 44 10 30 24
17 239
194 209 105 84 59 149 225 141 121 28 104 94 169 237 100 32 206
30 10 12 8 25 31 12 40 16 38 37 18 20 39 2 14 28
29 383
199 304 104 278 347 142 335 139 382 98 64 274 182 19 11 166 10 54 321 123 241 112 114 282 381 37 74 313 341
16 43 32 1 23 29 26 25 4 24 19 43 7 47 37 17 15 48 11 16 29 6 45 29 30 32 29 40 32
12 406
344 306 403 53 190 348 103 328 191 115 224 68
46 46 4 26 24 35 42 17 38 45 48 40
1 57
35
9
26 187
65 25 18 116 131 127 95 76 30 56 172 169 90 20 122 185 32 158 163 182 80 94 104 33 92 167
9 30 7 20 42 13 31 3 28 8 29 33 24 22 27 49 8 11 39 32 30 42 21 20 43 35
16 260
239 46 27 119 142 114 187 159 207 131 164 47 133 23 247 149
10 1 22 29 26 43 19 40 48 42 8 13 31 17 1 5
34 466
182 125 246 102 303 428 370 218 431 185 57 212 262 181 462 362 365 395 277 447 51 359 155 396 265 436 269 153 435 451 416 256 344 339
12 47 49 34 39 31 12 28 23 26 15 5 34 15 5 37 39 20 26 26 26 27 35 1 3 11 49 17 4 30 29 28 3 21
23 283
12 122 162 155 173 225 75 47 228 89 10 238 123 192 262 21 111 68 72 253 256 194 223
23 49 7 37 22 39 49 11 17 24 6 37 31 4 27 28 48 31 21 42 27 41 19
28 223
222 30 68 215 34 20 117 9 101 221 51 127 2 55 170 133 41 81 4 189 129 35 65 53 191 84 15 184
45 42 48 19 4 46 31 32 28 25 48 31 15 44 23 30 14 37 42 35 43 39 21 36 17 38 7 17
41 153
115 20 64 125 141 8 92 49 76 58 99 82 134 73 30 32 6 105 55 132 3 109 22 53 7 124 129 128 98 19 26 103 95 69 46 36 78 137 62 33 65
7 27 17 3 6 44 9 3 41 36 40 22 32 5 49 49 3 27 19 8 44 22 30 49 8 9 42 47 7 8 15 22 26 19 35 34 12 10 10 36 30
26 76
9 42 31 19 27 18 37 68 71 8 60 72 61 25 58 39 69 70 48 20 29 24 59 51 22 17
11 24 12 35 23 21 9 18 29 14 38 34 12 2 11 47 33 28 14 43 7 22 38 47 49 29
44 296
54 268 153 44 128 118 51 201 13 182 188 82 137 240 70 86 222 123 37 209 165 295 24 6 85 151 50 3 205 5 248 40 68 69 12 241 190 257 144 272 19 193 116 55
43 38 3 8 9 23 47 46 45 15 47 39 32 11 15 42 9 46 3 24 11 36 30 16 1 25 40 4 13 49 8 1 41 42 27 25 29 32 34 24 30 32 21 5
40 449
123 146 250 351 125 172 83 332 443 145 148 290 243 387 31 197 144 440 238 378 113 95 317 153 14 397 441 2 226 156 56 127 371 70 133 19 385 107 11 64
8 38 1 21 42 7 38 33 45 20 30 10 15 2 11 36 9 32 40 32 7 15 8 24 2 12 30 32 30 38 5 42 19 5 43 31 14 40 5 2
30 416
358 23 133 178 201 305 310 128 307 7 101 261 114 296 104 211 92 311 349 97 251 163 229 264 138 234 362 3 88 381
23 37 23 11 50 19 11 37 26 38 43 49 29 27 23 34 6 8 50 44 8 28 4 23 37 40 5 46 7 20
22 214
197 125 29 202 213 176 192 71 5 81 38 206 134 69 76 128 149 26 198 112 59 172
8 4 32 2 19 27 33 49 47 9 50 22 33 20 31 32 8 30 24 18 43 28
38 429
299 273 70 79 292 405 274 185 19 125 154 21 337 320 239 141 384 205 59 156 388 302 420 422 243 34 197 182 46 41 417 58 230 362 339 73 107 100
15 4 6 46 46 34 20 27 40 3 17 4 8 41 36 32 39 38 6 17 35 11 17 32 18 17 12 43 19 18 47 30 2 42 35 29 34 39
7 316
225 201 170 125 83 258 151
9 8 11 11 25 11 36
1 395
102
49
25 293
116 50 71 219 269 188 146 287 193 1 279 33 257 69 247 189 99 177 169 96 105 178 248 239 3
22 11 2 42 37 6 44 19 42 35 22 24 30 17 47 26 12 26 34 37 25 16 17 15 41
24 53
1 40 46 22 49 20 23 25 39 0 36 10 42 8 45 2 13 38 35 50 48 17 31 27
21 37 43 15 28 6 10 23 24 47 44 38 30 23 9 30 49 9 14 43 20 44 2 3
19 264
227 183 98 47 152 29 169 35 86 56 90 260 30 87 46 121 13 156 136
6 47 5 24 27 32 21 26 12 44 39 33 41 11 35 21 14 9 1
7 48
1 41 17 28 40 3 18
14 19 12 6 50 3 22
39 156
144 10 79 30 64 120 60 37 129 47 76 29 34 45 52 109 49 38 135 126 155 116 56 128 105 15 119 103 127 139 1 17 140 102 16 55 136 46 101
40 10 30 5 7 36 22 19 8 42 36 33 18 47 27 5 11 16 38 20 38 10 47 9 20 18 6 18 16 9 43 43 45 47 26 28 29 18 49
28 94
17 14 12 10 39 54 1 27 79 56 61 21 7 62 6 23 72 75 68 19 31 34 47 91 44 50 15 65
37 32 47 39 24 21 49 27 1 37 41 33 17 47 2 4 34 48 38 18 12 5 37 49 1 15 24 24
1 10
4
1
11 57
54 46 48 39 22 16 35 28 19 36 55
20 50 25 29 25 46 20 12 6 47 10
4 263
203 161 129 221
31 18 28 39
8 247
224 13 42 89 181 205 180 12
11 25 21 38 41 35 47 3
8 152
1 127 75 112 35 93 129 40
45 49 28 34 40 8 12 15
29 200
10 184 92 165 196 172 190 130 6 102 112 122 42 136 110 47 14 169 163 35 96 158 0 43 33 145 77 93 195
45 24 3 35 12 19 47 39 46 37 9 40 15 28 9 8 16 20 10 31 6 11 42 20 17 1 22 6 27
27 122
46 60 44 79 74 99 50 87 83 34 32 24 81 72 109 82 26 106 42 86 101 116 112 100 69 14 20
44 7 2 11 25 49 12 24 7 29 14 4 46 9 4 47 3 7 17 3 11 45 10 13 46 15 46
12 33
30 15 25 26 3 11 14 20 29 24 21 1
8 50 46 24 47 27 47 38 38 6 1 4
40 245
83 43 99 208 85 94 175 108 34 100 53 173 10 189 110 76 128 205 237 238 6 35 21 182 37 145 102 12 131 212 137 165 28 186 19 180 219 116 113 75
48 31 5 7 36 26 7 8 4 7 11 8 35 18 38 19 39 10 17 1 28 27 16 1 31 37 41 15 22 40 17 40 1 21 16 24 1 3 31 9
31 452
136 219 229 261 215 385 434 303 289 272 88 104 38 157 28 150 164 232 359 254 120 444 276 381 369 402 445 144 32 176 121
18 32 14 48 45 31 2 23 1 34 28 31 11 31 16 34 15 16 2 33 47 13 34 20 24 42 12 50 22 35 50
8 416
91 108 330 409 369 131 168 191
46 2 7 26 42 45 12 44
8 376
200 287 34 286 237 223 246 123
19 44 40 11 23 42 17 11
38 422
109 284 219 25 398 44 312 313 345 236 229 60 69 322 256 408 72 166 190 90 356 363 259 262 209 131 7 335 314 48 393 277 305 421 298 119 224 28
5 18 8 3 32 17 24 50 12 25 17 36 23 47 42 5 3 43 46 38 35 27 19 27 43 7 45 14 50 27 15 25 13 36 37 19 48 24
45 218
111 122 124 11 117 71 137 30 5 146 208 15 48 58 116 112 87 183 92 161 24 82 75 127 60 209 61 81 166 115 193 107 7 9 167 76 12 106 131 144 25 196 121 192 41
24 9 31 3 18 2 22 29 30 29 6 5 42 13 4 21 11 17 28 24 19 36 35 40 50 13 29 42 46 18 36 4 20 14 6 50 41 46 6 25 27 20 27 9 22
17 332
189 283 78 14 291 278 220 276 10 182 80 24 202 83 327 56 58
21 2 30 6 24 21 4 42 18 31 6 43 48 2 21 21 30
15 84
65 51 11 37 62 69 43 9 12 24 71 30 79 53 41
44 46 34 48 5 23 45 12 33 35 9 23 14 42 37
38 119
57 81 72 109 88 68 4 39 103 84 80 75 101 61 33 77 51 43 23 97 91 63 60 87 44 65 17 31 104 24 92 70 76 32 12 16 50 0
50 34 39 34 15 30 17 25 9 31 3 38 10 45 49 50 25 7 15 6 17 29 10 38 33 3 25 37 46 1 38 26 18 36 40 1 26 1
1 302
284
2
41 45
27 10 21 34 30 15 22 32 2 24 26 1 43 5 16 3 40 39 20 38 37 17 29 6 12 28 9 19 35 13 18 0 33 42 8 23 7 25 44 41 36
32 6 42 19 45 23 17 7 36 21 4 9 36 26 43 23 16 25 19 12 28 8 37 10 40 15 15 37 2 14 13 28 50 13 43 26 10 7 15 2 5
7 126
33 85 38 5 96 77 99
42 41 17 23 46 15 48
20 476
138 57 472 264 373 78 143 464 230 6 104 468 474 394 252 221 367 65 50 413
2 18 36 17 48 4 46 13 22 43 21 19 20 6 49 21 17 31 12 12
22 357
274 179 287 89 42 17 320 314 0 222 243 87 69 58 33 351 113 160 110 231 26 57
43 21 43 38 1 50 15 44 49 6 27 2 25 23 34 15 38 17 3 49 38 26
1 383
252
7
25 90
20 69 11 60 36 73 48 87 39 52 23 57 21 15 6 88 1 30 43 85 78 62 24 13 67
10 26 22 3 30 43 36 25 33 20 7 39 44 37 42 50 20 3 19 33 47 26 28 6 41
35 213
13 83 194 139 161 85 128 24 131 30 176 2 206 53 43 156 114 147 211 35 20 171 36 56 201 190 31 121 203 39 93 145 74 47 50
36 19 8 17 44 22 27 21 50 8 10 22 38 49 10 22 5 36 29 49 49 38 8 1 4 21 40 34 44 34 32 24 9 26 30
33 312
240 81 156 199 71 125 69 3 28 127 293 306 180 123 170 289 121 267 250 47 4 190 57 145 294 149 108 217 126 56 25 235 97
23 36 45 18 25 24 3 26 14 32 39 36 39 24 21 38 36 25 4 32 7 38 1 29 3 40 43 48 45 18 25 6 17
50 412
172 220 403 361 123 293 57 226 68 22 232 363 61 41 286 48 208 301 142 244 135 320 369 112 257 145 209 4 368 362 279 231 288 168 340 327 5 256 79 292 52 230 405 84 49 186 265 302 329 394
4 50 16 3 31 14 16 37 45 5 24 10 25 28 11 20 31 30 2 9 2 20 33 47 23 38 19 20 40 32 13 9 50 40 13 50 3 47 29 14 31 26 44 36 5 6 1 14 41 47
10 234
67 26 1 194 208 7 223 80 102 165
1 15 24 12 41 40 7 4 30 44
23 419
160 124 32 301 197 13 401 208 114 35 132 31 150 418 130 22 212 326 402 144 137 63 75
18 41 2 26 47 16 11 41 22 31 37 37 33 36 31 41 21 44 6 13 10 4 20
36 302
181 5 84 82 171 200 285 222 4 243 65 31 104 110 229 124 26 230 205 232 19 218 80 149 216 270 242 114 278 269 176 279 23 129 274 9
50 9 11 43 9 35 15 19 13 45 8 13 36 41 31 3 8 46 13 45 27 45 50 39 40 38 17 45 17 4 50 22 40 33 23 21
45 201
136 39 115 15 167 51 134 106 130 108 141 133 105 98 27 189 7 198 131 13 187 91 74 123 81 78 37 184 36 99 2 67 69 92 46 47 28 82 155 90 173 35 151 109 121
26 47 17 3 33 18 16 8 28 35 37 17 39 11 26 38 21 18 38 4 37 42 38 32 23 44 34 7 31 50 34 24 17 9 48 32 6 17 4 27 38 6 14 39 15
24 48
18 36 1 38 4 28 5 20 25 32 23 27 13 40 0 9 46 35 16 3 33 6 8 21
1 3 7 22 29 26 11 41 32 15 11 11 39 13 11 41 34 49 4 5 17 45 14 14
20 143
124 5 97 89 69 21 41 58 70 8 121 122 53 86 29 105 22 81 100 114
44 48 9 1 24 13 37 29 41 17 11 41 9 20 7 41 8 28 25 33
34 75
40 7 53 17 45 62 60 12 39 74 30 9 33 24 28 6 51 66 68 2 11 14 20 41 64 69 10 54 47 44 8 37 29 13
1 34 15 4 5 26 5 39 48 15 36 35 47 3 23 11 41 49 22 32 41 45 14 39 23 22 38 12 45 7 4 1 31 45
5 145
100 48 97 28 105
4 22 48 1 20
32 230
114 204 202 227 130 219 186 215 87 172 200 115 126 94 214 93 30 158 75 222 135 62 165 14 211 196 109 98 34 181 35 212
49 37 29 48 13 41 38 16 6 28 10 39 12 14 7 49 34 6 40 5 40 17 16 48 48 33 13 23 8 39 49 35
43 119
107 18 48 75 110 49 61 26 118 92 24 108 27 94 56 17 106 98 65 84 86 19 111 57 80 60 3 33 76 113 10 104 43 45 50 103 41 21 5 53 11 55 82
9 41 30 24 43 9 7 36 10 35 17 26 42 21 20 41 37 50 29 9 25 30 43 31 22 3 49 23 22 29 3 27 18 11 13 14 37 38 18 31 24 49 27
29 427
75 387 159 312 128 426 359 121 335 254 126 310 401 212 409 262 98 276 160 424 198 67 210 207 63 214 323 194 141
49 10 19 24 13 34 30 44 39 11 29 14 10 32 24 24 25 36 30 15 9 23 23 35 33 25 40 19 6
27 406
82 90 334 298 76 348 297 2 304 173 248 10 176 196 237 210 294 215 71 222 144 363 160 46 12 111 220
2 30 14 19 39 31 20 17 48 27 49 10 17 47 16 29 29 24 15 3 30 11 39 6 9 45 14
32 300
97 178 76 131 4 257 146 6 296 94 288 298 34 5 201 100 129 28 281 164 261 239 113 233 134 213 150 51 157 225 158 167
23 27 2 8 39 35 38 16 38 41 31 5 47 44 8 42 8 49 46 27 22 20 4 12 25 31 32 48 6 2 12 26
19 481
104 322 156 353 187 252 44 134 387 325 335 45 103 183 455 99 317 2 399
46 43 21 39 4 11 46 41 8 35 25 47 16 3 27 39 24 1 5
19 365
3 154 51 214 262 163 42 312 67 243 137 346 91 34 114 166 314 324 170
7 49 37 36 11 36 2 28 10 20 6 24 13 28 21 38 10 1 32
2 17
16 5
30 34
41 360
0 61 321 351 44 250 180 226 19 251 176 103 281 358 163 227 214 89 187 111 269 100 240 293 329 20 205 177 102 32 285 124 230 147 354 192 108 86 110 261 262
37 23 1 31 48 50 4 16 32 33 13 28 1 43 50 22 19 24 20 31 13 15 11 20 43 36 9 29 45 37 33 19 18 37 45 47 39 16 41 19 4
28 265
21 180 231 128 248 99 196 121 1 194 250 174 218 171 81 206 228 39 19 32 221 207 131 263 16 222 127 37
27 9 34 25 39 44 44 46 17 36 13 11 20 4 33 6 27 5 5 21 27 30 32 12 22 23 18 2
41 179
165 155 154 96 142 72 73 107 110 82 98 138 129 153 121 17 57 9 131 175 8 97 95 30 47 83 104 99 18 22 119 35 139 93 176 84 150 56 105 170 55
25 45 26 34 14 6 7 38 1 2 15 8 22 17 48 40 21 18 34 17 15 49 10 26 15 14 7 45 11 42 4 50 40 29 12 32 28 39 48 25 40
24 43
4 14 8 27 6 3 16 17 42 33 24 30 25 31 29 11 39 38 26 18 23 2 21 13
36 34 47 45 32 34 43 39 2 6 9 1 29 8 40 5 30 33 18 43 29 43 47 12
49 179
67 121 9 169 100 72 11 64 145 172 66 6 97 141 101 56 87 59 153 155 20 112 43 46 114 70 133 79 177 32 69 17 38 162 93 156 21 76 14 138 85 83 95 171 80 65 165 105 151
8 26 49 43 31 14 22 2 37 41 39 5 3 12 12 19 26 5 38 33 24 10 2 1 49 30 11 19 20 35 3 3 11 20 6 12 41 20 45 28 9 27 16 49 41 30 17 29 3
47 357
318 64 61 329 172 335 157 257 186 100 56 183 117 25 187 155 22 342 162 203 181 261 311 106 120 212 33 248 285 284 136 350 72 55 247 112 131 161 19 298 176 159 277 179 219 121 119
45 7 17 23 20 49 39 27 21 15 30 43 22 42 4 7 28 27 12 10 5 9 25 30 14 9 36 17 3 34 40 13 4 17 22 13 45 7 18 12 25 34 20 23 40 32 33
47 443
82 432 367 352 143 110 135 192 299 182 302 12 81 87 393 132 316 379 59 32 98 303 233 191 193 160 257 92 175 332 21 236 146 266 267 166 50 426 388 218 112 334 109 14 150 209 184
46 38 2 45 31 34 18 24 38 24 38 30 39 25 26 24 5 30 24 40 40 40 44 28 33 14 6 11 48 36 33 36 18 8 13 4 42 16 38 21 3 16 21 16 38 13 41
23 73
39 71 53 41 15 67 10 21 72 9 46 34 57 11 70 63 54 69 6 35 19 36 14
5 46 30 5 15 7 39 36 26 5 46 9 15 45 16 43 24 2 22 10 20 17 20
40 369
293 295 246 184 294 299 218 272 125 344 87 362 290 227 143 349 5 83 147 220 354 114 22 207 337 162 331 118 330 31 273 305 117 280 135 113 75 104 85 248
46 13 6 29 29 3 35 38 19 48 18 35 48 3 5 28 5 10 20 27 29 2 47 38 28 37 24 44 48 20 47 47 39 16 41 38 40 17 39 41
11 186
175 68 84 81 5 79 87 7 0 107 18
13 49 25 45 8 22 27 9 38 27 20
49 320
121 43 96 126 102 77 304 125 278 152 70 6 161 140 187 59 256 302 132 3 297 248 202 11 253 178 283 98 13 66 312 110 1 69 308 258 225 295 17 300 25 226 120 234 169 94 293 49 107
21 33 17 29 38 34 48 18 15 7 26 18 7 11 41 42 33 44 35 23 45 33 5 18 23 30 38 5 39 22 15 13 42 25 14 48 39 24 43 5 49 5 36 18 43 6 43 44 9
44 49
45 40 29 36 27 4 30 22 7 3 17 8 46 5 41 42 20 6 19 37 0 1 28 24 15 38 39 9 48 47 43 31 12 13 33 26 14 23 32 35 18 10 16 34
24 13 29 35 15 34 41 50 40 5 10 22 17 27 31 28 32 43 27 17 40 32 15 20 47 35 21 40 10 48 15 18 31 2 30 9 29 2 49 36 21 31 26 41
9 108
67 105 72 76 79 26 27 50 3
18 24 47 1 27 27 35 3 27
46 49
38 22 6 18 47 2 33 15 11 8 29 39 23 43 7 41 37 14 31 4 19 25 35 1 36 20 32 42 30 40 5 17 48 21 28 46 13 27 0 26 9 44 45 34 12 10
48 36 14 15 41 40 3 28 18 39 42 22 21 46 43 32 16 41 36 17 38 20 2 12 16 50 46 2 32 33 10 32 3 31 48 11 39 16 22 19 38 18 2 4 22 23
24 314
31 246 23 107 187 291 34 251 106 265 129 109 190 305 45 36 153 37 182 25 18 275 232 62
38 21 39 21 23 37 19 35 28 22 6 38 8 38 30 12 24 1 23 43 47 7 47 45
7 46
17 2 10 23 38 45 3
32 5 27 49 50 33 43
50 171
77 106 52 170 27 116 6 59 35 96 87 14 97 163 56 91 64 159 11 134 17 131 143 54 169 36 65 109 39 162 158 71 124 149 126 84 141 89 122 93 60 154 13 53 44 153 8 112 151 38
46 16 14 40 17 47 38 21 20 47 21 2 30 23 9 31 50 30 26 34 35 17 5 15 7 7 34 50 44 30 40 26 1 20 13 45 40 44 3 1 34 19 19 8 20 6 35 27 22 34
29 485
108 363 174 478 366 214 431 105 479 96 397 165 18 95 5 392 379 75 244 332 233 374 359 40 349 290 109 325 472
36 49 21 1 32 28 28 14 1 15 21 34 14 32 21 47 37 43 2 36 24 42 26 38 28 6 49 12 8
37 374
99 21 273 373 359 236 313 110 119 201 108 341 354 30 367 202 300 174 347 203 245 307 97 264 254 156 142 129 219 58 50 218 29 261 82 283 57
19 41 20 1 49 41 17 36 7 33 31 38 9 21 36 43 36 33 48 26 38 1 32 7 19 39 13 23 15 5 48 30 26 3 7 44 12
14 492
106 264 182 416 409 414 411 309 64 117 323 164 103 167
30 33 43 48 23 39 32 31 10 10 3 21 42 39
40 56
16 9 50 26 0 8 48 44 34 11 45 51 29 27 3 14 42 12 55 18 6 52 36 4 38 54 19 21 17 33 37 31 43 49 41 20 28 15 10 39
43 19 40 44 12 35 29 32 43 26 31 48 14 1 39 29 26 36 24 27 33 24 26 42 38 39 38 45 45 43 18 35 45 10 43 7 36 40 18 23
