100
39 215
62 66 206 57 122 26 19 18 160 78 8 84 135 137 165 36 74 208 181 80 56 97 159 177 147 37 30 111 99 202 112 65 68 204 178 114 209 75 108
15 19 19 21 27 30 10 15 8 29 22 37 46 50 24 35 25 49 10 43 19 44 40 27 40 31 49 29 19 35 9 46 40 14 37 24 49 41 23
20 80
63 50 64 77 6 31 28 34 7 9 49 30 11 79 25 61 53 68 60 71
14 32 21 43 4 35 30 5 26 11 23 18 16 24 5 15 36 43 13 18
36 94
44 47 5 3 80 64 83 42 87 82 24 4 85 29 58 20 51 73 52 92 16 77 1 35 57 37 22 18 28 13 62 88 0 54 60 48
50 12 47 32 36 39 29 28 23 22 45 22 17 31 30 19 46 48 24 45 21 37 31 41 1 7 17 12 42 27 28 3 4 46 1 11
15 217
166 204 7 211 46 171 64 23 149 116 163 39 25 65 36
40 36 20 34 36 2 13 28 33 49 47 28 45 4 48
50 480
420 352 204 452 150 241 128 471 57 343 192 251 209 76 273 388 387 329 170 310 393 190 478 259 291 7 36 218 25 309 386 269 368 367 227 376 264 318 355 105 238 305 426 229 21 421 243 49 429 399
7 44 45 3 21 2 49 48 8 31 27 29 26 7 1 16 1 15 11 18 47 49 7 3 16 16 22 28 6 25 20 45 2 16 27 1 7 49 13 25 39 32 43 46 39 16 36 7 36 17
44 216
207 20 135 7 178 191 129 181 3 70 147 24 180 161 214 143 79 199 192 44 92 193 153 198 31 19 119 43 107 189 194 121 37 150 4 187 157 160 88 15 60 162 133 65
40 31 36 25 34 12 8 39 23 29 1 18 34 34 11 38 6 31 46 47 50 6 26 22 10 38 21 40 39 26 12 42 20 44 37 49 29 5 14 31 35 3 28 6
14 175
123 16 8 42 47 96 155 32 37 126 62 106 29 0
17 2 3 12 32 45 36 15 36 1 48 47 28 38
42 457
254 73 11 417 35 9 260 455 439 431 444 140 56 21 349 403 323 255 168 405 162 115 343 424 123 296 320 390 90 227 195 258 169 315 436 371 111 100 69 426 136 271
1 48 23 35 39 40 15 34 13 1 5 19 10 14 36 14 10 2 35 38 11 6 5 5 48 32 29 37 25 12 6 50 21 46 34 38 19 28 44 45 14 13
21 470
330 143 288 417 327 230 439 430 392 356 369 89 259 88 370 390 159 237 236 308 160
8 13 36 35 22 17 41 15 35 24 28 43 14 47 39 23 34 43 8 44 45
27 229
28 186 9 156 164 152 226 78 181 48 190 16 89 149 109 224 27 127 214 100 155 177 173 136 103 227 125
8 27 14 34 39 20 42 28 14 24 31 46 28 48 22 31 28 16 43 42 12 8 32 38 12 24 16
22 114
37 5 104 0 65 57 61 74 88 8 82 45 47 33 90 101 94 19 80 83 103 34
34 5 10 9 43 47 30 15 39 46 5 17 47 45 15 31 16 28 10 46 17 4
21 111
81 23 103 63 80 0 53 64 46 5 91 20 95 94 92 38 74 56 19 24 84
7 32 20 12 16 46 33 18 23 21 1 41 49 16 21 19 20 43 45 43 17
49 55
31 18 38 37 15 25 13 4 36 40 8 5 33 28 17 43 6 22 50 1 27 35 0 24 26 45 16 29 32 53 47 12 48 3 20 39 11 34 41 21 2 23 44 9 54 51 30 10 42
27 29 14 5 43 20 36 47 2 11 26 26 7 45 3 30 48 25 35 5 48 24 41 47 38 32 7 22 22 34 15 4 38 31 21 50 8 34 33 6 22 20 29 9 30 17 5 43 32
38 326
129 166 2 317 299 7 278 152 286 159 187 312 258 193 44 87 273 106 96 316 19 157 146 220 6 131 109 306 189 108 239 81 95 216 256 229 59 265
9 3 4 39 1 41 5 42 2 24 36 16 32 2 46 24 34 39 18 41 49 22 2 12 18 24 20 41 38 3 34 50 13 4 46 47 14 14
17 213
194 106 109 123 181 47 189 84 187 203 111 170 69 70 58 12 153
45 31 6 24 43 7 19 36 14 41 18 26 7 10 12 27 44
5 284
244 194 115 277 56
48 31 47 4 25
40 348
171 26 276 238 122 58 100 20 28 107 148 21 133 121 329 183 342 312 17 323 97 145 69 4 301 44 169 289 347 88 246 228 283 254 33 129 109 307 119 284
24 1 15 13 3 39 7 20 31 43 43 18 30 1 38 12 27 43 41 32 34 25 25 22 19 31 2 26 1 4 50 2 29 47 41 22 9 43 23 5
14 324
47 192 252 215 285 207 89 126 213 250 51 190 172 94
47 4 4 10 28 38 28 33 13 17 28 17 38 5
23 87
15 40 26 48 3 25 67 16 9 28 73 52 76 17 41 74 14 59 29 2 50 34 11
18 27 39 21 25 27 40 42 36 21 31 32 12 18 46 23 48 29 11 43 32 23 31
44 314
48 161 311 95 261 297 230 267 237 205 30 247 287 135 94 218 195 292 88 209 71 57 241 133 259 180 251 86 183 68 43 274 107 302 101 79 264 120 115 35 58 163 104 162
32 30 27 8 32 18 36 40 46 21 28 41 39 45 12 19 15 32 17 8 17 29 39 42 37 26 5 45 13 38 7 46 4 33 12 35 40 42 37 42 25 38 21 13
49 161
68 82 51 155 98 158 160 133 135 117 90 13 143 63 79 35 38 94 17 93 116 104 96 2 112 148 113 60 73 6 106 18 40 144 77 9 43 66 147 134 146 75 125 3 139 156 80 154 88
40 27 24 1 40 3 11 24 43 46 21 41 45 5 10 39 22 49 31 21 39 10 28 11 12 5 3 27 31 39 4 42 1 20 49 30 17 24 40 14 32 38 34 43 2 10 4 9 18
33 485
385 117 267 120 67 57 204 382 215 110 97 79 456 172 264 161 396 146 199 423 278 343 148 99 136 118 331 285 246 295 13 426 18
28 37 7 39 17 7 50 15 46 34 31 47 9 29 11 31 16 33 19 23 40 5 16 39 12 33 10 35 15 50 8 3 14
16 93
49 82 30 40 38 6 63 78 84 76 50 77 74 11 53 29
1 26 44 1 39 20 9 29 25 49 1 2 48 17 30 40
28 349
155 281 87 70 262 326 21 164 151 152 285 124 246 67 198 240 218 343 58 99 15 179 8 261 186 135 197 127
48 34 22 26 46 18 44 30 15 47 22 9 9 7 24 4 39 6 23 17 47 10 49 29 3 32 18 34
10 405
21 227 138 388 229 392 339 121 10 383
42 23 31 3 31 18 38 32 34 30
28 397
14 4 259 7 334 128 158 316 20 258 191 131 54 275 220 189 326 104 356 62 117 1 5 61 394 17 154 309
35 49 9 13 46 33 26 11 8 37 15 20 40 20 49 46 22 20 21 1 48 42 8 8 37 26 37 11
25 371
25 258 31 343 127 135 196 86 163 252 166 214 335 349 35 224 181 52 22 63 305 155 320 29 287
3 17 16 42 19 45 36 42 21 43 5 48 24 4 42 50 45 10 45 49 3 5 1 32 32
31 385
245 39 193 322 219 290 92 371 150 94 73 367 1 261 65 190 182 186 308 12 372 11 257 188 41 344 266 354 129 271 183
7 2 11 7 42 5 50 27 16 29 33 43 32 9 45 11 16 10 36 15 11 47 47 35 26 9 26 3 23 5 49
48 139
0 51 26 52 54 113 66 59 17 22 88 107 89 132 85 78 114 3 126 58 49 36 120 121 12 87 34 44 72 43 62 8 68 67 42 138 14 137 10 39 122 15 93 109 135 33 102 110
37 34 37 15 37 8 14 49 36 25 34 29 10 4 11 2 35 5 40 3 35 16 49 39 31 44 26 12 32 27 39 39 46 22 33 26 24 34 18 27 20 25 25 39 36 26 41 8
26 428
280 268 317 180 195 87 310 412 176 113 156 53 147 123 16 128 313 162 379 416 17 183 2 298 52 307
20 34 12 6 20 22 18 33 5 27 31 19 42 28 29 3 24 2 36 23 32 9 17 27 50 45
21 88
5 45 54 78 21 38 29 68 16 33 60 63 77 47 27 23 80 70 4 73 59
10 2 4 46 19 44 9 47 21 26 22 9 22 45 12 46 10 9 18 1 15
41 168
48 100 39 152 44 143 34 150 11 122 119 160 62 156 86 69 102 157 104 30 82 49 9 110 167 99 10 128 140 64 56 35 53 79 58 88 40 130 38 120 139
48 11 30 12 19 50 31 30 12 18 7 3 30 44 16 33 3 34 7 38 32 37 16 45 42 3 8 42 44 2 3 36 33 21 48 38 4 31 6 5 37
14 260
244 207 236 259 97 228 166 24 233 245 119 204 215 10
37 19 31 10 42 30 44 25 8 46 30 44 2 28
46 413
307 235 23 249 330 341 11 44 70 394 77 401 141 301 263 335 100 112 131 359 31 122 230 391 310 102 189 405 202 267 372 104 60 326 175 345 74 93 69 338 224 268 204 317 184 395
9 29 26 43 28 34 41 42 7 35 25 6 8 16 17 37 29 35 19 9 40 47 18 21 41 28 11 44 16 3 11 28 5 15 1 22 47 31 15 38 31 38 32 11 30 20
7 372
55 117 148 72 220 358 199
22 21 41 25 43 41 2
10 47
14 10 16 27 20 26 0 37 32 41
36 41 48 14 35 49 45 7 37 39
37 321
124 114 101 44 7 205 195 121 291 251 233 270 144 215 194 202 87 238 301 204 98 8 136 69 147 151 242 46 176 164 199 262 303 191 39 96 35
47 30 8 44 44 3 50 50 1 44 45 11 45 13 33 16 40 43 23 38 35 21 45 30 31 48 34 26 2 1 11 27 17 45 12 20 7
3 306
305 148 111
4 39 39
36 155
35 101 152 24 69 22 92 15 43 127 122 116 123 36 10 14 23 124 29 105 82 75 138 50 80 0 9 147 145 31 108 137 37 48 142 81
13 20 45 10 13 49 18 48 43 43 20 29 41 32 16 30 24 46 28 22 37 38 11 49 28 7 31 10 24 44 40 16 42 41 42 45
43 377
367 252 360 7 145 204 56 34 163 10 150 245 125 107 184 230 311 133 109 259 205 275 111 8 178 30 154 324 254 62 213 262 149 338 356 187 38 117 4 330 261 342 108
49 31 47 48 16 44 27 44 1 30 2 32 17 9 43 28 4 48 20 19 14 15 2 32 37 18 45 21 26 12 43 41 46 48 23 15 16 33 43 19 18 38 33
6 227
167 140 226 212 14 67
22 14 11 43 44 48
24 373
226 148 99 85 149 91 14 71 196 364 317 211 267 68 284 342 101 18 170 309 51 217 222 100
3 15 35 33 30 11 28 24 37 41 45 6 4 36 22 32 11 17 42 44 12 26 32 45
42 329
145 210 235 186 80 57 265 116 180 128 318 102 256 287 94 276 71 231 84 309 302 316 320 120 9 206 143 137 215 0 139 155 185 233 74 13 289 59 297 12 197 142
23 7 46 42 34 1 16 12 14 34 37 49 11 35 28 6 48 34 40 48 1 16 23 37 31 33 45 5 17 50 2 22 28 32 26 9 40 3 42 9 30 48
37 107
46 68 1 99 2 17 75 59 91 13 35 62 87 80 102 61 21 40 38 106 22 29 56 0 52 37 7 31 27 41 83 51 105 55 47 60 25
25 16 41 4 29 35 46 19 13 17 26 35 15 43 48 12 34 50 8 31 24 38 6 5 36 10 15 41 11 14 38 12 26 50 18 8 15
25 286
187 235 189 233 78 90 270 131 125 248 57 118 25 36 12 97 21 179 283 219 193 218 227 54 67
5 35 8 22 16 37 30 46 22 20 32 13 6 3 46 3 26 32 26 50 39 17 6 31 18
31 103
83 40 2 5 80 74 99 82 3 56 34 38 48 95 27 35 81 61 46 75 54 101 37 64 18 39 51 70 24 77 59
7 37 9 27 50 2 40 47 16 8 19 23 31 35 35 39 35 22 36 35 8 24 42 42 15 36 31 38 9 15 11
4 400
322 308 75 39
11 13 35 30
22 378
298 127 29 107 247 287 279 280 231 81 313 123 159 335 362 255 28 179 71 10 90 233
48 11 13 29 18 18 41 14 48 13 6 4 6 5 15 22 50 38 14 46 30 46
33 309
222 153 125 206 246 48 30 170 20 34 5 87 227 290 199 216 33 214 167 7 18 79 262 305 118 69 149 292 56 95 24 9 83
26 27 22 27 16 41 30 12 11 24 46 15 17 35 47 36 29 5 14 5 35 49 35 24 16 26 19 40 14 20 43 31 37
36 406
101 307 302 105 402 257 149 165 64 70 280 354 368 243 314 35 194 325 190 316 370 322 214 346 334 74 201 90 11 333 12 352 305 110 127 311
9 30 18 24 13 5 31 45 42 44 46 12 35 44 46 41 39 14 13 37 45 7 12 50 26 18 38 45 35 19 8 28 37 9 5 4
32 338
249 40 65 217 72 236 287 149 38 120 84 251 168 85 277 69 306 90 294 160 289 330 283 6 77 16 148 155 157 178 311 126
41 2 17 9 37 1 4 1 33 29 24 8 42 49 36 11 39 11 16 5 2 2 46 5 30 33 7 9 48 34 27 48
12 108
15 55 16 67 29 89 59 53 23 66 90 85
7 38 19 36 26 12 18 46 24 45 14 15
24 25
24 9 3 18 16 8 5 2 0 11 15 1 10 22 6 4 20 13 14 7 17 23 19 21
44 17 13 39 38 49 31 36 8 22 21 17 34 17 29 16 32 15 19 30 38 27 10 18
50 351
162 281 163 81 97 183 28 189 26 206 165 306 203 143 161 248 131 87 210 152 55 104 166 20 49 64 246 46 275 241 136 278 276 315 345 61 336 88 175 348 179 5 330 312 19 111 225 148 48 217
19 34 34 14 21 37 50 27 6 50 41 42 29 50 43 41 39 12 46 27 22 33 35 19 47 9 10 21 14 46 37 48 6 19 30 25 43 22 17 20 29 45 34 11 47 36 39 47 13 18
46 325
213 211 318 215 49 241 82 289 320 100 33 147 168 303 97 87 242 206 75 299 230 255 276 231 267 317 158 135 233 307 56 3 103 178 192 28 117 263 229 220 237 212 150 308 26 104
15 14 43 37 24 4 21 42 30 9 9 30 15 5 24 34 20 31 10 30 7 39 9 19 50 43 35 36 10 30 9 7 28 2 20 3 49 31 29 27 45 9 43 15 31 25
18 378
208 322 240 244 303 256 114 331 107 206 34 282 273 22 373 92 143 14
35 2 30 42 25 17 14 19 1 28 14 7 20 23 48 45 1 46
49 342
91 255 235 228 266 105 195 201 58 83 211 202 279 231 190 267 268 173 250 245 194 39 15 216 191 339 183 274 57 225 46 208 263 308 126 132 71 10 242 33 180 161 193 16 220 129 303 154 68
45 38 15 19 30 49 19 44 34 6 8 15 3 33 18 30 47 5 37 4 31 50 7 39 19 32 44 16 14 23 35 40 24 38 6 43 32 41 19 23 15 50 20 18 1 16 31 44 18
9 120
17 8 19 88 70 80 44 95 60
13 32 25 8 38 22 25 8 15
5 87
27 53 64 28 59
46 50 23 26 4
4 483
160 77 130 48
46 33 24 22
40 156
81 98 109 40 46 100 132 135 152 134 53 83 147 143 58 141 136 124 96 49 0 36 144 31 97 65 17 140 106 59 37 151 16 57 75 24 128 123 137 25
38 30 24 14 32 50 50 27 34 8 35 24 32 9 18 9 7 25 1 11 43 47 5 40 49 9 21 47 28 5 46 7 32 3 37 48 16 25 20 7
33 207
129 2 43 172 87 26 168 76 157 159 13 150 148 122 205 105 95 45 153 180 50 47 103 82 112 49 91 59 79 123 83 39 202
41 13 21 25 12 38 25 41 15 8 29 10 8 19 9 44 14 36 38 12 50 36 38 24 8 9 8 15 9 35 44 36 7
33 440
156 71 399 107 0 167 69 135 390 229 291 26 248 405 23 382 293 21 5 257 47 395 267 153 231 385 376 424 125 375 86 242 437
28 15 5 2 49 9 5 17 41 38 8 28 46 37 40 18 37 18 8 10 25 3 6 13 31 1 46 45 9 22 31 19 28
29 37
29 22 24 35 11 26 19 27 31 6 14 10 28 15 13 16 4 30 36 21 12 2 3 33 25 0 1 18 7
24 16 12 30 16 6 37 26 5 8 16 50 10 15 24 20 12 6 37 19 31 48 44 16 23 36 7 18 39
36 372
35 61 88 86 250 66 6 199 99 253 162 319 200 207 217 211 108 193 201 11 266 228 36 46 345 257 130 74 324 12 347 187 133 314 97 302
23 20 19 16 9 47 32 11 46 28 43 14 39 39 18 35 17 48 7 42 25 44 39 19 49 9 23 5 9 3 18 37 2 5 23 40
45 410
195 193 289 293 348 298 120 349 318 337 311 149 340 39 312 141 21 245 82 269 203 292 68 377 382 364 119 168 378 265 208 290 384 358 111 330 99 310 150 230 247 31 34 347 252
28 44 2 30 11 20 15 39 3 22 41 43 47 2 1 21 26 13 25 25 12 39 37 2 4 6 34 19 32 13 43 35 25 34 49 19 19 22 27 9 44 46 41 40 5
14 80
43 63 60 54 2 30 38 6 35 8 22 14 50 40
48 45 25 6 10 9 17 27 30 31 33 29 21 17
48 355
352 173 312 322 30 45 184 119 205 110 248 134 147 174 341 129 101 75 116 274 81 212 213 26 326 247 222 57 211 172 85 190 141 144 225 71 350 304 230 251 346 243 65 87 271 351 289 245
30 3 18 6 2 22 15 31 9 27 41 20 49 6 37 2 18 45 39 32 42 48 48 29 24 6 41 47 25 29 46 28 28 48 28 32 32 39 26 11 3 1 36 15 9 37 43 40
42 211
60 137 11 28 156 38 90 159 166 148 31 6 78 37 133 39 178 163 131 177 140 109 97 3 115 5 167 186 173 27 175 187 182 150 16 96 118 56 181 36 198 185
13 43 50 35 1 45 33 3 33 21 24 5 35 30 33 35 23 23 47 28 32 44 44 33 31 25 20 1 15 28 14 5 31 26 13 47 34 50 23 50 48 21
9 139
118 2 113 135 101 31 88 117 8
39 1 25 32 17 29 17 11 11
23 122
69 96 5 80 119 38 90 59 102 113 95 112 70 71 8 99 97 47 50 104 82 87 79
22 39 1 36 26 18 32 22 36 50 29 16 29 34 44 47 34 25 30 37 24 36 35
27 381
213 181 74 20 203 175 102 241 123 111 360 218 306 149 94 38 124 89 343 380 326 112 341 347 322 242 23
4 34 23 1 36 26 25 28 7 23 8 22 41 32 42 14 6 11 35 34 30 19 1 36 6 17 24
27 125
21 122 87 8 49 82 26 55 77 56 105 96 46 24 9 62 58 32 92 73 33 76 37 39 38 41 11
48 45 43 27 14 11 15 40 19 13 17 49 5 31 37 38 39 7 26 49 23 17 40 21 18 36 3
13 257
1 72 157 45 3 38 90 59 182 130 8 177 61
42 33 6 4 33 35 11 33 23 30 45 23 12
1 26
15
39
49 226
218 191 5 159 166 132 207 149 71 146 94 89 211 84 190 10 158 0 91 96 172 136 219 173 112 37 82 118 74 101 26 128 175 33 66 51 130 212 31 23 169 54 184 156 204 152 137 36 4
9 33 4 44 33 6 3 30 15 20 15 28 42 10 11 11 32 29 6 42 10 2 34 8 8 14 5 41 19 7 42 17 50 17 5 12 5 12 15 36 31 19 40 36 32 41 36 45 47
9 66
48 0 51 63 14 47 61 25 50
15 45 44 46 36 30 37 18 36
28 417
172 25 35 295 372 386 6 33 404 278 406 59 175 414 171 201 272 100 269 389 67 210 116 74 43 189 162 212
14 43 49 27 34 36 31 40 40 46 18 3 4 8 9 7 23 11 18 16 18 19 30 1 10 39 5 18
30 322
319 169 241 274 103 280 260 133 184 77 301 142 300 9 95 34 206 139 11 124 1 81 273 141 177 150 123 287 53 185
5 22 25 27 19 28 9 31 36 43 33 5 29 46 3 29 46 2 3 19 7 32 27 36 21 32 33 40 20 40
4 288
0 262 169 244
17 9 6 33
43 403
123 291 353 340 34 320 65 374 178 110 250 4 207 142 21 5 28 12 229 333 161 306 232 154 258 189 317 299 354 255 325 282 368 220 23 298 373 380 245 199 365 371 143
44 1 27 15 8 14 47 49 35 49 42 1 15 47 42 26 25 47 24 42 15 48 44 26 17 41 15 4 28 38 19 24 43 36 6 48 30 34 18 1 47 34 41
24 416
253 288 247 204 161 351 402 384 88 181 376 239 209 183 26 302 285 310 334 53 367 258 307 80
26 50 43 35 4 14 19 16 10 14 28 18 38 25 34 15 31 49 31 19 34 44 7 19
18 38
2 4 12 27 19 32 13 1 8 35 9 5 14 25 11 37 17 10
24 38 35 40 24 8 25 3 18 20 13 47 8 34 4 25 7 35
17 149
40 95 90 99 34 116 110 77 146 2 136 54 87 19 97 79 3
11 15 43 43 40 46 26 34 7 10 43 36 10 30 47 44 30
40 343
331 214 0 249 7 165 42 326 130 279 251 104 146 175 156 182 103 209 301 80 323 164 219 313 135 143 303 342 70 66 39 205 334 232 71 30 222 230 213 341
15 7 22 32 27 42 34 32 29 34 18 36 31 29 40 12 16 49 29 39 37 29 44 4 49 47 1 37 25 15 27 10 42 47 43 2 37 47 47 35
23 408
92 236 240 31 306 125 170 177 258 17 241 317 217 68 229 99 2 325 34 121 104 222 112
22 50 44 36 45 35 25 11 23 28 45 24 40 45 29 38 34 34 30 16 37 3 4
20 312
194 174 58 255 297 45 12 282 50 238 78 244 152 263 225 179 165 307 41 201
21 4 23 45 31 10 8 26 34 23 16 22 46 6 38 4 29 39 11 24
22 225
7 28 106 159 77 50 65 213 166 66 125 36 196 130 172 214 140 109 39 202 144 118
23 30 40 42 20 11 37 42 48 31 11 37 36 48 25 40 39 50 36 38 12 40
28 362
274 177 188 239 4 22 290 26 149 113 280 279 246 320 153 225 345 19 36 277 310 131 140 312 207 17 308 15
11 43 20 28 29 6 1 34 50 5 50 24 21 23 48 25 40 29 29 25 49 50 10 10 21 27 38 15
21 168
91 86 63 125 81 106 2 59 67 15 28 128 3 50 120 80 1 129 87 93 149
48 39 15 50 10 22 41 21 47 39 24 34 40 2 4 23 2 1 27 27 6
35 54
32 38 49 36 45 44 34 28 21 42 35 39 51 52 43 24 5 11 8 15 17 48 12 3 4 7 37 18 13 20 50 14 26 1 23
41 21 38 19 10 39 12 47 24 3 18 26 8 11 45 45 40 40 20 1 50 20 14 15 5 7 35 22 49 26 17 16 38 25 10
14 195
28 99 71 131 80 90 109 11 78 160 92 177 74 110
39 9 45 2 45 8 32 19 17 20 35 23 5 36
6 150
103 137 27 12 91 0
47 38 22 24 38 2
9 117
88 95 8 89 54 56 86 39 29
27 6 20 39 30 19 30 13 7
18 65
3 16 57 31 5 1 52 24 22 6 38 17 40 10 30 55 54 47
41 42 23 44 6 7 13 8 4 3 4 46 47 41 39 8 32 9
33 410
255 307 161 292 277 135 299 318 356 131 322 180 31 88 143 216 96 394 196 10 303 265 154 164 35 274 297 353 249 253 239 127 362
4 16 47 32 12 24 9 1 16 44 40 2 49 38 20 44 21 21 27 40 31 41 15 16 15 31 33 40 34 36 26 25 17
35 234
57 34 94 153 36 30 131 9 139 67 134 77 187 111 105 21 17 52 222 106 199 81 84 221 45 10 149 208 1 173 159 183 15 18 74
49 4 46 49 24 33 38 45 36 49 38 13 23 38 10 4 49 22 22 45 11 23 31 14 49 49 12 48 23 35 26 25 35 6 1
2 466
178 464
10 21
2 216
97 193
9 21
35 142
106 126 24 51 118 122 62 117 46 9 92 25 82 101 65 96 72 132 88 70 18 55 31 38 58 95 100 13 116 90 60 98 68 52 1
9 1 25 22 36 1 7 37 21 2 5 30 30 28 19 48 44 29 30 34 43 33 33 42 19 9 32 30 17 39 30 14 11 34 13
