7
57
010110110110100111110011010111111111111000101011100101000
000011110011011000110000100110110110111110000111011001010
77
00111000011111110111111111100101101000111010111001001000011100100111110111111
01001110011010010110110011001100101010001101100111101001001001101000101011101
19
0100100001111100000
0100101111011010010
50
00000000000000000000000000000000000000000000000000
00111101100001011100111100010011011100100100100100
75
101111111100000011100010000000011010110101011011111000010101111111000000100
111111111111111111111111111111111111111111111111111111111111111111111111111
30
010101010101010101010101010101
010101010101010101010101010101
60
010000000000000000000010000000000000000010000000100000100000
000000000000010000000000000000000100000010000000000000011000
