118
201728
337860
15146
326785
287512
294144
106819
875551
207341
470133
82529
658964
189763
632386
702535
735742
413527
940705
603398
891505
778897
671080
344843
283691
905239
877655
166009
358926
609131
195974
640202
598698
448582
66161
247769
193491
485945
995423
202154
862005
747610
23995
337488
135553
755711
265674
337010
845567
79716
460794
529414
653742
878043
704108
356488
619216
115352
962847
724968
101187
889486
442583
999505
102531
207715
58947
401960
257114
196095
161927
386328
721981
497306
600041
920281
67176
516427
521761
478774
183845
245159
760211
500278
690261
855602
679984
109702
995856
951264
679911
641060
659160
266983
574265
88930
253907
586261
567266
872822
769019
359686
984208
900167
642841
208838
490585
625879
163055
411812
927616
172772
217527
382027
81404
333573
24165
20898
983968
