1293
841055695708503639
959425178137085319
749931122803476829
10000001
5607069668088837
741358470712770251
141404285057785673
934637530516627083
72765850586613900
1000000000001
769843072147054829
107514552339562106
1000000000000001
165347767004420
249885002895237233
49351813447310
1000000001
1000000001
804865977245374185
1000000001
10000000000001
110059746935138
605354119133316713
14162182592056985
10000000000001
390622840192702213
123897451343380034
912257927963015706
8918884211361212
458918366059813657
10000001
592662488757543270
100000000000000001
10000000000000001
63075819744938
641931118223153
673407992412655863
3533740203366468
8199586571965
638405457077257029
791761258107579368
1000000001
583185508838650038
100000000000001
10000000001
100000000000000001
26711667509403954
10000000001
100000000000001
441553462780356374
65883880623814740
200239086406327814
749154313566328602
100000000001
10000001
843090453414283510
576679794689148617
276942184916890258
100000001
758962348180058510
1000000000000001
114625322850909656
302016219465929082
693614707547593634
606773766864668547
669986568177078778
61088020655397813
924906833876005677
431407771082701291
2197807294067021
10000000001
10000000000000001
323649182429730117
100000000000000001
417377686746038344
5443419842465
494113253704537146
319524020194700671
446555575170619519
40462783804708389
989530457047238924
684538739674659003
136818385526212312
74975003098653
100000000000000001
1000000000001
578368030064689410
628908478092561624
115982483329367347
52137096599134374
1000000000000001
100000001
204677650072503413
882917383081734
232673200916469286
1000000000000001
983106497385565126
846301772136531957
465964721674754541
771345702025630889
970800019948273998
1000000001
10000000001
795204750784274926
388678389501648312
421991882388488765
100000001
447172661601024656
296210332451374467
700648302029165230
790357674762938747
825477826897667620
10000000000001
767176810641253725
100188904851469321
736221905188168967
794466979414561175
84006526723133713
555791750629169505
9223786925447178
869189189974360285
134668145915011247
377801138688753383
10000000001
6825590155681
655614648434021624
641495664286875856
1000000001
899971801717171172
382565905341933924
768292652706983215
10000000000000001
736460217189721338
833476303582620052
318493698312066859
92984457109264206
253974366984338
712015656986254
462020653467191447
260375797045220126
429652665585635326
1000000001
922599544042799339
620712287962178405
10000001
126623780707500984
9246641676228
252202804234822111
833689576355742667
374154988936088853
334781549595013645
210382309410586287
10000000001
100000000000000001
479228490378054796
395421465064059164
985326930246523997
100000000000000001
100000000000000001
1000000000000001
117097956308981698
10000000001
100000000000000001
30300282844137
407644957992378667
1000000001
767482710625317212
4223626738521808
8436404744343088
10000001
155238571791403566
1000000000000000001
10000001
639129110756648569
25713362771198689
105693773069578433
1000000000000001
1000000000000000001
719044552333439175
387064130087363447
100000000000000001
194907035967348534
297110709931274794
802362755229930043
637580712056061417
100000000001
444690818481288331
833122317321071173
450290732790282500
10000000001
603017991777298940
354981146055453474
159745753324593585
267418753344949869
101067976732005808
128987578735196768
100000000001
506938936865334232
571687756751502272
100000000001
746347030413113699
705692166614043334
100000001
10000000000000001
955104207698630419
797461128089709881
10000001
436040508020091734
10000001
12249148375958857
812926013676831578
1000000000001
10000000001
10000000000001
10000000001
4718399418799
749835341531130229
10000001
9685887762409045
100000000000001
730762097302837901
9178874018941
555649618417809489
1000000000001
844691142453953041
10000000000001
613368097294699415
558189379515388363
932185490283955966
100000000000001
70707672764056944
982254716890668394
917021819596013810
894896885201009485
842869413521027793
780628413511377652
608895399206510517
100000000000000001
100000000000001
1000000000000001
632345375529219543
445507685647386206
367533802038421542
433489246798783646
10000000001
67637282178992550
100000000000001
944047818947777931
93827378533002686
570735063076628060
100000001
5777097360780881
753457498556054107
10000000001
80094327552248577
10000000001
342740103844796076
773019447254507711
705300592245266771
1000000001
222822264653115944
7718014803027872
100000001
945904077512486049
56778250390657
100000001
159364094802669233
1000000000000001
635570693568116243
877290357503799775
730656688143663253
722632523812343920
646553552555460017
524816330892144365
70403798644546136
216636138682757566
100000000000000001
81768052738378
100000000000000001
248367809066560699
37793805117674
378556856410295898
688330297944341757
194810409947133219
10000000000000001
1000000000000001
100000000000001
835546794458510925
370573634242712887
100000001
889046932692572864
737905257976756127
769084126588504088
142158630645125127
751358162204410847
706085663854935500
387271507077892061
188342132889329248
489890021938137268
531517332814929693
88044295182705856
1000000000000001
81490048888967399
919264690569771306
367667544167972208
110255505491021083
264729619270183506
1000000000001
1197600765411290
10000001
4020388176519
354831556889453621
624411523513188283
35111964942250
754885404074303671
134140539214223452
271916191273106283
981247405466266254
1000000000000001
193437097760049981
835476354824111
236950227372097172
987031983648003836
61673518997131683
100000001
889335111471161599
48901832733114
994418779340798278
100000001
236261696728908840
137291705751049901
10000000000001
120542344567604375
703335277398036843
245843826410182
56945972647031930
100000000000001
782930671637583060
627961859167327114
588556016085326926
86189750390433614
4447586700098590
824655476178902458
288331708115303549
140754158437017683
10000000001
402205323838958873
1000000000001
134136221275056
901566573804307663
136618179734734766
798038786597061475
870926659481185405
100000000001
876387238481254337
331429580290356402
5309498156565984
309305121892604077
36358612860992785
643789939767082860
5874496604931401
765616009669752361
927555359635445793
10000000000001
394484367463011295
501251950952444221
42478669189565
100000000000000001
10000000000000001
94669206859609767
445841871021425180
62215761776732922
10000001
1000000000000001
938130764265008596
70646899004025421
100000000001
510477381552703024
24922972491132639
86902610245216
31495861664136703
409347236376527936
10000000000001
10000001
238342284907491273
1000000001
100000000001
100000000000000001
898017820386240471
100000000001
100000000000001
879308546825709
794610963446203442
1000000000000001
926678177252136185
10000000000001
889398077289133230
100000000000001
1000000000001
15574791956662103
274592562533516485
23548706025305406
10000000000000001
182665989342294991
108378494119490945
701374861900333566
100000000000000001
9423322577233920
605946904022424697
10000001
571584604538309102
1000000000000000001
530287485440818411
137756899501761745
39807519075479268
562811033253525748
2895863980222278
37181557609516251
5736894679964786
10000000000001
994789787675739041
23020636949038529
211143725353259123
27107530895855633
606088575298486914
1000000000000001
1000000000001
10000000000000001
10000000001
10000000000001
2899355822132
84841541160380390
555535801271696063
995146147150620395
194706353575077026
83195253529985
535175463253358821
766057445648896727
6319612051767194
73233957067436
458506520946295219
1000000000001
10000000000001
10000000000000001
751351200821313212
130802348925269270
190515635895579527
1000000000001
1000000000001
100000000001
1000000000000001
893232125059617888
897350588968300039
6330983721508644
329383426839030344
687460759061781468
972387221285372028
243455354007604592
1000000000001
10000000000001
549093520941907211
1000000001
990313223994754182
10000000001
10000001
4054160592881736
143031023958159118
935850723993128827
272873169125625458
7500089355363
347728038261498018
855878919170090927
1000000000001
1000000000000000001
812111439464808992
426511488198955786
62059601490809
582473547900734878
787360714885798952
970001733868174719
936069143614951048
1000000000000001
120981332127362639
194131879968552039
520300733765331502
6363027914917575
180430566079919805
100000001
10000000000000001
60921303719284811
6333827473605419
685782850297887
342237228031765672
209078605757433646
363642311009161966
846505057112721138
100000000000001
1000000000001
588193193959713469
448295440532737874
356619371979528544
10000001
47160453737817446
100000000001
124401695891902011
10000001
100000000001
519969806666745634
59606765973622901
51717227266918
79013979479593477
555061300067253737
246131584856153116
1000000000000000001
70304233430203949
543903290667949366
1000000000000001
1000000000000001
462540611187165204
134774971981708687
100000000000000001
2553789580592717
236185870907595864
10000000000000001
186360631942546209
1000000000000000001
100000000000001
951515922944386563
137618268860860780
10000000000001
43532853079142281
222307876055832615
316560932001874262
542391356057594314
714960781693275535
1000000000001
6512289638349
1000000001
593828081018762212
803867984074436377
800838762850481248
282524275987048990
10000000001
10000000001
1000000000000000001
557169249034624206
100000001
692823924052260
10000000000000001
2922074855257699
100000001
94534088743744647
1000000000000001
197282768107838428
969599531518554410
10000000000000001
820635523680387769
466807210719094066
10000001
262202218947875123
321199795634041914
106200295853303376
86041864547610531
100000000000000001
100000001
226630666470029313
624284193104437626
1000000000000001
975619992045238913
26472950742860160
1000000000001
334399538359775871
1000000001
610435189178169491
10000001
10000000000000001
93822700951427338
100000000000000001
698709438683323495
324396343283168612
10000000001
1000000000000000001
334246176695431
131964587225676738
415312468978910560
788277896717678959
372160235956482433
823726085140210846
9533419283557143
929973938538869654
100000000000001
10000001
401206267516359498
345491184535839045
477604717659051544
597680930627408430
764207214933457241
2627921754238
861458898172116610
209451766521136672
160397856593915129
253119866043232245
325399253051010421
68597044911288273
763893068115664565
609494183612746298
1638812083931
381634639759709293
83984566552767155
689069150698354483
450832480282951790
768396358405219353
10000000000001
100000001
835692024809714601
10000000000001
863679411924050695
549617271508811751
38009111491449
1000000000000000001
787942338803918222
821017557454561940
399885752558834700
563458819320228094
939264518767575
2161577384854873
937727113813676568
401023339899163253
186275867957743062
100000001
778809022261931247
154564037533891595
431983932317243229
208719550542595951
595936328402536136
10000000000001
234915832509304858
14320128559383
10000001
452156360281892323
664033953519338443
619070056972179083
1000000000001
125273491783524569
32800296420610256
1000000001
213710132810458576
513978969134450713
991966496036684425
100000001
25571020000775854
128060370139761208
605009094770548942
1000000000000001
675514370825563621
6421140680753089
1000000001
255224910344107572
10000000001
451401772466804076
304230812981043679
348770076494937068
8253588667639130
1000000000000001
10000000000000001
884740233443842759
86592284802117380
1000000000000001
1000000000000000001
74295035361783039
10000000000001
100000001
355152399129891549
10000000000000001
342753237782927213
310414448388182544
482667036993868002
282511693934559
1000000000000000001
497825708855932757
5629602324511
739595180021988034
85654235678891451
1000000001
10000000000001
100000001
397668742913345245
100000000000000001
1000000001
665212286780467599
880061078164520958
100000001
100000000000001
852075883181664891
298977781763155589
51615101561509640
4830478406512
1000000000001
111433906694
163511292680205370
173421636025505163
100000000000001
8306033135873
218984422122742968
98059101012225566
10000000001
457815056140472982
10000000000001
1000000000000001
95281352582035
606431178712602602
336394178521075009
778863820147173512
10000000000000001
49302444931923386
1000000000000000001
263053648125831767
139194545995016615
147108234710952340
1000000001
10000001
843283737982223844
779138535228180746
99164747980526
777041809819849601
501929727546488559
136746938905499230
71367200154564897
523074237594758029
108779119577936922
1000000000000000001
527160383024445245
1000000000001
398656283755737765
10000000000000001
100000001
10000000001
10000000000000001
813447130125386219
260898294786126305
10000000000000001
572077566882702117
766542336261698035
100000000001
1000000001
553223885825056729
298880506920123558
494396266398593064
10000000001
25610805454343273
10000001
656540790583719761
887091103694331764
921153111300920243
836962482728190590
695160930541712113
459450898090498846
356969288311684950
121756592108842238
100000001
1000000000001
100000000000001
76005365579676
10000001
953337558626767649
334606249858163567
361379812950245921
100000000000001
100000000000000001
933033248808382944
79604120477444442
423873843768408901
108305505147279513
394956576065316151
342503593069394171
238031950509238561
811607846384815335
100000000000000001
633601953849417427
19074610207294631
727695757791621816
484134933830758172
229505494225548852
257124223198802879
5557100813654014
100000001
406361662301692886
258386721646798555
10000001
10000000000001
10000000000001
513009496597288503
132705365844344150
287259852926348650
1239728132970
783343431973756859
57772095403676885
5748381245387
10000000000000001
213779459890059821
377850661901755454
10000000000000001
807703357672814185
41387482669736
100000000000000001
10000001
512061423657436760
429864386331544299
94361706947622915
128200821518770
62833529488894124
506636171180664545
100000000000001
10000000001
784538972342885496
100000001
957868251328393788
10000001
435462833599562002
5542150299752
10000001
162703391511159816
10000000000000001
1000000000000001
985506846866861361
10000000000000001
971054030749691059
266938014825482
1000000000001
936709601614787
20223056138050282
12097683216114476
289474219707193737
100000000001
368839270458006665
406434659590535270
47619678040598
333406725716392310
515182605712410960
162217521401823637
10000001
49363241835670
100000001
112591534775435934
298220407704104603
10000000000001
100000000000001
239758263427135821
224904761067940738
411070855084482877
573110333734899195
100000000000000001
7815225259963
93428932318034520
1786862817744933
918190479664009763
782385921293184521
61909897331308
1000000000000001
635307159567396196
693479304274593777
503651576551488083
769332772331627197
269197084544186115
585055098347543752
18514607567411489
10000000001
5012900667775
518773974484540826
57832663038746
101336004419518612
430018351874941506
100000000000000001
7147030522060
190911455390465765
420930744913041045
1000000000001
908360739154355094
79719779065018
100000000000001
6042705593008287
10000000000001
100000000000000001
413118947543154326
337926608547264758
453903609649927831
100000000001
883731069929798851
117811683057678476
822237457754842072
652057372952720896
9320159556593383
1000000000000000001
664668252157895155
10000001
804738796456906732
874773066069903
950330076937678971
443520415355210540
924296305596343913
387948463513086526
280663427444267596
100000001
10000000001
1000000000000000001
10000000000000001
10000000000000001
64329682047841650
588987929693036161
764981696783763912
711886249289431330
9261689331719
76668576708767333
174111212467268062
1000000000001
758662425986774455
983684120908489
290385381410062805
10000000000000001
2632865521276105
100000000000000001
123815999948876133
100000000000001
52214509349127505
401642578217885705
774970245632333014
949842828305576251
141421766100728346
1000000001
663714788673739409
542597212221521209
369168062338450203
476255166152689898
182390672644695266
468297789472606080
1000000001
428136724024547782
100000001
920195243278925120
337264679075523442
182642121296938655
595822683918812427
334484043671778
174045513565446774
656069014497897
272865760966799
998003815929356764
10000000000000001
772749784182170567
2413797164284
106631907797941248
843862313099638782
100000000000001
547663909338191099
1000000000001
1000000000000000001
977758109178532084
891612981573534522
100000000000000001
100000001
14512422558221802
166041441451967396
11110485499930
85532088417405896
14012186992968725
169390920641054691
99143292787093060
479969345774839854
10753814843145
1000000000000000001
698525841403533609
940183441087
848722802631
241327590495753868
10000000000001
286100871718975858
289241219689889570
407430231509078336
40887795062570785
316165146831534
100000000000000001
526712999112972729
87585802377953742
10000000001
10000000000000001
327495640356823298
10000000001
1000000001
1000000000000001
100000000000001
53336937772194073
312099372307935095
5100618145903509
572594968335011509
38677490602238312
744934985382455458
1000000001
813637655920442019
100000000000001
1000000000000000001
917913216515225975
985235077751743212
10000001
370658805687020086
587790889889243531
210761913715275345
908301001989252105
32748626815336218
516824498562948907
100000000001
7737749736033843
10000000000000001
732189587838270287
529714539566099620
16336417634755
100000000001
364442548943146896
14491519257488
335959513719502890
1649482725332
292432275419705924
78139514692512
404847514444506763
690262266162704029
187601952263460382
1000000001
1000000000000000001
570043827169297652
1000000000001
166795275651498351
811077634336161232
1000000000000001
13358695184766696
1000000000001
853371766934953911
100000000001
100000000000000001
127854315890708238
4696978901230
100000000000000001
1000000000000000001
100000000000001
6910473849797151
10000000000000001
252311622392101281
62356695932823721
4061762279536353
609162151089089063
1000000000001
584115833908732271
1000000001
7608798381238
10000000000000001
100846884670337
4368956130803
100000000001
23414393975021
10000000001
290646822652603964
10000000001
397551203079770066
1000000000001
180649022950842302
1000000001
747873309332861314
323577221024755375
3243309474625
100000000001
10000000000001
1000000000000001
10000000001
10000001
166980683587155725
344540524247989070
740320364259544137
581886007981176913
3328084075380025
1000000000000001
479036257639454064
473898523788049890
1000000001
10000000000000001
1000000001
10000000001
495865166326917904
805303188262026353
10000000000001
1677054460907223
10000000001
992100813081367967
10000000000001
100000000000001
10000001
925536029796507117
100000001
1000000000000000001
100000000000000001
682656978824409975
10000000000000001
169406516362007701
439605233092053612
944408450379030371
1000000000000001
376169646282680904
976065063821353818
459756931050970490
10000000000001
635852208284700831
816367251704282208
18621743535230116
776212670579296950
2934642691241066
94033862739318679
159753972339114419
5965916596623853
280302865963848
10000000001
1000000000000000001
460258464621121338
100000000000001
94721960401421292
815511857617066736
10000000001
459736722733180311
90293074621758556
56250688479700
733874356629627663
6718732742393630
219953373755811289
148113969380309302
5819809058573586
364079613872776435
10000000000001
805505778423444238
100000000000000001
409249425396009226
100000000000001
8475177963032121
1000000001
161906751483719217
330079579141649117
100000000000001
10000000000000001
1000000000001
1000000000000000001
997306845477976667
326871071494078633
59222980924387005
752108284843414992
100000000000000001
79462516478920749
420453809080876302
532873990747307737
67669079659517593
79523911066215979
100000000000001
1000000000000000001
10000000001
141685319956374504
100000000000000001
293064017802795593
10000000000001
10000001
10000000000001
1000000000000000001
1000000000001
749275981390173549
761381526358444378
69890680299155
2128907607593812
713631235213166578
807140245274024556
151754116597145985
100000001
208353894098685745
47495001141953647
66148316152370510
158720998057130930
100000000001
164486143307665186
10000001
1000000000000000001
100000000000001
338178284051599230
953496154207148647
948536913323408213
3930708759692
1000000000001
533320001939437961
99430043975896854
322382711010481572
771623257849773525
688033211537955126
10000000001
495791140223644433
755501171479599566
857615424165853249
1000000000000001
507619874127530365
3502130130829
20327410325460034
471487848721698293
100000000000001
100000000001
2201278928462258
5961242644057940
2885149142645
10000001
105332933977191011
738455572720652749
303352392547397783
100000000000001
625570615769990200
571993858313314503
204726054704867473
334796863759573380
100000001
1000000001
191793772280941247
531821693599460582
1000000000000000001
100000000001
100000001
24086978824711
6565392136611
41284471784582
437432032972871665
23367737460481855
747787049143823147
662667629141747956
385800861116823229
242093564371638628
267353892478504088
903858226024742774
906347517061797223
557117134751577635
100000000000001
72910743095803
744449596299409
97893380089311653
1000000000001
4873435151645686
869555286999513512
10000000000001
327446871141793845
100000000000001
90494360751497310
238538255709267971
882225738717641226
7705512249577540
834049738732808395
749793172997423205
600813410440019226
432619113002226818
189393707953211006
443743715857954649
382487512278691276
100000001
89700572574334
986918577421369951
1000000000000000001
152390350855
504393245186150140
629483992923798705
10000000000001
100000000000000001
429631214105900834
1000000000001
12121525509842958
877006366743189941
68141082579211752
516839931000515245
346914846442086231
10000001
679686337505706247
814790806095359752
435516863363932513
742681555687091482
10000000000000001
10000001
615022636150256312
846532787594559093
886419356652618589
100000000000001
65295844966060952
100000000000001
100000001
285403298185043256
941043625151539800
932996673018268
410900005010547076
398484189896951730
523091854396416394
