522
779547116602436446
335408917861648832
252509054433933527
919845426262703507
10000000000001
1000000000000001
2590085301951932
1000000001
520974001910287008
856674611404539759
1000000000000000001
100000000000001
676105575462224673
752304352384837031
1000000000001
827400899818008670
766777666160449258
164840759168594328
543390476138996281
100000000000000001
586662754350034117
428344292824284781
10000000001
428555991677960020
256931203846045965
463213054346948182
638053021506147791
100000001
1000000000000001
446451777189766496
10000000000000001
922348607469187555
5998708811740084
10000000001
439666978075538409
530147934509928171
522525742014723532
1000000000000001
916964465360472227
21314793613363528
100000001
14632653076823660
1000000000001
52966605322056643
100000001
166067991026697465
138811555992120484
618436054499482579
1000000000001
64542424183587658
1430020340430
423472610938208048
771740258313746610
10000000000001
350105358316412621
1000000000000000001
1000000001
1000000000001
168176140702179599
7576027560843384
350894159110880194
262172085233703736
10000000001
10000000000001
58578910710657
787629613935422131
805160960219371658
371852254394003010
10000000000000001
454112291922391023
1000000000000001
10000001
999611571081469595
21839873092357233
186355550318863621
782039645842455
100000000001
100000000000001
593694707008454576
190080276269122671
100000000001
1000000000000000001
101765673897273537
266726083774034473
1000000000000001
10000001
1000000000000000001
689673942923371906
1000000001
100000000001
721595990997981585
946433266735514651
100000001
1000000000000000001
981822286016497554
10000000000000001
10000000000001
1000000001
232887071721022396
560550472249589381
100000000000001
1000000001
100000001
100000000000000001
10000000000000001
769483004587344418
100000000001
100000000000000001
365003177111963346
1661759726143
1024448983964931
75758645129816196
425776242042151
867808357075
134845565732593757
100000000000001
502764983190081164
116841977139980834
156558472036571916
576340579644803110
1000000001
455675344222572531
330531899654569123
100000000001
7871963100672
10000000001
58182640352785322
310622381454385
779862621244157625
4430126712904453
940490969742927784
10000001
343259365590891044
6031122810207
481588504738587234
986972907966495316
606976061774825584
2633789523541
137037436419646351
1000000000000001
559366690868178468
805964752467569928
1000000001
88417763111818434
613789587233105121
100000000000000001
1000000000001
88349261614399
100000000000001
4470366351165
480257524873242362
330274408319497139
146328185478540016
100000001
100000001
1000000000000001
563018107513566956
865921036973756696
896478359339701694
1000000000001
887409422346802632
10000000001
210160756974869731
10000000001
916036437980050296
268681658453389772
524786778353453304
10000000000000001
67451182137576325
48626745116565975
100000000000001
780695231187469153
10000001
146195086437108385
1000000001
983769096788198812
218369010792456765
1000000001
68437676123296
401166812080507209
100000000000000001
816149775503356354
10000000000000001
100000000000000001
650851589428263767
66661555873556344
100000000001
288877882324531093
223260108199712396
425284844705025752
63627426266288
39496075230402736
100000001
4163918127160
1000000000000001
488876833831486994
10000001
839513729012851110
1000000001
46267275372908221
162120932599291533
100000001
100000000000000001
475128573936098808
100000000001
39224794168476136
81664576447505034
282915885258668440
760622398215990501
829185315229118135
67924935571910731
590503225096321256
1000000000000000001
740953252628210911
759008498097416818
8478266041479965
1000000000000000001
865046135843503087
653669859993219868
1947015257066
999184751068242587
9367299539862
432283454575037510
292199715219085913
39225143986106394
549755977999698941
1000000000000001
103095687123373331
681580565430291484
516878729306833042
184207882988188827
8796526847098237
295072273585134856
10000000000001
576421298888635513
523806563568711307
100000000001
1000000001
1000000000000000001
920109384193618459
551968754076500809
91611151156644778
338570687954613949
653440117226309973
100000000000000001
833412207647468787
958567889159251071
8873758067063
852436198375291128
10000000001
10000001
326831366370156716
76879819483777834
100000000001
1886016667469
100000000000000001
988197268671280475
837750394410751476
106230792004286627
10000001
227094759632516575
738642762304075328
1000000000000000001
332423986530654107
1000000000001
10000000000000001
10000000000000001
3403137538955
80629281433700485
100000000000001
100000000000001
78087489063326262
203290316723969416
100000000001
191398177505207935
757723216920859825
100000001
206650272805736199
743957611444687798
100000000001
925989828610607974
580089160278609990
17472406664785633
10000000000001
399594272448242695
256200823919065205
10000000001
922905901822568906
606463510751608443
834821728612812036
476830645548177157
418937929012923007
8605221408410
982521100001828384
161504075828117848
24732875433293734
771820915386425100
1000000000000000001
782509660305210627
1000000000000001
236140588740155791
100000000001
2903241325240288
577094058130056588
600992388608441426
49709742381443
730409279856256
10000001
71970364972616
437515065823836
1000000000001
96744492463664777
10000000001
97802662858408350
347389026526542
10000000000001
581046165540020314
1000000001
100000001
10000001
10000001
337324923846357005
941725354112155024
899911267035553276
10000000000001
72376083770781567
8986144577995
998959348412205607
85239564664790
541404909329369968
100000000001
167706590018422312
782497829966816157
160332427043738670
224268505963973935
118294798082565330
100000001
310676765985526749
746673603754884543
34982279129199
10000001
9052910759775922
875051678032618447
100000000000001
10000000000001
51642006141418776
242689534521447595
474475857360286483
597084977608916053
851756679232543651
10000000001
175298229061026304
8925831861595
10000001
230342035806308939
716877289050254030
183618239357553
279770157451046867
10000001
1000000001
22114088355872172
288383727604439221
10000000001
961625748233949124
10000000000001
1000000001
10000000000000001
80719381906276334
736840984831297846
3499795883423883
10000000001
295741173039480250
833015511201874
100000000000000001
10000000000000001
37052953172664857
691102275560986643
100000000001
569938085995847735
100000000000000001
651794641932363352
569547643899019210
56323888484874003
56088637370816813
216907165361853110
165917844369101348
536649492087804853
8957771626483889
744035620088916708
147293205216478972
828078180979049
359519162888577444
253554032479567388
10000001
460909829981964513
540651097625582416
1000000000001
827435904937443091
205507462235555921
100000000000001
299367008131189218
632367543396372446
100000000001
738275426103001634
601188560276199275
14885493094522985
312339040598676181
600439025383984009
494445148332695075
213935146453652063
10000000000000001
886029538583796696
329861100108640000
1000000001
155050244126778560
152400350184082
432152036360630317
1000000000000001
805222079642176185
56424082932986978
100000000001
100000000000001
99752320515830026
539567512958890661
1000000000000001
913111323055997044
164385046178881794
325205470768424729
7068037837246
31728793227577197
1000000000000001
100000000000000001
704366870747493005
6377120548019973
10000001
8572950978456908
10650252698679
2322876571600717
839662977158580611
1000000001
100000000000001
100000000000000001
430441545105114664
10000001
10000000001
290278700208084533
100000000000000001
100000000000001
68358662731284
10217641045830
484858651923652507
100000001
597905066453569161
432006386790318705
100000000000000001
713813308841245433
1000000000000001
1000000000000000001
2703785751720018
71741370235828293
452840068569900685
24652381038645173
1000000000000001
895161521171238677
10000000001
937511708205607239
745208149406721
100000001
1000000000000001
955563385664674436
59661794109874979
161166075302111140
164393500840803720
10000000000001
45859093440522821
589269666923648983
100000000000000001
364617440749254101
469146681899116214
10000000001
652238568728659702
10000000000001
853646570770924439
160643920446954164
209894955577285528
271338355703619933
161392820341479797
1000000000000001
474878300492805536
1000000000000001
430699635313204614
475093877246708815
197422433158235736
7743049935649
110366357022648179
2047746009298
100000000000000001
190728095074160576
100000000001
688721179420882293
100000001
505089183883315710
928927090547830412
10000001
38828901020031434
1000000000000000001
163205608396719609
549366698266229727
31897456181772104
100000000001
430556197323792565
271185094610450765
812745318311666827
787285847033686
192848544109705085
238562311151802660
1000000001
321455648551807420
100000000000000001
717465308314622650
601580202787746216
100000000001
