5199
100000001
536024226710524140
2464301555386
157972771579632633
100000001
336741415758245931
4089039775431
10000000000000001
100000000000000001
392330555840033244
108029508417016807
10000000000000001
1427869280340769
990358122320880459
171252952315839747
443701578499134798
100000000000001
829406490575528608
834435714011717326
100000000000000001
351090175000565135
801607864531754206
100000000000000001
224866915012675717
1000000000001
555381618665856053
10000000000000001
1000000000000000001
455913494383113159
857375929296071921
894555420459525905
701029340089364675
357989920978612086
10000000001
454660523556605499
298152201242249033
766871155720116716
597908444639762346
410067248193024978
547942639317361639
248335068479498
596916086260933297
177743074404197062
805324463353542105
879651880000333258
8280340957290599
394097497523628128
100000001
1000000000001
659892852783362701
718346337092953074
1000000000000001
91091336615679663
10000000000000001
431872710112471201
100000000000000001
180608753811138664
384145825280065643
134707442730803564
1000000000001
10000000000001
253527503840464652
62207034238564384
143801259314922466
100000000000001
5335609733963784
624003448561146696
272539247850982940
740121338754052895
100000000001
100000000000001
1000000000000000001
480835746703864455
146887374218576773
1000000001
100000001
79152297860534221
833498435249657739
95807578027355671
22052365459878
239762061292692020
100000000001
133572735122767546
248611232052371126
10000000001
1000000000000001
6675525154460
100000000001
425856482940889
100000000000000001
284189769428899624
10000000000001
253546869182916187
901704511682590568
883938210930248473
926392852517711465
879460635480054577
10000000000001
332552631154348816
640415265428580023
173796298335916641
702276801747319336
432796763161973706
640235855953652560
244544120076702810
919529188163722418
169655786923563120
1000000000000000001
100000001
130380410037779674
393444143790300334
100000000000001
10000001
284022954213114025
938152240273930401
10000000000001
10000000000001
426415633199627684
241282931029154708
100000001
10000000000001
918549318155899058
68058815031925922
326457832975012577
173484428568523559
1000000000000000001
100000000000000001
719470325474521396
708732705186733242
458834122095602094
379993169419134723
100000000000000001
922003553475631473
100000000001
9002009197908700
10000000000000001
72339419231158442
365289629449212751
575309490977452504
222937601281662502
934828699772673023
701929640736941774
712902614678016746
438988249981819057
404052702507771153
572623170232106080
10000001
1000000001
642990464416270810
695858250488119000
100000000000001
96004695635331262
10000000000001
438712357054722918
1000000000001
516249972568972852
346949742164112135
100000001
948042794137709115
792431610231261
639717049512512869
7413191504785
443309031473121440
10000000001
881023303708959632
144966722013587705
1000000000000001
435830122283538124
362421183621939155
343648566419393961
17638441383550009
1000000000000001
1000000000001
263715825868330368
660311345405719350
579815445793411989
926718007784081067
29693098321122591
644290333891028720
85436980604662434
638140529037328657
100000001
100000000001
100000001
565571938147211867
10106401630177
10000000001
442478087928413623
79868922168259122
142937588030014990
47178291593855059
69208595692908708
423890213784941661
441801120700666681
344577315589903439
272349375354393496
529605092763382031
1000000000001
9646214939911
683019805548830582
100000000000001
100000000001
575095429921994052
1000000001
856660763904769865
1000000000001
1000000000001
100000001
24008989554262997
384427487653591189
10000000000001
431893442857071286
1000000001
786720619080856923
338034562282224248
1000000000001
240969306492599336
100000000000000001
100000000001
10000001
327156240704861990
217910279129718174
100000000000000001
1087869049837381
1000000000000000001
1000000000001
409438683122499237
10000000000001
941187779063098388
340515326757708083
40319282860396716
810615036596365
312565707339210241
10000000000001
1000000001
66639333191732916
5300246265963
548614209505187311
151381239033087652
714539995055760060
10439089315424
979875687766189354
759262778770718713
1000000000000001
3472627898287022
1000000000000000001
88762726892499334
1000000000000000001
329505835399791558
1000000000001
8358862449432
68005256546591085
161572781732082157
587667099454981773
223572131604327492
198902218064847706
6733884296043
282579644478245621
933493357972912329
479133416744886402
588841155370366548
97558512001128641
675517934858824278
946349056148496
1000000000000001
100000000000001
164672453623668840
1000000000000000001
383993535858855322
722000137001902875
10000001
859610183141577315
1000000000000001
733363276761764170
59835842484
100000000001
1000000000000000001
107613711187789019
10000000001
890256896747227069
997414373943890518
17776876567952141
10000000000000001
475940939046151858
10000000000001
722088837168873334
1000000001
100000000001
13423014338838633
320066134257784288
10000000000001
100000000000000001
215317231770182629
225269111894475420
865006352240030
743622810028240839
1107357469506320
100000000000001
296743692113333201
326488089717856284
533121110024503
74054911629022
306032858299530106
436309436283714647
100000001
40534687926033256
296781376567531896
992010833549840343
15992375943360212
10000000001
1000000001
10000001
375325579594966
100000000000000001
10000000000001
313782623127770975
1000000000001
1000000000001
393314758477522431
10000000000000001
338819511889961362
96650597744311419
100000000001
486894019013130453
1000000001
856793556532414772
86723772104546534
247099377013298957
32378580134208670
900099819113301692
853364308833846209
1714816881311677
953872310697882364
287776241774415891
1000000001
866301282857107573
10000001
100000000001
664429344460817
10000000001
100000000001
49642585770441565
999100302902154160
10000000000000001
37795119860732
100000000000000001
367901541708149327
484000499876367534
785499027917546175
788835023204503276
100000000001
91008354899689
197608415726149112
504475816107576566
10000000000000001
434809797254414669
10000000000000001
95623703696429
116803806038033838
291144284773494365
188946663454976686
76517366090289573
100000000001
5610662563077
10000001
10000000000000001
100000000000001
1000000000001
1000000001
1000000000001
300020083370187736
768362919942512478
1000000000000000001
689214972974118844
393044332780178439
3653903437948414
419883277862053252
1000000001
297024336549337471
349877274633680411
130605623728580
128362775319034516
423903453994274812
6495076149711996
10000001
590067631835086565
129406572708573464
635553144527478023
10000000001
470588216054403345
361955100872762846
116250787294671044
10000000000001
10000001
1000000001
895638078174657788
10000001
100000000000000001
1000000000001
452339411462655764
100000000001
513370648087776729
754603456606381643
8813540229494
2405652504896370
100000000000001
567701514336346716
35281577226545577
801823392538439411
650536370045159246
104476196911875991
730179143766468620
691170243296286619
647296976930851958
933238619400793454
681797169087455654
602695652596916099
876497293739363593
816226084587012958
118174752989416772
54440183516591202
593639145633297148
559785209826843
392043238752850875
177413987137872182
100000001
940107075517504035
16979309006892155
834076640097928515
45572903022631052
558673022866901617
1000000000000001
236191204900853207
1000000000000001
84817500788328
10000000001
762748778919777646
64258466294661
1000000001
955045185856950173
499364599616390433
872724827806712191
891424312189115498
1000000001
100000001
190328148350324931
687384495720468450
365941166764835627
1000000000000001
35381003019492130
353125425840238940
391082919411722344
467913162555432111
419245432050827910
1000000000001
229795537873731916
58423495346011169
235952957650087817
10000000001
554132362472396087
677242212556161050
74724814356171155
10000000000001
6479251507914755
100000000001
417499914910511963
128708385411891416
1000000000000001
461542814731074398
416304985096828080
890301192166080638
28777266769686958
89194346150303677
100000000000000001
1000000000001
474548510757830085
926718105188178471
145894201238583994
60792762455060773
3994290219683060
7967245409236436
214730339920793206
576725571327350583
571366310079540730
876580793735375683
441366616015098641
691858088262951246
9267653333884
10000000000001
10000000000001
1000000000000001
1000000001
921431867097177635
89517973013278425
329904523725233901
1000000001
52713713280460764
373207085568215492
405294848500594075
100000001
806841261900674
100000000000001
229347370856943032
831730129863000204
788743602569651719
100000001
73186511851321
69863020592819696
74651899149088612
94931318016090907
100000001
362026027976752160
7808063010638
947719453035182116
1000000000000001
147652813841374164
788853509053159
70431683595783365
1000000000000000001
100000000001
6141503478398946
5643099262093619
1000000000000001
562073772366330674
415657892882835638
303509537038233529
10000001
288768019428019824
202731238597251950
416663152203937178
556872584569360147
100000000000000001
498039496765428448
10000001
48660530572148797
484357945744232480
1000000000000001
670220941147165959
10000000000001
323199849288301915
10000000001
494785699160739535
5842221814375061
9394671800562732
10000000001
248410888828122059
140636763890587255
100000001
640099883990455955
608399016332638050
100000000001
10306706152695846
641292337749867737
1000000000001
100000001
1000000001
536864678820339676
188713919611510829
519227389028194950
991563984220968074
100000000001
457814911513158284
1000000001
1000000000000001
100000000001
651020105319638405
1014238442881
10000001
366277169346052228
13878087180687031
1000000001
3549846015405173
263357078619821434
378371986993953302
1000000000001
1000000001
1000000001
146338395710490454
868431745115969459
240371982387742016
709364218491915185
100000000001
629085213911686927
10000000001
1000000000001
100000000000001
1000000000001
23619167358463
1000000001
184336841229344833
904977364397854857
1000000000000001
100000000000001
10000000000000001
10000000000001
1000000000001
100000000000000001
1000000000000000001
1000000000000000001
1000000000000001
1000000000000001
925952482219942611
100000000001
9119014108159793
10000000000001
1000000000000000001
8028103827099699
728587478075045976
194760291128428199
310900247394936495
10000001
4448132824256
205357153439883172
2487392883446903
915555204772888657
140858181563081942
599840164882944473
100000000000000001
1000000000000001
1000000001
92106001655806050
662878308206327803
5822805152142
500654961351545
235468956155419647
10000001
388508365122976615
10000000000001
1000000000001
4409661891306921
954153813100858948
100000001
706973519041581652
860557286057343598
465914811839607193
10000000000000001
62225276775058
60435989519189110
420453090649504227
100000001
1000000000001
10000000001
927088926551217759
151744094525274249
10000001
862059107668726532
699141718708588164
10000000001
648768676640077973
10000000000000001
400204254371993434
901879581411706017
100000000001
23995129132667
1000000001
10000000001
462358147223148023
174108600624961987
10107803931192
218827508996729871
364364709611910937
2313834675991566
4401479358265434
17659132290743993
10000000001
43028528350734815
83405035967119251
4241252877579470
364867150141572288
954612146987499
100000000001
548569584198227768
951715995623368263
73690382307052353
905422799359555110
298090675213331
90497069315978819
10000000000000001
100000000001
3700891710406
1000000000001
14275173648692979
835092071358236267
100000001
957885676598401555
20670099405762
1000000000001
640787122854602592
10000000000001
491231586259777406
704606568377184373
870443957891549289
100000001
1000000000000001
866313729463071079
984183568968955243
10000000000000001
867766201682240527
38154443146616060
1000000001
323669858893357438
1000000001
100000000001
885599014556848967
775820701373349849
10000000000000001
100000000000000001
937233647551146888
9071622280636991
100000000000000001
269539468456491636
647608599538121716
3215326250224975
731959214687460580
460700393550245901
843848175601555026
639036401567832372
1000000000000000001
100000000001
5291537163056225
587937505186161250
10000000001
149858078489712656
2096815067237
61074549993386
63144397771477406
655818278350073988
659029700980041951
108827612021829325
143163718512822559
92211706068571975
10000000001
1000000000000000001
132386090134191102
339900425752825988
914715424969152961
609098580708541218
914236732754837749
100000000000000001
847798056551372646
2488677396805395
476974325307096330
366430660041668658
10706237714953
902538839480995988
478093855609635907
100000000000001
276581419649841240
1000000000001
43874601776386
10000000000001
792511908596914955
115596871241852
100000000000000001
583754752124668051
918393081837902605
1000000000000000001
29735965130239
10000000001
5316485914841941
414754508439688884
1000000000000001
292549513596207773
780642244560850933
10000000001
1000000000000000001
460669846617367997
551580927159976883
100000001
50810095369887
1000000000001
1000000000000001
964222497098599291
100000000000001
880062348149999356
605432930147549346
73541310034446287
294937752696187
393512331956124323
216250152837387889
10000000000000001
10726531417789
628841868464163267
391298992198266288
100000000000001
10000000000000001
834034745065911032
246446866351360334
696692959188241394
912583086367933454
420703832157411454
1000000000001
269014230613025890
1000000000000001
39958298494989160
100000000001
100000000001
530940939934204815
100000001
834446767296313153
76523403963485
1000000000001
933244480851476248
7368719349682727
20572215440895
1000000000000000001
879024233368354345
1000000000000001
538862199277330093
1000000000000001
670672729105831805
909629511855602227
100000000001
958725984311351661
597519429890059316
331609144239355470
100000000001
810351565118225721
59687662570678526
363850109705209811
755592474449813
947503805996356388
484217708279477197
1000000000001
100000000001
20530837330854647
565778112614080837
283906332669411739
916803574230295982
871244368428805859
502762725968442796
548460697221009340
369272702398780729
134835666217531382
101406700244591621
604335959611022833
9245453695824290
100000001
909964912346777860
511890684464729567
751982877407640038
1000000000000000001
307918971487218666
948430438590767871
601737344031088442
10000000000001
1000000000000000001
443254781469228387
10000001
100000000000000001
58219157882886
100000001
3655620034310886
100000000000000001
816365069663286012
1000000000001
6231568260766625
316606651528141233
977155104137719184
428553995922167604
10000001
626205047715313721
935678416927464209
745049306942157723
100000000001
2803847809356
277131228020232873
928219053461574252
1000000001
42030381092907193
489668378763731909
100000000000000001
100000000000001
805102168326886517
629510246785084596
6073808885786563
100000000000001
615433109757494325
105670708333588156
797566360607688350
741236014598840616
47804401314807
28168321227056286
76058908523979425
933700150906349849
251550034295428139
804588990056521881
500645348539340055
100000000000000001
317122342349959001
1000000001
690774634838288
100000000001
505546209154987
8025559917474173
1000000000001
1000000000000000001
99164851554799162
1000000000000000001
1000000000000001
183552966664055453
98129556568352826
1000000001
977879451617995651
1000000000001
24574763255310216
10000000000000001
816521447782684096
580250400077853429
982309859013132210
1000000001
10000000000000001
11943286273255853
10000000001
1000000000000000001
65458573519007
100000001
506340016507397461
1093717945148429
789153006019149198
293972619493591975
862482210046334441
100000000000000001
16060655938553336
275097121230346687
149893511866098
1000000001
892032775359342072
344482415969427699
1000000001
614234041024832733
992939149738388394
855710903386719909
659417904741457434
10000000000000001
47767416896892275
920859674034431634
257343372730251517
681449670339579261
424997947737363
337076188742859724
314455452894361714
351262133811766670
10000001
1000000000000001
100000000000001
100000001
355175680761817596
100000001
56906402625514244
615850546518836909
383982196272566032
992882060423011342
2830413774463
199500907170150241
605356589211670701
194513635010463619
909467211210880162
344983956411570380
692279585241699493
447622105429966489
265658258794327904
1000000000001
1000000000000000001
16550939390232
18363575735463025
581179967849590742
356611528628589100
100000000001
650103976535861726
388286259503176959
769736493376952970
264352081538483649
10000000000001
406384569395805
10000000000000001
100000000000000001
152914792546639632
868514015564866221
1000000000000000001
4928684953643
539792843967087570
740370061802841180
350120503141524419
190563976365588819
648003336143313476
100000000000000001
262551179958253613
100000000000001
319769874411209515
70527509980350246
9373714816697
436624527240712915
1000000001
72533201940260
646391427289136265
176888668957437186
337247708162604708
9343656050377
37632182657900
470014286872043265
421328786984612542
100000000000001
10000000001
220699610121588827
822889389048906590
1000000000001
645621467116621312
645894373139474506
10000000000001
7840502135016320
293032929757352056
10000000001
918052689836384027
861986043588259961
85215333236761
22127235638237771
1000000001
100000000000001
23936542014288
354205052171356360
96426736176497179
100000000001
119358047808064880
717995878768441006
547844738782845411
1000000000000000001
189133138569924478
723000972666969230
5550244961469247
317635277089606096
217106400735069261
10588317526270
10000000001
170040507324337284
1000000001
847522315042403
462097285392589335
100000001
1000000001
618396780550132210
10000001
591690593620855121
250323709461883468
387858651278008051
651627512149024836
913215099572172419
964870467976632281
509813355812824069
866581178306728764
100000000000000001
803513755412432420
192596365733035386
465998216934278790
125908337447494896
63101087415473385
858323543639685317
716124735374172772
648399565344116479
10000000000001
196356924770173783
10000001
10000000000001
1000000000000000001
289193769175684629
317278273098408618
10000000000001
1000000000001
76023528317439510
161068447221883559
10000000000000001
922288355826412635
978214753534538555
371286144055791625
783361420290030338
762869126237999584
100000001
1000000000000001
920338929870496189
308211778154378728
3434519749947
10000001
100000000000001
776029517029741001
14979640997161670
27349712159086647
326490402669795132
286046512519771282
266436553915754405
830531353539977305
58238590020009850
981931581623991693
10000000001
100000000000000001
9270062260424689
100000000000000001
671881106375242689
725003180653444359
7155408976880753
10000001
9579116535450
10000000001
100000000000000001
1000000000000001
283391965674980490
389290840368423036
100000000000000001
598216057368526184
305346342462037116
439745545422877749
10000000001
411744965130920471
100000001
884842586752296982
965990353243261094
1000000000000000001
644209116665298895
10000000000001
37346767158691206
91874098385354197
10000000000001
560799302041298056
673093747536732630
55509220102350157
266938828656500
87288797138759743
10000000000001
1000000000001
760312024433166800
612365133948521584
309340922269660591
1000000000001
124694854497972412
375556646744053924
152835445369483921
205766171429820193
100000000000001
416781228505638605
883975513559554585
451888996589937360
100000000000000001
17457697982577
804125499928108763
89224910857266649
100000000001
176181419542517368
10000000000000001
731516366111066660
338390375318629543
1000000000000001
10000000000001
10000000000001
1000000000000000001
676577695868693824
552896499638799096
25662684790481662
901908666480175401
894277256459788
199735667569079609
100000000001
1000000000000001
100000001
5798697922017
1000000000001
47294227930957018
466615318006898684
100000001
1000000001
1000000000000000001
274168636766054622
13960258266950902
208335586285140654
1000000000000001
1000000000000000001
962944934534703297
500061163031814782
10000000001
1000000000000001
10000000000000001
275998779994395023
1000000000000001
100000000001
460901992101914650
777986293527974178
1000000000000001
1000000001
949244578553008232
340794383354103649
440093655764338121
270998543239083045
503314400948227228
452692147260694569
58832624832365120
10000000000000001
10000000000000001
1000000000001
1000000000000000001
170186254077711503
243238493775918954
10000000000000001
97912491476159281
10000000000001
247134927360003708
65560120591149965
572082689377740825
1000000000000000001
557103353408038982
646710936828578675
100000000000001
298666668336508134
323462393866381925
100000000000001
907369461222224
176776199517215833
100000001
791272960426283922
609446380905462532
744819258526323890
10000000001
10000000000000001
472599256717429276
334071455626257645
129875460291577
169928263905683643
859397091286422086
777010875802733075
10000000000001
462861059454528143
100000001
505811763014756378
120302332787692913
227980358107020239
138069983260
130206973462485638
444439245283920084
62302019564759
97678904973585922
91193558195362689
693257666139335648
5520728247132951
100000000000001
828293745649087541
100000000001
10000000000001
165099339111660663
518713564158790
917605609123792469
717187749740842782
756887414892627285
612136046749045800
873049197588499044
746285717797579643
412585429243654594
871891173612204888
100000000001
2305806913674
100000001
20238155661224
240735938404117651
10000001
7706360981902286
693952854480967013
100000001
692479133807986844
373407351704978298
497719013544753
226528054398490103
36985189217617933
666939675129776570
552759560072286643
252173364446744161
242551946186
100000000001
1000000000001
588550207025127963
10000000000000001
591772702837264366
438825670503740252
877681303587899134
825753096660038111
302071775840257479
896182611960167805
8213281533198717
100000001
26824341747835071
1000000000000001
298122409289439124
917930088305524979
10000000000001
10000000001
1000000000001
100000001
871855579343148494
906179521368
95503036707465412
100000000000000001
712892544039247275
355062179903542282
99479804837979489
523765730532148995
654406483757869812
271924886558031004
10000000001
100000000001
968983076969605226
305972508509766721
82986201878920252
2679744916629
529263357316846246
495747173462858342
3706393961094
50692162247853313
10000000000000001
248380622268652649
63739580021426320
1000000000000001
307070328141653251
1000000000000001
100000000000001
100000000000000001
8536043739729
100000001
100000000001
1661971087210672
1000000000001
1000000000001
100000001
397164882312958983
512280115807085891
100000001
339927821173808065
626564974849560128
1000000000000000001
978438590495556177
141573217454354072
336897482693866628
18407107018441380
1000000000000000001
117277245298128021
9567942050986
855049748743115722
374928183424469356
328313132401381524
151563745778485204
221817306239418940
1000000000000001
10000000001
10000000000001
482451154977607963
571791202759587053
100000001
925088884708879220
10000000000000001
196718528211646802
633210130671919884
100000000000000001
746180305044183532
1000000000000001
311808799506448978
340881485110166
100000001
100000000001
10000000001
1000000000000000001
701946950826426596
365772935304090802
306493914526826690
10000000001
679586620811542698
433696890802096469
556777384479851879
1000000000000001
152669678800639
1000000000001
100000000000000001
313450138226524444
1000000000000001
925408641645269714
75135527022534
1000000000000000001
699717940813420195
100000001
382986985862622327
100000000000001
690085150729175683
8045166644031
1000000000001
905304447300381407
100000000000001
463573448632698148
6974158274492840
427982314540886559
1838548568776
780185903346764399
100000001
831662625537723395
489820631405047378
31507993726526
348576863092401345
357248297195107148
10000000000000001
1000000000001
1000000001
174577678742534337
234451304251033092
100000000000001
142323750524302946
81039591217843802
654760607369731670
2023983451314
942691574168989189
724538174764116469
299382497265936490
100000000001
14107690835785
57952646303664
55919534961192591
533422398611186547
769908683952922880
856753518834325907
10000000000001
1000000001
100000001
325555832614951201
934205504809507203
100000000000000001
1000000000000001
100000000000001
10000000000001
1766760741538313
533991307776898544
10000000001
335092265663632308
566723239959444962
37831318078250866
100000001
596032158091915942
953510822404741229
510303640390851424
994131460542968215
1000000000000001
1000000001
10000000000001
100000001
1000000001
646122485479025299
4771746192070
985348361065554605
838748517663937045
10000001
24827884335260589
10000000001
10000000000001
702809234192141866
100000001
551500471461832857
707932769008528837
78140488752773
82939211244079248
10386589407381
782353399019072539
10000000000000001
8935388448519902
542834087133719675
803989442442309852
643637000108962250
1000000001
392684415448166079
211970798385157245
10000000000001
88085911708351674
890335413982925856
3774293370289596
10000000000000001
68133980729183139
798580435754038371
1000000000000000001
10000000000001
730211459919621452
112538230897130268
960689375465820
6227016733109370
92652738436119548
9331818568087954
650291854796263822
7840501686011424
10000000000001
144469495153112255
100000001
100000000000000001
14623374285414
10000000001
279518026033671610
971853307205333511
263884106054725850
495510700682703656
146176631465365526
324873146303276979
2694728367172128
100000000000000001
10000000000000001
781385422142730107
100000000000001
813444068928189827
100000001
901884223823095550
9211322440710057
987155602658682602
103826883670860491
42734836868417
46017137463872971
10000000000000001
318067176093719689
1000000000000001
10000000000000001
682584198225229119
414096859823010848
66178639368975892
1000000000000000001
746689480853961381
259503388868363223
727358982273951483
37185804415455693
348548852294108551
857497651026073450
10000000001
245768471623390283
411597327806762926
100000000001
123700615583824838
100000000001
9482702885513
100000000001
10000001
196422162173018630
733088540911200660
1000000000000000001
75797090492096
918959711804578840
10000000001
100000001
10000000000000001
342744821982479238
100000000000001
18272884590794879
100000000000000001
227633363487477649
1327252837832582
1000000001
100000001
100000000000001
428994679391278
11001011310839952
1000000001
136748076889694454
10000001
100000001
870113220884211334
86958542210620183
100000001
100000001
10000001
100000000000001
680458460739256700
664086392398835396
60994813440134981
10000001
100000001
1000000000000000001
352593627995477597
955350082084794189
704199053075229055
100000000000001
783121430820729
902048975960350925
408572056483008429
614861815423824281
1000000001
714040518236811579
646993013781237775
337678172461031372
732103140564495041
490366940811801677
100000001
316425657289529351
100000001
501869688870415319
448525174791573807
100000000001
139223432335337244
1000000000001
428079207225584621
68514733261969771
10000001
10000000001
10000001
1000000001
981756352447331541
100000000000000001
19034145898255587
903453674575771123
100000000000001
711696476428766975
527385511869156107
254494198960490301
100000001
73708443222402041
737026047922727906
249807066522617246
100000001
8035419412575098
1000000001
91056302112468
850629318614915773
1000000000001
926970172672784162
103549641738303915
619722014890544305
207698897517100087
100000000000000001
10000001
100000000000000001
100000000000000001
7350609922463497
278154830921552767
110831868150830566
153648182014075699
641888166740863425
581691622691872854
100000001
256403793056305564
424784234561681441
940422138741466730
980222078501085096
156881994511837630
816145936026571155
67484053016558
56410500572864735
981816293606660411
100000001
10000000000001
966093250372170595
10000000000001
683137116922965996
1000000000001
16484645213539213
48456146429824546
747673610288392658
761719337190759660
381497455429952639
803221386263585570
816445400965536650
100000000000001
100000001
679410170000374121
631693522261580189
1000000000000000001
329593863163460595
1000000000000000001
662083325858491784
10000000000000001
894077330421565648
1000000001
411533855384022314
742069763009258620
100000000000001
132796229131754984
223827922730814996
301827616032373909
167873332615715324
586326311894475110
800749264139394240
476869076514594706
100000000001
941918826389686283
902153588663301427
288957495531642334
10000000001
10000000001
1000000001
113672412980638180
309435083795515216
93464160710460782
111461678429463619
4886297504253
265320459655744376
100000001
813863206417272239
614152349084551616
100000000001
10000000000000001
571810474972085635
9765758457807961
500746025266848041
18693170927483535
100000001
447123379015363943
73001228101580966
167417069920678576
740903196619222189
4271561881664896
10027648096840
630207958096484229
70049323095920880
367718385859356234
659471812899919041
835818481835818481
10000000000001
861561485669524098
365422761201022174
46323150708911920
100000001
556209387321282079
348757561977
100000001
536853149175303466
1055641221106648
479008281027152955
100000000000000001
10000000000001
906451833965678
70822653955802
100000001
996068059677572783
29645483720218544
100000000000001
100000000000000001
329496021247238755
342534901743034
87031233648607653
10000001
632867482373654220
101918939766998438
2822490580876004
176875233776690257
7851316406884705
100000000000001
863173197590693869
1000000001
638489948650780477
100000000000001
1000000001
255219547945292726
712518354675237942
824378975461781612
10000000000000001
10000000001
398206705210445079
103477563558496926
1000000001
49882203999112
1000000001
100000000000000001
666444570226320708
26478642609108
100000000000001
100000001
705268884240156881
1000000000000001
579917921206301361
685802066005573836
324851541017151746
805374259237094154
10000001
738698927721325737
258663320303642690
790625024408731619
1000000001
100000000001
834893663164
1000000001
139979266049702282
100000000000000001
3653818878479
471260533730134864
100000000001
549840445522089720
606248724826451119
998398370435153326
10000000000000001
240793055838335
49826713774767883
100000000000000001
10000001
139218457627405411
575752090134726350
349516783693
100000000000000001
676785073088222695
761062807111368306
651967191031600263
1000000000000001
100000000000001
44731479065301358
34130791103297988
99952852302111
64815355532538592
281581460224215095
100000000000000001
710470549956272862
10000000001
870081612063560282
240193363710123517
83954971907317
687521927804575448
25169882644403829
994895699427863365
10000000000001
855971067882118962
339571170804340658
1000000000000001
945736223405768659
95089692435421
963147479773516627
175443013182891736
387170296953440
10000001
4701021501274613
909905580182128656
10000000001
100000000000000001
920550811631935785
10000001
447852761302807356
100000000001
10000000000000001
100000000000000001
1000000000000001
353425770790100499
1000000001
172827036293378624
957186861850511026
1000000000001
37027365593736
148718313877167378
117388990914661006
10000001
10000000000000001
10000000001
32934232410127973
392691645642590698
31323686881983
373163466805311867
53226014246161
943223392900789
100000000001
331745078059419011
520079393606331298
96710576410993149
307168029438274404
180375655648664467
10000000000000001
133287676529450241
802159878080
972031199516495984
100000000000001
652405315368523537
776810125348229006
1000000000001
937455377462804126
908221627638188271
8680474092147
739678671195731441
369288993802968935
906863497263137241
745165450139378102
276920436038480757
353624403480888581
779499586498289572
10000001
732743827844766086
7581262183374246
100000001
1000000001
1000000000000001
100000000001
221920228194334734
10000000000000001
550209347665797457
778495794606480089
197464932799361512
182631641090205283
1000000000000000001
308685511860903586
1000000000001
741328760861479994
1000000000000001
2296655223998144
100000000000001
10000000000000001
10000000000001
100000000000000001
776940003980619924
10000000000000001
1000000000001
454540955938957169
10000000000000001
6661517909832465
311857631815478193
10000000000001
100000000000001
629414059184905758
741634321551265867
824920260389386195
1000000001
100000000000001
474568097079743902
100000001
460311818608405747
10000000000000001
112708206612753166
100000000000000001
10000000000000001
747715344842939403
10000001
100000000000000001
45667720714640
285091841554921372
13959498226086325
402129543320258450
475480389877660251
2668941925364
713615414134732313
145733719221072359
615842604730583130
542481344803398
1000000000000000001
422893210379670599
356054672919
56642636534985859
100000000001
1000000001
954460021832145233
953306362056899445
832902348112051168
74164599646061901
7272455452405
32175745672239180
511629846458613588
236360432635271532
100000000000000001
10000000000000001
100000000001
358299769221490680
10000000000000001
546077182499675087
9641609862109753
739076521278255701
793399133077301054
1163690362428
386328336458307722
1000000000000001
602906638398998017
903769415930507929
1000000000001
100000000000001
10000000000001
1000000000000001
37136816484623
825926888900136566
525231060675056828
10000000000000001
10000000000001
750342188162567
732318949151216833
482808156064673257
100000000000000001
43810111663335666
791063069234349569
100000000000001
443417937744487617
43582740400945779
59133890153021
100000000000000001
10000000000001
1000000000001
302766371160927203
282538554913508231
1000000000000001
24104615736514440
1000000000000000001
610794383788888384
60335175599230
714234241859138
656026578042129363
723564338572244076
935157542693034400
606070238554508939
178816456314029149
1000000000001
980398310461552223
833757372213832954
692102110726306437
567838969387690
10000001
538758199674872359
88814638094521
7513614375978967
1000000001
10000000001
51811531422333122
727557370666780277
962353682251016730
223861117929234299
29106737817467530
100000001
237050661585112969
113483790978328301
501609015763321459
10000000001
433203909908377136
407905330393953738
1000000001
721937639781247252
92184906922453212
291694344610052916
435066754645359327
502367917893415526
100000000000001
171007824650637705
100000000000000001
10000000001
1000000000000000001
1000000000001
81842659980215618
385888752324387555
30069785224450780
100000000001
305867910392632283
562296873197442243
938332820598101743
43960305907936234
508520493136951433
10000001
343546283024624867
1000000001
574038021801050834
10000000000000001
47918636627406
625171512147053664
1974714901875013
723291652051112868
1000000000000000001
198818743348225
520285050200576156
906281518194878089
494041472681418839
311373454405351228
484768029112723448
74153810724891942
730422910066893523
411945343466443722
119143648565328020
1000000000000001
114637594896
10000000000000001
10000000001
10000000000000001
32573584984966676
100000000000000001
565591238136861440
10170349570095
118507164709934
813938934626818
532587654254701148
10000000001
484327536049136986
647308335083580092
414595114655397547
378684275597903940
8422556676193
8335688527358368
266192170519980632
249938748000298422
538759086618984913
122312610207781826
460634323502325029
2575146009602075
684768827074121220
519602464890874916
112952580350502516
10000000000001
966055230397003209
100000001
590696660624069928
767993555592656671
29247355436374753
689731594429878
100000000000001
10000000001
480425620595611962
850530593990178199
940226057881939137
602100401425397435
100000000001
692680685912426626
100000000001
1000000001
10000000000001
10000000000001
147923818117628213
367023327915630474
944101826055462813
849982681952831971
424478912768659655
105422745547677430
11999055357492
10000000001
10000000001
767041202424177603
100000001
787393929726204250
1000000000001
379552805208670220
93469069947752664
100000001
569008252059683052
1000000000000001
10000000000000001
100000000001
129158618787570945
100000000000000001
22185991472996153
35882569481585520
100000000000001
164774156665240221
1000000000000001
5589498584315990
783831504569465185
74435461408
1000000000001
100000000000000001
456118080391461333
75719045717891023
815508835856338267
1000000000000001
523774823333299559
7055886589267116
359172283994776740
1000000000000000001
184982476418157996
962738716174379261
678898878045388
1000000000000001
1000000001
373368526063388437
668496726805777146
4148145728675558
411539932110311078
279171999133246175
52698013346
58836760402907
7417623163407526
10000000000000001
444625967286208043
955257031972765324
611993114828846107
100000000000000001
215385175383902
100000001
824305018500388301
861110041055624297
300512737104897744
624258610424171862
235630688611987287
715371277318539472
1000000000000001
1000000001
296483360213886756
517448832893252385
100000000001
27994259608741148
100000000001
42779110834230474
417535608584885683
795346628803727
470923142856728441
5253067732357811
1000000001
662078439526364708
351622439467078577
489231228347862
4524484531941
787733924523317921
988847992113262673
170586703371714766
250494540863899734
290661122254780408
304791618338320526
10000000000000001
668903256013611793
1377252098183258
191228627649010239
100000000000000001
10000000000000001
10000001
153664295684128767
10000000000000001
5260661716080251
10000000001
626968451826665876
686193499299443029
838148940970102822
171929720498125401
978240422869651426
88396305340213860
120944498086673692
968776175996148057
770917340707215212
49569097503818178
632106717060580579
100000000001
457407177736720330
5768286435274
3185095150600
71158312293088251
100000000001
489792266389564980
1000000000001
100000000000000001
10000000000000001
10000000000001
10000001
100000001
100000000000001
100000000001
30305628560926
100000000000000001
280182324202186489
155916389479851
667827444291776465
890647815758091050
203757195111191791
266600992460803
810674471398660725
704763334463527000
187395700388264084
268265545893968596
723120225652
100000000000000001
305562309591707398
10000000000000001
626872639740340868
8051259934256
1000000000001
705194110110404917
481515709165227650
271216343427076022
5122637705129258
740273385038822253
727725739886825257
10000000000001
360485186264480202
163280704506257245
100000000001
334152582119101294
100000000001
10000000001
60749166684691991
188540268286696884
999652623813716015
6094362661354
32848024923917787
427300525738186946
623088830368919356
628311748341095298
35558804289806
79690766358464667
544181328039718855
100000000001
87401487552035459
303705078588555724
565021535550513305
870530898294181261
906964592994277555
10000001
1586632470752337
100000001
219134627281803217
405963305590843
670831245055222627
10000000000001
719770149439001584
133866349639197052
339494942559045123
566485833961846243
4828060342608485
100000001
140911777000976451
1000000000000000001
847097420780033908
56225037197037661
737732119979697903
1000000000000001
69095706389854397
123224366993079269
678429882010898049
9743212958633
100000000000000001
43650486220688
516816667331661565
100000000000001
1000000000000001
605766939005137896
10000000000001
447501745314875660
100000000000000001
731522328968989970
774766853302442
1000000001
167544316002534718
10000000000000001
960717119691329
7340616390360
767101536195094666
10000001
279842423769772429
312602719018406416
592553750044296959
7049512832935214
10000001
1000000000001
100000000001
304355012116724852
155014247820489028
223928255403031475
100000000001
837784167639133397
261987026137176334
895041507607950118
100000000000001
702377540089731679
10000001
525672617467848111
108622720720501325
412584513091100507
368933033844423
23896036974505929
100000000001
100000000000000001
10000001
329139342618219153
462479127577840307
100000000000001
100000001
100000001
1000000000001
10000000000001
583666861850893654
996859258971866923
715498682340017684
264324423618281371
55823650126215097
622604883722309228
1000000000001
19751915627157400
10000001
251366649060171481
8214468455599089
97676042079540
259161770622435351
10000000000000001
100000001
777677736104094123
346091237895931035
927823714857545790
48252456914043943
545849456164795519
624159340173555085
109090487684097779
486219434746669045
437850298057415762
205343215014938
905140445813959897
146482912941712857
10000000000001
205841826694180611
67539703744208880
454318656865018987
1000000000000001
808249327147562728
10000000000000001
1000000000000001
1000000000001
100000001
100000000000000001
732555990117952
1430457562930
299826167652609098
7799601330154801
180015418335753
914812529096646186
250410768303515742
974188744620083276
705821340696317529
910899847699725432
13207795432530845
10709203876734
224372781767275933
1000000000000000001
107631384911411815
328555997144774117
375871908685731183
1000000000000000001
700014057556315
100000000000000001
415085050590734855
1000000001
86103251594165491
483843217624323437
100000001
10000000000001
1000000000000001
372947241850555225
483784626866143082
423853379540844039
981090790769065929
109867571266671947
888073364101808113
422787396645313038
583205490627150986
653941543543601365
874375642724093425
684019291673462615
1000000000001
845029731695886667
528928124758098126
684944469626380861
10000001
100000001
28679244201049980
10000000000001
827905585709709296
402560241466260639
272413492996742063
174592175805902141
10000000001
683919309273388786
10000000000000001
283608603405438269
647027931821184897
100000000000000001
8025047740371584
8666739682681841
113477031700385258
944133259791907244
537924878919541435
1000000001
1000000000001
10200595143975336
746807661602733170
48451537299127886
1000000001
288095110147278337
73761254816476518
100000000000000001
398703806829569005
1000000000000001
19607332914768434
100000000000001
100000000001
3422793872940077
1000000000001
88813862431543018
812701914869562215
434001045106629
1000000000000001
635540501144174134
813086074424819147
501673329617930555
557084728216171132
503796519975967927
1000000000000001
100000000000001
10000000000001
340819167591913351
302157416865073519
566183582247971740
5204361416678311
10000000001
10000001
239339070478421449
10000000001
10000000001
308477086661740663
10000001
884338916561216527
250000801778396410
638068061571711824
100000000000001
794256846112425502
227128256062318976
726918627637482901
839912594911223465
41513740534240005
882700024084014510
8116541792306277
100000001
113845490158155461
220008397624334676
10000001
614631818760068584
292773594927477655
195862222506347047
143688298338852507
100000001
10000000000000001
5592301177350315
331251501376942791
900169487081684559
661579478315438962
10000001
303849449348445
1000000000001
100000000000001
10000001
159262209493094139
10000000001
541298929235730294
125234306567598923
270452021928181093
210687725194514507
448706499305145650
100000000000001
833587734056900470
1000000000001
1000000000001
251545781757530212
657774425457767684
10000000001
10000000001
1000000000000000001
100000000000000001
932979057409918844
10000000001
788685930048880935
1000000000000000001
450947023001277719
100000001
10000000000000001
100000000000001
9398510367090
100000001
694543828507108191
9419533723204
530596977502615607
100000000001
10000000000000001
907129578820379173
10000001
578392588937218072
44628197671987
100000000001
10000000001
870187345911387692
998475744328124803
10000000000001
884242488048542566
88449413794014075
1000000000001
1000000000000000001
1000000000000001
918559705695328009
1000000000000000001
1000000001
23762998342844142
324206306723076773
100000000000001
556206398571206658
100000000001
10000000000001
90020725107313
10000000001
10000000000000001
725435601143552860
740015645342334146
249393455142819565
14855846074385147
1000000000000000001
85743199246418230
10000000000001
497027205942652343
100000000000000001
1000000001
10000001
856273908883564670
100000000000000001
9804203853158
90415964837198
702951024010462805
100000000000000001
100000000001
220037553821542888
131168629178134036
3317905197794045
8841624851178702
729351477487805264
826674102128342780
710247564876206465
1000000000000001
590100440685310665
1000000000000001
1000000001
10000001
106423204691188416
361847791874922047
100000001
441596807933039470
5508562201600046
1000000000000001
83516800882741
100000000000001
1000000000000001
10000000000000001
10000000000000001
728862047984995472
666723912367373379
261910680379766898
100000000000001
98915935049559001
655454822772582007
10000000001
205063000270280523
61472823525126024
470606955341493617
10000000000000001
473466777724412013
369486538668948949
983355765573783807
1000000000000000001
106666129432130795
676620424282747663
912506931810019304
1000000000000001
561553809440272200
100000000001
100000000000000001
78461674292724
616684177941561258
1000000000000001
688797277637115557
18391127012909589
100000000000001
34578422197517
10000000000000001
100000000000001
1000000000000001
89235122531713731
10000000000001
10000000000000001
782393439139089925
605303395173538995
828824067628202850
201092458595676494
510635798892575906
10000000000001
79862565829672120
221417998200776783
100000000000000001
10000001
1358326957827310
10000000000000001
100000001
100000000001
64683775565432387
7612817109620403
10000000000000001
1000000000000000001
1000000000000000001
92755070595430540
6345762120728
756803513857770296
807584387519584428
500581315104255235
652941922223954947
1000000001
486143073494300823
765990134491594068
669845697010779890
581627453003108578
123593076643692624
84975819703499538
10000001
771194664765895537
29746899792440995
761072788808766766
1000000000000001
62296007614802
6114486586648
100000000000001
1000000000001
100000000000000001
10000000001
984970311880649752
1000000001
107170105218306400
137817802466907386
3237058047656774
170813811345499107
125263782056914291
10000000000000001
925163422328786771
204344753451839
95760323306031
829979873358390322
10154850870131
153788589617435829
692227566619874393
10000000001
100000000000000001
10000000001
100000000000001
10000000001
10918211172682
1321395311269
49088882075070480
1000000001
1000000000001
250175497495465496
10000000000001
507486971721822677
670658189929830563
872583342024874760
6711734818811
801051851965954196
344169510949567864
504265464720240721
402019713379284
710891043420139099
653550244846526174
895595140678970898
492178907935503892
919676099106006296
328140325797896732
802742843107497459
520904432401025825
64597705620347038
873577045654146430
1000000000001
4974938908714247
10000000000001
76547841695943424
771027903838991560
398829780397039846
585514287841935029
698737153850610982
1000000000000000001
76588618340983096
10000000000001
1000000001
543528537851246278
6050610851164
281765708951218124
94239407165027895
1000000000000001
10000000001
10000000000001
345885639630317669
208974464858973882
207817501503266677
579756211163360806
596183885760130507
64427833398580
76619170060396768
1000000000000000001
602366644233236402
991967784499397772
442011641566789502
10000000000000001
6133305123814
402569956572336289
26740803883264779
100000000000001
392948134629541619
692087735610677473
10000000000001
100000000001
808625014373355459
463565364121059976
928322931736737330
132543358090330508
21389112100090711
1000000000000000001
1000000001
233675625523609339
763072105066605012
572088921798675672
279265713788747608
1000000001
100000000000001
10000000000000001
319193845177758005
1000000001
578290615834679937
323657037394252754
97363291080893531
875795947225199
9141319557722
10000000000000001
712526545329083426
558566132887553224
768788464592430261
669546470327547310
10000000001
539315849842783888
681213953441716864
498278807505198161
378216483524760342
51392893656995889
1000000000001
38526434256356356
60279014739918
885674379738302009
10000000001
6156195728012
1000000001
922423131916225260
1000000000000000001
612640963715484404
100000000001
10000001
503535093124915049
582890179152486625
944070807880306808
403106704840511804
821903114599054698
10000000000001
268900543258794540
100000001
487985569581510
10000000001
1000000001
1000000001
820284024811970848
847057302166216093
184893769553493
1000000001
888828143780194946
426647894052903340
899409717748496712
100000000000000001
5556046361211213
78591319592536872
89908732201542
401899459184249024
875450199668044
10000000001
981789131555316400
519143110596670848
381371675433905203
534591934995101570
28246659750621
41899612316383117
10000001
249866124066609908
330276515849278193
63300418894458966
959572471530470891
1000000000000001
1000000000000001
100000000000001
204169917308227691
100000000000001
100000000000000001
903125898730995606
36001087589073
10000000001
100000000001
650085090677645821
100000000001
4427385104040980
159636171330537831
793143593296242622
510245816075751773
1000000000000000001
570089232052229849
170208299478412090
729655015384542402
687805543337087207
10000000001
10000001
544088763988158227
174755806376565320
623477384350821
93997574553788
410612487397312130
23867521397527247
1000000000000001
898038815113697084
323426109737036
100000001
100000000000001
855169532310806743
339985539810917
1000000001
100000000000001
236029475720520549
10000000000001
988302563309094477
687998760594734952
650762523199759353
235487474080672286
644361125353480993
5594608558095318
198420875693947546
20128233878946
1000000000001
10000000001
36328464903560972
396864824413416536
430545342687425891
486562701943242006
1000000000000001
475972214939416640
905216895541358272
1000000001
311522840870445637
17645812203112
869872242688327986
1000000000000000001
10000000000001
10000000000000001
10000001
8517812616841
886440723297835050
100544483591045
10000000000001
883547427138186759
830429554987628581
10000001
1000000000000001
378212861734648168
6796134210286482
17884539217542281
100000000000000001
100000000000001
240943237186936765
696618962688673042
841086084191686033
598019003218812915
978150115092136943
100000000000001
10000000000000001
531690624405699954
71015581663930
115588977206368573
224803346186904485
146542841362106761
558364697827035708
201695284172438468
807472453793397162
724540488767131779
351544761557513350
13170793216318132
476975898218939888
646174224990248627
10000000000000001
741639330120259394
426680086607705045
831241969130739797
1000000001
61931503399071
1000000000001
72767445442753827
100000001
634429497800752523
1000000000000001
10000001
10214114311159
10000001
508150976268258594
30792738856439
964895026632303186
1000000000000001
18856445857437
410485922051205
397497841696829839
992023458465799333
60737193843890
76169140453285712
925661352034571894
1000000000000000001
858631087168347909
1000000000000000001
1000000000000000001
66429132767315
1000000000000000001
853656182161639205
42054656841808
6246982384984
1000000000001
10000000000000001
394089811251414633
10000000001
369883949994106201
10000001
100000000000000001
5359892674371826
954187230631202125
10000000001
479613894394379102
146567614810686764
10000001
1000000000000000001
348935107705409105
353326018138995815
967486331965181256
10000000000000001
246793807465968291
145199262798538652
790166211999679636
5771279158942
895274019361405718
10000000000001
229306428160742919
870070405604199958
1000000000000001
1000000000001
100000001
1000000000001
729724909832640486
506861253075124550
28313135994124420
77415189322267037
100000001
1000000001
7472003449842421
408712083127764544
100000000000001
946517363556417040
565843307639610
442714886995934780
999775325124015995
10000000000000001
64828441469
283633261835581882
622974283650963808
492336379388364510
163706843988417461
770208857082335289
371907260271417707
41006342924528652
166417970041970652
100000000000000001
813610815578626517
1000000000001
46691041334340209
452578873758572083
100000000000000001
813814538195590838
100000000001
263691752848826284
8420277759157
100000000001
10000000001
10000000000000001
100000000000001
430772847424193986
293150893662773377
48322643604803832
932146071347220013
965141325091716493
572855041057154504
1000000000001
365186435451006672
160219214781626
100000001
10480439524869
100000001
575257116242761348
776014978683280514
741457602109322265
318830978691478275
10000001
903179366850172762
100000000001
375681883759508078
144225439645334139
425256183985614146
474160620446537322
504515550457070134
10000000000000001
664578153022160380
100000000001
10000001
454734394546017000
10000000000001
346533902085825445
481595871345872788
2726570300377061
10000000001
601838974241420632
80640095532591397
971161119538612549
5941290204103449
702894077304391724
207390358955915686
100000000001
10000000000001
100000000001
496902256286759385
985795314563730321
537276651322339262
205731916284847295
39985929209259547
588653772507801
481076009006593
480350465810548805
409653963743024
752560994428058960
945860482485920339
183221169641682048
30438173730388476
536649962170774282
159468146044948410
537144569820041781
582542885062110608
556294268607902834
807723598251388430
283792278357812332
100000001
513475177140091637
43030729971638278
830997119022708852
230188446168048726
465181442487358901
307074732678377143
10000000000000001
100000001
15181144931129750
68676983076914400
598960495508847650
100000000000001
62741535219217014
10000000000000001
401162934458047887
20895885194925
615705246849843478
689727858753169026
93658641454378
200916015598330805
41438916355755950
708617778731172230
927448225665443570
10000000001
9003407083946
339919761943731504
1000000000000001
10000000000000001
709371289524668042
977079639826662748
10000000001
8149152960872706
90369776604791926
81825136837950055
4146902620861
100000000001
420541303970765494
1000000000000000001
535559019790374908
842474994745931467
1000000000001
788941874549829
100000000000001
268059429366168880
595314673691188452
10000000000001
10224043858616192
340662986410366753
1000000001
1000000000000000001
209385249352574066
639009123495558435
427816682210897420
949430229778613424
52666630507099
996880361386482472
583874718034466981
10000001
220779118872527183
845655952510652220
84716950412351
1000000001
779535476361669422
705492203449811943
660055921015554076
534400640014596345
10000000000001
786528528428453293
10000001
100000001
7713946746616
608213496420648369
10000000000001
110517683567349495
127061759759983680
597001621620709831
247148103531503876
271031716839690765
656188760266818456
1000000001
100000001
1000000000001
100000000000000001
943609884110429071
436911790513968524
779880559147671844
2488557719692
209353224725143156
1000000000001
911120177965503560
433539964344330421
508492839717381334
1000000000000000001
100000001
100000000000001
1000000001
730050054888966940
10000000000001
274164364609488066
425822995905621550
235198674243824619
100000000001
1510475962820
931034735311440684
703302597187652046
378403882159513931
48401760335463227
961490672693643382
8486454969301056
657899682490688886
544433763485561894
47196834042620790
42461826130869087
1000000000000001
46783405695045433
51703302923058952
567418216155596622
16352998840963463
100000000001
1826623171802775
10000000000001
1000000000000000001
26746731118990
100000000000000001
100000000000000001
100000000000001
936477793684647502
807067326131185664
279467395680901384
227980381326884509
764302713363215725
449829215839879888
1000000000000000001
396615272237921210
1000000000001
821880014615192736
993790054167362544
1000000000000000001
750830537326797112
1000000000000000001
590844246032292442
721870263978231629
100000000000001
783801105017680563
100000000000000001
100000000000000001
238200056191230495
63969695985081624
1000000000001
451711509557788835
540468418540601438
1000000001
100000000000001
1000000001
453637332325346535
56249942565100713
397180027970321412
1000000000000001
44967101352347286
398719139774033971
116256782236570486
10000000000001
230488314193238878
130120890619916329
700757450776224355
1000000000000001
1473884407930
247501064591585671
26069041665356306
691569135262683394
970255835709160
1000000000000001
14701912717351
414572099899000408
1674461074264490
1000000000001
46434406350091026
21118511004352479
100000000000000001
377817797334539181
254931649575896
928270413370369685
3522947729637009
10000000001
1000000000000000001
999528019580332274
522589472436769224
913608882988520743
6142414665368532
20257069722356
7568792008860534
432007060290190549
498282783349479981
73038721745075817
10000000000000001
211419864405295074
124325812855829790
10000000000000001
577538581779981359
100000000001
792139711459757738
144105725091874262
10000000001
30010277519174194
3731911509925609
100000001
859859450231821947
1000000000000001
7134907763720
1417033467564
541266481830381464
489178643743790
89986878934308446
100000000000000001
362231548008404760
272845064963592846
10000000000001
219856141461337708
652989230878481791
799653396290596638
100000000000001
10000000000001
10000000001
10000000000001
38451125060086609
615804504099879812
45400139225565798
7507675131563912
10000000000001
835810492587164171
644592298876958615
1000000000000000001
689219062023372805
1000000000000001
10000000000001
1000000001
192373349218740943
100000001
4157232916505100
634490913367033472
1000000000001
1000000000001
673712287536960346
804215178329374115
3260917379940
2417748182971
409193980663180790
366785631321430649
788298658583448828
523193828450659251
10000001
250750117383211956
87486581967310421
998341028334566497
366811198460884903
872605007809622494
10000000000001
703079618228915150
85957374579145
644640346389972863
220962521991301029
754349091780044864
521842988112264858
177439688757241349
1000000001
1000000000001
603530048816684198
1000000000000000001
259492917003349794
479268283317570531
171243897933815561
938846865139516366
1000000000000000001
896465569463350058
652403129952928090
100000000000000001
642809748855121313
100000000001
100000000001
1000000000000001
592834965684683305
235853355116822969
1000000000001
624877749654774138
261449555533980985
196443982812144600
1086478633339634
7645756481044
557850688237012486
241047178916937870
423279304527112530
514901885997978960
102914787830858701
4282056810094723
296485194598845776
771685643947203083
42492278767438489
1000000000000001
759404453551623464
1000000000000000001
895427995134066789
931160895557719741
100000001
94207071647741
100000000000000001
755758449938014256
10000000000001
20218516391873478
878904452221743162
994843879936122986
413470426831685615
583710636687146
401187248948079029
1000000001
5175243413634104
100000000000000001
995399564230632702
135928314243980316
201337495899039778
841394810817964091
10000000000000001
1000000000000001
22745659776023217
243961912398717067
6734965768025
100000000000001
1000000000000001
869929032961411417
89176605198534414
10000000000001
796246319834377617
1000000000000000001
661516043228086036
357337656680090729
138319405067383773
422674133172180170
270349922682486884
1000000000000001
1000000000001
10000001
71980713750104678
1000000000001
10000000000001
1000000000001
248171699873132372
910860466214198305
1000000000001
23480757273424682
135542885466264251
553151799859218759
79372663142366961
85447898816293732
97526871137015
402201791287861970
7676318680283
909943383699424466
127332243334316394
789676513803177
10000000001
1000000000000001
544326158120627297
680012391603198813
78576763451647
791618399346833858
10000001
968991712791701807
138874151320786848
181800603734421934
2425973617404430
84604703618474335
260019587955088136
148835957810229417
958935073600819808
859652615931109
1000000001
982771483127453728
10000000000000001
11097666837682
115389348752091401
969292312722364906
877971895938137
203359035526927838
100000000001
1000000000001
64784510516493
25322955822021521
1000000000000000001
10000000001
329578111698179003
503004847553113350
390446537025521133
10000000000001
496862694122652190
107304263595187934
875984074939833343
323515931311589896
392393501066564
901844941937166661
1000000001
1524928750708
952834631096678263
1000000000001
153249630527477278
1000000000001
129680600244332331
165614553915877108
206990761012845366
10000000001
423206758301097633
374767611530605370
10000001
997400709345028166
185570932276052954
841116754500326636
30106849338182727
10000000001
2718093884891
10000001
466404267192235437
45001235473062
10362675597219715
100000000000000001
100000001
1000000000000000001
100000000000000001
680743404590574819
7450082760175
582780426693917658
10000000000000001
10000000000001
1000000000000001
100000000001
795131244713154411
100000000000000001
388586035473636
992241864288675
10000000001
893447212977200490
78627954986990801
93130045231558
84781603955744
280993724684243170
37693853789068543
870204175467539310
495377393274581322
432316167527720737
10000000000000001
55167040947614
227098298208782
100000000000000001
88998418923589483
100000000001
454958519705732908
9354638078419763
893346050972157627
10000000000000001
1000000000000000001
603309701095996727
3936766182424517
167536607749153706
10000001
1000000000000001
630699660379995664
100000000000000001
512718781894
504472951928054910
10000000001
693598075345929185
554617195545640929
100000001
160114216794286691
100000000000001
93206800168670879
181389275837475591
100000000000000001
100000000000000001
100000001
10000000001
849021463619549421
326640715495143971
910420137201380568
998975619342620368
1000000001
780840865922094099
959350461771829837
1000000001
8864259636166
10000001
10000001
817012161220195842
17454840728661820
1000000001
500359153025859093
601994207877874148
736488791810877842
11530006239721
903724803043525613
136295326259560863
100000001
361120327403966284
55975086276965317
1000000000000001
942991403049145563
178907923815694948
100000000001
233313441173080399
147619803369507494
144637930533641788
18078249410625170
100000000001
77822917587467602
41058435348930239
772724399763092787
1000000000000001
41841081208269951
100000000001
1000000001
426117830164971790
532285991835315963
995336483755520867
1000000000000000001
100000000001
3096652958382405
1000000001
941007574509155095
654443422293608413
469358938166778412
407307359846343510
856283606533181164
1000000000001
940440462132034198
10000001
527648105202068041
299049194575895527
10000000000000001
6440543959706971
868210607259996
493044927156808702
931500041589957061
998224901951289035
618270260558658057
345496287980994346
355704945936871155
976927321449157422
8543943672456352
3331488032895
660324950528919247
340949704980675701
100000000000000001
574464180900641779
356535628079444647
100000000001
549447348055535977
32022628000906946
387193341488521690
100000000001
100000001
894760146391614976
100000000000000001
100000000000001
100000000000001
307310270159823404
440645164765010213
94730010237377078
5631729981326464
608015288562351915
433425299990728631
10000000000001
8735344734908
100000000000000001
100000001
587842345273714760
10000000000001
155192358257833813
498097140321594
100000001
18372790268944
981803023756618460
325350995621544268
10000000001
100000000000000001
401007774250479309
1147406372594343
395779937463187802
299698742369632458
9434124772886
534194531647834295
640641825518639954
100000000001
4531520032622
10000000000000001
175614683460507846
752012403968826
1000000000001
10000000000000001
81839566503695
7339524917517015
700886531175831
281507300544156594
10000000000001
527630766753708276
6047902080242
10000001
100000000000001
915228414916564812
549670889123441600
4903047188688
6938822274296
560078436656876579
10000001
891762988165589844
10000000000000001
9146358509871
979753664652517983
869880561999967225
765755871335899967
965946820550472784
664926587233149419
63253379630276061
324158806844489481
945429228286282858
58386787927740657
75080161021511747
100000000001
492249637269080917
852827763974719638
330106322719636730
894228127477736901
7802307354400168
1000000000000000001
174007647023499753
10000000000001
100000001
1000000000000001
1000000001
318122984721660925
842470246009152681
688088658300844801
40295957692196051
984993664361931038
10000000001
73846671884915514
1000000000000000001
298533689650726043
18927330792477
1000000000000000001
59218326083347988
989697212367776635
589497115443521762
10000000000001
961145236350894693
10000000001
892102251132092
353328103571276521
34735206594277
1000000000001
334632758232731191
534809982035485456
512166518591544345
915499517445799867
398286356674
10000000000000001
411141360887730440
635805564858737572
609008103469116881
78640300027272966
90911439467398547
71979032050668204
558165341982312666
90283376224289356
481836449517423
10000000000000001
656850411285141881
766333043505277173
43157953240716655
100000000000000001
587841171043250831
1000000000000001
10000000001
8432702760137418
285888504338795818
1000000000000000001
548149665947414453
10000000000000001
388251598501376590
883992670257983
100000000000001
788614259629164985
550324773389273602
1000000000000001
801288563185739150
100000000000001
68734973867307285
683108277739617969
645210775980965376
163794881130211877
827683474171688102
969174365163348984
100000000001
286890558505022428
493308326255745
275759940333346369
208217911078974880
403023504116101093
6781007105357245
762132520060277278
254243685878676174
1000000000000001
350037080126752310
573661195098534613
100000000000001
1852271010469
207630615195629609
100000000001
714381130599332551
100000000000000001
35508991228681
18588901814059269
910753612337660617
161973816368364
905208537649632442
1000000000000001
324871221086761191
96209733510414227
10000001
406678502601491974
22733463287959556
457009072364716888
1000000000000000001
3433815962011475
2469438163786
772648157177659958
700434293930728329
205148141104012421
464238251082451538
278226398569119
307594577428528002
1000000000001
266926427292909252
48836256410799657
760438897927913275
1000000000001
10000000000000001
532368181254990806
1000000000001
562047760350582129
841380661526840095
367862637495353
140844265714341499
10000000001
10000000001
949532358375795234
264879634621938570
513471539575336015
1000000000000001
76558723759757691
1000000000000000001
747490669049921346
10000000000001
4683853720788
10000001
313054687106588872
409548918941318183
10000000001
553000415556597315
6303208837189
1000000000001
145568663324550839
15779135729298271
249532253542336893
312801104635124531
50637602992971
158820063527096879
360627000602539941
556675243016852699
100000000000000001
100000000001
10000001
10000000000000001
10000000000001
424260762766782951
82887317370585057
462926238381368991
665102128148912130
564848261983996027
41708342514154349
77079985074555
164486297937962
954037622247013059
92814984896233093
100000001
517703765616037
1000000000000000001
359082647423233968
914112706751839254
1746995636385429
10000001
398010479980847620
529857541708742806
300817252008559833
364084706992307248
1833349357994
834789234519399731
500930216219775094
5378500912356
10000000001
675385444610793808
313009806491602086
116237811966332151
924540359913370156
10000000001
14051816440046
100000000000001
100000001
10000000000001
100000000000000001
1000000000000000001
97712519532082542
738360563482007668
670108570600140416
6925473225737
252994947274584001
527865964863757677
416743717043731604
1000000001
526424285829088685
100000000000001
7044532134695
269465726410975634
1798729471253
340390777532583801
100000000001
567976792809313316
552909017595360180
764430164914400485
100000001
91822102268531
112859892463738520
1000000000000001
10000000000000001
864120888260151819
267999655486585562
891857869099988607
943694782004203200
939897745995373139
227064666796
501890034041464362
1000000000000001
1224955175730
1000000001
638468609174409867
127161148656607971
732287092542933322
731216145792719702
100000001
100000000000000001
223410168972636759
141418371823835444
708743401044964215
194132852293658161
100000000000001
874521393829292201
580057562075224566
8604658394166
10000000000001
100000000001
499836762771044121
100000000000000001
22113393332722098
541434511900837697
826642609929395717
10000000001
901295747683540179
939778397817297600
887558987024
1000000001
812739730360528329
7798597102725
1000000000000001
515263251354706226
59291165257554678
10000000000001
10000000000000001
563865604797569374
641636038641321103
666527670428652211
10000000001
8559261437979742
56295632530844608
1000000001
100000000001
10352100544036947
123458723154936019
920489672877638371
937907338252702415
100000000000001
972878479769076934
1000000000000000001
14068432528372
31266901504788389
202927010635349
1000000000000001
341092076440697240
248148152656352385
32472173187216994
505314066688618200
10000000001
504553234412374804
1000000000000001
709727608183640541
335150388921205090
657626125116352012
282617488148838763
362296983048
879525796601336663
421738729822497904
1000000000000000001
893220156620852003
358818211235733138
713105642457295952
1000000000001
10000000000001
42858091422528459
1000000000000001
83542396063506479
150965056521730264
10000000001
44607796548202501
703038865978485509
591809253820312766
100000001
529438740238928486
211829808168918426
26129196882355930
591382269176836357
3479286671057718
523882450926445272
1000000000000000001
977034157583837003
76288848076524162
3660663349836598
10000000001
10000000001
1000000001
100000000000001
730610940117056021
100000000000000001
100000000000001
100000000000001
119583333368023053
10000001
100000000001
546081355446290220
21443634640058
10000001
444949794676538498
1000000000000001
6095954738060354
100000000000000001
100000001
991192053821107642
996785439894443110
73219269890275047
8704816169347477
10000000000000001
188396383000187903
9479496085741
725039217754648473
338348835520849958
43377763065428
1000000000000000001
530550943714524160
100000001
427222903562020022
253696368983629215
100000000000000001
779158921462322313
10000000001
54697166472495063
100000000001
23540679131101971
1000000000001
789954131252060729
1000000000000000001
220061681994790192
1000000000000000001
337822818208278005
217571098334881273
331641798325009181
10000000000001
91729343137739741
853623706144329665
100000000000001
100000000001
87246686699937022
495104025225108763
637084764449039941
100000000001
17577249159213194
781386744557035777
100000000000001
169841196930852642
133058759713643388
619597636465457558
10000000001
443757591886465754
345502838078492576
170120296319573558
581176941603751498
73662171423980773
87838064355753683
86127798742974736
97750166785318
10000000001
10000000001
817203669577295
335898863365056843
10000000001
170699807292022198
597692124103263294
787660371711960888
110919116470442638
476038084679806240
462651036948540506
330245573599585791
10000000000000001
100000000000000001
642496657017485740
87399064516977118
7249727289008877
100000000000001
614758313678253774
1054794458538964
100000000000001
433573885158146050
10000000000000001
100000000000001
100000000000000001
825283263860750179
56679424469476809
476509892306357650
1382837823765381
77253735894946670
244591497129350709
190072976461067940
100000000001
10000000001
10000000001
10000000001
699103756048973418
1000000000001
942676433256977268
135059546886011314
210905742102585884
672177669687629269
10000001
199610350630966083
10000000000001
100000000000000001
17876214736836725
871904647057876307
792276622753431167
10000000000000001
1173092238791
38876500972122110
1000000000000000001
1000000000000000001
38862682325332533
880109176532238286
1000000000001
1000000000000001
66119687806926
100000000001
1000000000000001
100000001
291966500191448955
77483414650642
941696664528221815
904720412657186517
10000000000001
787191369271239451
10000001
100000000000000001
100000000001
562727391438212
100000000001
892188147463244494
667534465554600991
830785081120193344
525386519522777846
100000000000001
1000000000001
78405932601592
307492838811805224
275974486758971
100000001
1000000000000000001
1000000000001
65320877330226972
1000000001
10000000000000001
251739994266585213
313132708363746052
619600643204747672
365039621345850974
238301451178429617
43221510197300927
100000000001
870708054396401155
1000000000000000001
273178455400570134
977997112160344841
100000000000000001
588934394333171408
33019316114158233
1000000000001
789892539877969551
1000000001
10000000000000001
708621272721331058
97331799040032293
247449525751994075
100000000000000001
100000000000001
448485816714657702
100000000001
257410156903436577
100000000000001
633244052265535740
100000000001
100000000000000001
192843640206795244
72384367176233398
1000000000000001
353866797285765405
780569307132153086
1000000001
3597842330005
10000001
403724977522511401
23867731338670
1000000000000001
22894630145914799
100000000000001
660228517205939818
651594106603341069
849791105007818252
100000000001
710848898969912512
7593752797968612
335254480845751255
100000000001
920840603620520452
977260376628781218
10000001
100000001
10000001
313323322860403133
100000000001
378481928821496440
1000000000000000001
249227244271688905
520973216025349880
95491357949340603
608791167771558981
1000000000000000001
128632385944278360
758971917470478688
619088892005224569
1000000000000000001
234689229164109174
660878431935625795
84726106667139
540753093286726759
1000000001
600871678293328452
795937061832868904
901270957069960400
298015608946310931
1000000001
698840383795041272
694601730805656356
337742679408134
100000000001
100000000001
318637071477178131
654246995172669321
894207218119334430
100000000000000001
100000000000001
335270644114640121
670267765399232
10000000000000001
312600355483416
55621864570483574
3306362409200602
866287156712922234
1000000000000000001
580573552944640347
696339122563518861
100000000000001
88137031126843062
100000001
11485429748933428
5566124806304948
200171335819246954
159437791745521165
792424277129149759
598374007868208749
64431491274301486
100000000001
376028007055498798
649047675593704206
195518379154180109
10000000000001
1000000001
145925644830966
452737886919893949
1000000001
10000000000000001
697296362000015265
371803133630897791
7343822423597
117169634177174942
911149250945723185
100000000001
1000000000000000001
202419415355075580
2428866462869
540688087378462969
804590252017821604
139793765694707849
1000000001
7998601647806762
425648880744122088
397958818427957012
78028094231083642
684455019426154686
856556470415638476
675734857726492781
548341261955059702
100000000000000001
10000000000000001
100000000001
10000000000001
113074920967683308
10000001
448624351333674287
268266475419657692
230139639066647881
469329967381341696
10000000000000001
40783388488665312
10000000001
418642413048879564
153094410254026703
1000000000000001
979560302411618795
10000000000001
272736031392964151
605374596213839073
100000000000001
358194249261965507
1000000000000000001
607084995370144604
93100966457692978
438341536616903699
100000000000000001
973102513305547230
1000000000001
56046540021344260
796195496751980325
1000000000001
677932999449616666
1000000000001
10000000000001
867980679398475365
57423131956322312
100000000000001
1000000000001
85431752833950
135195374485005580
1000000000001
406811658775878108
918081141863886
927088083744067409
433016802620263258
807326424409535975
19583918236358
1000000001
95446303081186277
10000000000000001
571914886462007874
1000000000001
139136395137538748
1000000001
496103490145994043
822576456484633909
471097392073949570
289493483369090
265042870335916287
825261498577026334
1000000000000000001
100000001
1000000000000001
460430663872171473
738136908008515664
107266722309413627
10000000001
560409671741869929
629753845035808386
10000000001
468745935596281423
360382995709136720
100000000000000001
100000000000000001
8003440248034
10000000001
100000000001
1000000000001
582537176262020239
558275555747560989
138469579235064663
333309145786617
247795394418264668
100000000000001
10000000000001
68373914634536340
6619402961193
100000000000000001
484646009699852
781009194634413626
697663574768824959
854164709314393918
583920543655483151
99840185654300257
534038063492934
436297379610614731
973081385704194978
286193510633876942
300536529301812143
9042861907959
158121792025163914
1000000000000001
610007408351779473
847851759711777916
485464670550651554
100000000000000001
100000000001
1072108400862
272621250237318407
940522371602499359
1000000000001
514241038750399298
64279641409928132
737550699790067144
1000000000000001
615399696813841026
389299020286869655
696601402414927726
795439268487473049
195612280856767469
100000001
100000000000000001
100000000001
1000000000001
986017610732288193
548317107388559072
96645952130517228
100000001
10000000000000001
100000000000000001
970042011379436451
738757187740448984
100000000000000001
649274553351966076
955463918143640457
617783801511764159
882842578265599967
899914933500312065
499125512004463172
1000000000000000001
476162185552326413
295429387563074893
1000000000000001
437036574772875330
10000000001
1000000000000000001
10000000001
622287544499497076
631762856362106248
725741857169921250
806878844704078323
1000000000000001
385099189730342696
425550848975630823
569205102583695953
52244908102524807
10000000000001
122071344509114
10000001
56849543224982534
42762655990267993
1000000000001
980976009343436275
1000000000001
12182796520470226
10000000001
10000000000001
510101103608912987
1000000000000000001
350931731834922783
1000000000000001
279529037047247258
438573829700514917
1000000000000001
292628998785516822
92451183241314
921124503873636496
10000000001
1000000001
1000000000000001
111972796831168864
100000001
190035252237360057
1048306738787
470662285685592
10000000001
814500410398856885
281861312816790348
863451846498412213
95876441034322795
892800637401673
4444179954984
797202901655280133
563040026875067435
100000000000001
83033207350185293
1000000000000000001
9954435666273
9388559975891857
431164382055075832
618236951577788745
10000000000001
1000000000000000001
100000000000001
281826471088677812
10000000000001
10000000001
830461615317911466
84654821801810343
10000000001
946308007375693096
1000000001
10000000001
10000001
854331670084139032
100000000000001
465733762230737
1000000000000001
6291890710608445
589907184314346373
1000000000000001
1000000000000001
10000000001
1000000001
657444449135753912
8624939022961530
68983050695233
579741908371059216
778195363873414116
100000000000001
349951690491122151
100000000001
4407517750206
628530178399985449
739395468018778469
742501253314596463
984578561606653880
794628262649986889
10000000001
100000000000000001
100000001
15899505811697711
11280844562926
11134652275747
599809874565551704
67617976588518
876819197779525
399358202954108063
751957471055934399
711665630945441718
897878436357685056
547022425917811986
196601760229318689
991172746306162604
92115680612694651
183100152182417321
10000001
555981375470164700
837385284721890287
432102552508059956
531997816732124242
100000000000000001
100000000000000001
526584430720904137
340184938608306824
546139430560311447
705247184402825274
833814409479701882
832329256298423970
117653952737835084
1000000000000000001
100000000000000001
100000000001
100000000000001
6218315151698236
688173369739509378
373433745345544285
560824953175319324
760859792800952967
1000000000000000001
736177677393217867
318035926059604686
175230159324440408
521736407730906563
45045661042824788
277140812924752702
290374714811424437
230325747890749728
100000000000001
906024839047489198
559756842057170011
131229751590190685
387852154136276798
100000001
298689559989555454
424821743192249231
62822903174031
167804596206247
100000000001
664746134489469744
10000000000001
348283061254398593
1000000000000001
61494092482639798
10000000000000001
307286813433822477
3294700022848579
10000001
120399390322211
98064706140560
661891441467043623
10000000000001
139035859627136730
10000000001
755128885225
519637869277172228
23551997097916554
10000001
100000001
100000000001
530677242978945729
171429149551219784
619003715620543338
665149159488663444
10000001
10000000001
10000000000001
1000000000000001
195519289358947528
850355248777142277
205575368839639656
76231213608640819
1000000000001
247599631769380878
660066873930777874
581206883257438157
100000000000001
810800170327928913
787475200581814003
39355623802105
801054590920902443
401063568266380259
1000000001
1000000001
393155291708759079
166245473200467486
100000000000001
336093272514004000
839420604011601752
10000000001
3192827282458
6739666889198990
754498409869239906
109302944508882411
10000000000000001
1000000000000001
180374833730653356
1000000001
1000000000001
1000000000000000001
100000000000001
700034190538791909
690371125698394946
100000001
232845022813809126
339397579848219466
806556342897677763
1000000001
1000000000001
397097261670463143
10000001
10000000000001
563157263139471
85415864459613
317942822949696970
1000000000000001
906816696014334487
1000000000000000001
85049584325938386
301882518083749841
273101080402754862
10000001
5441240630726107
372179552848282478
100000000000001
505363594070593491
850313987822160735
10000000000000001
67400600065648908
997076965265276730
46384401828379890
528735751298787815
985981209449063825
233753959992493160
541984596811347730
10000001
10000000000001
336832216784920358
83549618067578011
808757652933328321
637339119130685502
51625280389877326
579008492890534443
792320770288359799
803136634590063950
10000000001
253838261625805626
309097088916867128
726033992615960923
1000000000000001
748021769414500662
100000000000001
504530530747083751
194525140637828
89696303321213625
903593666777763185
1000000000000001
1000000000000000001
52330187654143575
309208035205069
307996135981637142
782350173128515306
941806707871766066
9237776246426117
405280012035628050
100000001
33989447367254
100000000000000001
1000000001
1000000001
289803606065715859
275043855975283178
946544772062934290
3841177290291
1000000000001
1000000001
386284440108276670
882020959605953269
3832234548705878
541605438202440921
1000000001
100000000000000001
4911426097969842
1000000001
55405689238994283
91857333341147770
513465222670256720
195644931584952644
52341670372990191
100000001
858353035102000107
159372180980352916
100000000000000001
912328348054686587
889585964918069926
100000000000000001
1000000001
446058427189165583
64059020854875833
100000000000001
100000000000000001
179810623219827993
639380136361848189
18391840435265187
907806576744735376
607439869003441292
224140698437777192
762557199053806308
911000500273175383
1000000000000001
100000000000000001
10000000000001
10000000000000001
10000000000000001
1000000000000001
96162896822952036
1000000000000000001
1000000000000000001
10000001
422517335627636234
100000001
100000000001
10000000000000001
1000000000000000001
100000001
442911792563154323
513255109929485799
100000000000001
7026650992979814
100000000001
10000000001
1213820236346646
284204197489667246
1000000000001
100000000000001
935989794530078387
10000000001
870005329402457297
1000000000001
100000001
359623638402360244
793699745524914328
4899121857157
17946535734362708
164084081336072088
917642891564397764
10000001
750613052123
201229372338428855
627087614135194294
720737866900836773
560497567041493751
527924360174721725
907100097647729730
10000000001
754956868895019759
820011086536032330
1000000000000001
451965299630859348
163141752351013437
10000000001
10000000001
10000000000000001
10000000001
868026128475222617
162882604981442099
566376461481858300
670691279941654258
10989591598953
848144812464283810
100000000000000001
1000000000000001
234104088680
726397515303845376
112485377834048671
425031503275351996
74639563484073781
100000001
5009160285261932
560328096037637385
11125786543511
67185340193252
100000000001
851035635111621323
602077507192751910
694975002040164889
12518642204621
350811189362139378
3940938828354
332922748479282099
815591665218196335
538333169592331593
61069194608757355
968549992421023872
100000001
91434673440844
532810596814763447
100000000000000001
100000000001
80877648609798414
652229559148906920
781492921542551860
781035657946820848
498903640098141195
120196781893751207
360868263096658017
10000000000000001
151445103350541
448563364602253799
100000000000000001
10000000001
10000000001
10000000001
8985029075583
745004085155
316571744807048986
100000001
732463366433105989
905954261413753266
708697012156944635
81506292304466272
100000001
16511972123532850
109851548869737740
764963674882909920
761687882827971926
1000000000000001
57955065501215
10000000000000001
628487506291877805
100000000001
71592336625558647
10000001
1594537858408
458619636637767032
100000000001
3977998535448953
178671182722220038
10000000000000001
726251854189800152
960114936383475437
104799538353510
100000000001
827792491915839672
571548538662164141
9355940854711
172753914781307671
495096735709240613
10000000000001
513256996956523938
316999950712881577
100000000000001
368648433735131710
408051703980295929
450247690386494
1000000001
317274191046923063
73200526980372908
223834083551871190
945264136608039841
100000000000000001
10000000000000001
748286526543556
891238923033867993
10000000000001
146337016269143654
10000000001
280550962687521432
703106759851442838
66296811936852978
457666227292994308
886868694634441997
1000000000000001
822919020454298029
10000000001
354196136526323297
821306836137006977
10000001
844814919869276383
707713247040408722
258895434601188077
10000000001
953845848004651816
67190840789400
448388683486889963
479015051535044129
1000000001
694002648238726561
1000000000000001
10000000001
96593101674086737
4218031747448645
10000000000001
395642607136866328
10213090724331
76193139449063256
76773509044432271
729737692724446438
1000000000000000001
1110732435877374
6273498541725460
147230557996410766
634641854888681657
136820542505463816
59336506217671
208728704917619405
1000000000000001
10000000001
893788658271119176
426737042774360363
1000000000000000001
690052078752269927
69451955152404990
8741650603433032
482709813298904769
580591806966467301
986136893018286082
226950690072121426
565620271368926873
1000000001
419580122485836358
1000000000000000001
374613449318304029
451667425537328
10000000000000001
100000000000000001
100000001
10000000001
2268315205123
817354130734860961
160626321280154206
130200747985997856
598655209584085770
862183012733581565
102493325440
100000000000000001
766260689700213045
10000001
669882250385317813
100000000001
376359702510482240
865081493496339882
100000000000000001
168057722504809738
1000000001
67720835067298
5886705633122142
1000000001
756007592883637925
1000000000000001
1000000001
100000000000000001
1000000000001
948206788806093779
578945329337260770
808415130061531587
1000000000001
1000000001
411568238393925304
100000000001
643612730024981527
86013546319651650
330206587990690769
523181437057603602
82677491469319846
776867649784812678
1000000000000001
179874810389274
100000000000000001
100000000000001
919916377944458029
825313041266660452
63102267888871163
42374164064403270
108967416555770290
599080139382980654
10000000001
257268030670805075
72877831103732594
642606020457824730
712585119985407401
489054048449693969
10000001
314518730499607941
721539396207689192
975292782463654257
100000001
930925993802760302
2419110219416
1000000000000000001
953950783835232499
208358555055092135
1000000001
270983708321966197
10000000000001
994119897709919475
509385210423355696
579386100856038330
84761447214175353
208764149511221320
673856073225600584
10000000001
557142154553463081
100000000000001
1000000000001
466639697570912329
236056776374539556
1000000001
1000000001
512309179606220095
234432376108007344
593730005427894525
953583734688363933
989328357605012688
101480620183004495
172429839198283393
96622000130239199
638938313255960580
100000001
200333471356623923
520332925960934425
726693751748136224
125487645585275516
10000001
370909280268345887
1000000000000001
937741084599005005
100000000000000001
1000000000000001
76873041082839751
935539070843507976
1000000000001
410925213407182429
244964374813656648
10000000000000001
99932926888185
545550448930407403
100000000000001
7207213500377
631363005529325733
919602834627596971
10000000000000001
908689353338444650
722737460683260389
31306340296272360
894631417287608
684992751405708888
494512418817743544
35004567675879
589657455876076831
502143947470393393
451574596663623083
67793764334164033
1000000001
975722926379950658
377068075683381563
399715150925023065
510968955557406483
1000000000000001
4818978374034
10000000000000001
10000000001
1000000000001
483094851007837869
568648157043856441
41846469184293017
51790738650297
1000000000000000001
97241042487385
522746101278275961
100000000000001
3396655380094852
100000000000000001
1000000000000001
956544786378985980
10000000000001
