79
11111100110010010010011110010011001001100100111110010011001001100100111100100100110010
1110010010
1111100100100110010011110010010010
11100100111001001110010010
1110010010
11111001111001001001001110011001001110010010011100110011001001001110010010
111001110010010011001110010010
111100111001100100110010011100100100111110010010010010
1111110010010011110010011001001001100100111001001100110010
110010
111100100110010010
10
1110010010
111100110010011001100110010011110010010010
111100110010011110010010010011100110010011100111001001100100110010
11111001001001001100111100100110010010
1111111100100100100100111001100111001100100100110010011100100111100100100100110010
11110010011100100100110010
1110010011100100110010
11111100100100111001001110010011110010010010011001001110010010
111111001001100100111001001100100100111001111001001001001111001001110010010011001110010010
111110010010011110011001001100100100111110010011001001110010010010
1111001001001111111001001100100111001001001100100111110010010010010010
1111100100110010010011110011001001001110010010
1100111001001110010010
1110010010
11110010011001001111110010010011100100100100110010
10
11100100110010
1110011100100100111001001110010010
11111001001110010011001001111001001001111100100100110010011111001001001001110010010010
111100100110010011100100110010
110010
110010
1111001001110010011100100111001001100100110011110011001001100100110010
111110011001001001100110010011100100110010
111110010010010011110010011111001001111100100100100100111001100100111001001001100110010010
11100100110010
1110010011111001001100100110010010
1110010010
111111001001001001110010011100100100111001001110010010
11100100111110010010010011110010010010
1111100110010010010010
1111100100111110010011100100100110010011001001111100100100100100111001001110010010
11100110010010
11001111100100110010011100100100110010
11110011111100100100111001001001100110010010010011100100110010
111100110010011001100100111100110010011100111001100100111110010010010010010011110010010010
111100111100100100100111100110010011001001100100110010
11100100111001001110010010
11110010010011110011001001110010010011001110010010
11100110010010
111100100111001001001110010010
110011110010011001001111001001001100110010
11100110010011100100110010
11001110010010
1111110010010011110010010010011111001001110010010011001001110010010011110010010011110010010010
110010
11100110010010
11111001001100100100111001100100110010
11111001001110010010010011111100100110010011001110010010010011110011001001110010010011001110010010
11111111001001001100100100100100110010
11110010010010
1110010011100100110010
11111100110010010011111001001001001001111110010011001100100100100100110010
11110010010011111111001001001100100110010011100100100111100100100111001001001100110010
11111001110010011110011001001100110010010011110010011001001001001100111100100100110010
11111001001001111001001001111100100100110010011001001100110010
111100100110011100100111001001100100110010
1110010010
11100100111100100111001001001111001100100100110010
11100111110010011110010011001001001111001001001001100100111001001110010010
11111100110010011001001001111001001111001001001100110010011001001110011001001110010010
111111100100100100100110010010
1111001001001100110010
111100100111001001100100111100111100100100100100111001001111100100100100110010
1110011111001001100100100110011110010010010011110011111001001001100100100110010010
1110010010
1111100111001001001110010010010010
