1000
18
14 21 22 20 43 35 42 30 38 34 46 32 42 14 15 25 12 3
7
13 50 43 40 26 49 4
12
36 21 2 47 19 4 31 14 8 2 6 19
48
13 7 42 2 10 39 50 6 42 47 42 35 41 30 12 10 49 27 40 32 10 31 2 5 40 34 47 43 30 1 37 19 42 46 8 44 28 49 30 46 22 5 31 26 4 16 22 25
24
4 29 36 7 33 35 5 26 20 12 37 16 7 24 47 40 17 14 48 49 40 16 33 21
47
29 4 29 3 2 3 31 29 21 36 44 30 19 18 40 28 19 27 39 14 42 1 15 32 49 30 43 29 49 9 10 2 15 37 48 34 45 32 28 10 11 32 41 30 32 18 39
35
23 2 11 14 16 4 45 43 37 16 25 47 23 9 41 27 33 13 9 20 37 46 15 43 48 24 37 28 39 33 25 49 30 36 32
31
17 40 15 12 37 37 35 17 30 40 44 9 45 49 37 47 29 20 25 6 6 16 37 45 43 31 9 18 23 9 41
12
1 27 23 40 12 33 49 49 24 28 22 44
46
28 8 21 35 27 13 39 1 4 29 11 48 25 6 21 40 34 31 34 6 18 8 40 26 14 1 27 48 35 4 34 7 13 3 1 37 35 40 39 36 49 39 15 14 42 20
29
39 16 40 45 31 35 37 20 43 35 23 28 3 10 1 41 2 42 27 24 33 38 25 38 28 40 50 33 10
10
35 26 7 35 27 4 41 26 39 37
29
39 43 14 29 18 18 22 35 33 22 42 31 19 3 35 39 19 43 19 39 32 21 30 13 27 6 6 32 35
25
41 11 12 12 38 46 25 42 18 13 13 24 33 21 7 3 40 22 32 32 50 21 7 45 2
2
9 3
15
46 50 8 16 8 31 40 19 1 43 40 11 44 22 36
14
18 20 7 23 13 20 29 9 26 35 4 48 46 34
7
43 14 33 9 13 23 49
28
11 17 49 2 18 3 21 18 48 16 25 28 32 48 42 5 48 24 24 50 32 33 26 29 22 9 15 26
41
28 29 42 36 8 46 34 29 17 38 40 49 38 14 48 27 18 20 1 13 8 28 28 22 1 30 45 7 1 31 17 38 3 34 48 13 19 8 33 38 12
8
12 1 42 43 33 30 34 44
37
18 1 50 29 8 5 22 11 37 36 3 19 28 13 7 39 48 12 7 6 32 24 38 20 37 16 24 38 44 22 35 1 21 40 21 31 4
10
48 35 32 37 3 30 34 6 40 6
31
7 24 9 30 14 13 42 14 22 11 22 27 20 49 48 30 49 31 22 39 20 35 27 13 35 10 41 7 17 20 46
4
41 2 35 5
31
42 41 16 18 50 35 28 43 7 25 12 36 33 14 10 46 8 17 28 30 30 5 33 48 1 1 49 39 37 32 41
37
28 39 21 22 20 14 16 6 10 20 23 46 12 16 25 14 33 20 49 2 22 44 42 25 8 7 30 16 37 20 40 48 33 31 28 27 41
41
19 27 14 1 5 31 36 15 12 30 6 50 8 20 25 16 31 2 39 2 20 25 1 24 12 43 18 10 22 23 1 42 5 24 47 3 37 26 37 25 8
30
48 25 33 21 49 32 37 25 36 45 9 49 14 35 40 5 36 32 41 9 27 21 26 18 4 28 4 42 47 7
15
30 2 40 22 39 42 45 26 20 47 37 32 15 6 15
15
42 41 1 19 47 8 46 47 2 22 21 12 43 3 12
38
50 25 18 28 10 13 35 6 42 46 48 22 43 11 2 1 16 3 2 27 35 2 9 43 19 13 15 5 49 6 32 32 9 36 45 5 17 16
20
48 17 23 49 17 40 2 41 3 2 19 7 18 21 32 17 26 50 27 6
28
11 44 49 37 35 34 33 18 7 27 47 9 30 15 1 15 42 18 5 33 6 43 25 10 5 26 16 3
34
25 50 24 1 10 38 13 46 2 25 37 8 2 36 5 4 42 8 17 1 23 14 3 1 1 43 7 37 16 42 33 44 6 10
29
34 41 23 33 19 18 12 32 50 17 50 46 49 30 4 20 36 35 22 24 12 13 40 38 14 33 32 4 28
10
11 4 41 25 24 26 9 35 42 41
6
32 4 23 33 16 35
2
38 23
42
23 20 45 17 29 12 14 23 26 33 25 33 47 11 2 49 48 32 13 26 44 25 48 29 31 6 25 48 31 3 12 1 13 8 11 7 35 38 18 15 16 35
22
8 48 19 14 18 33 37 20 24 25 27 22 38 36 39 39 28 41 12 16 37 17
47
20 4 39 8 12 41 50 32 46 37 46 42 6 39 32 40 25 50 35 10 6 10 6 21 7 49 45 23 19 36 2 38 8 25 1 50 47 45 22 13 39 41 10 17 7 33 4
45
17 31 6 43 22 8 20 31 21 12 10 48 12 49 17 49 2 41 9 20 30 17 28 47 13 18 29 36 45 14 21 22 38 42 43 29 29 44 35 19 13 47 9 26 32
11
22 44 27 32 2 38 17 3 16 22 3
24
46 9 45 17 21 17 28 21 48 32 39 18 5 7 11 36 12 22 41 26 30 44 15 10
37
50 27 19 12 4 20 32 30 17 48 46 11 6 30 10 15 10 39 29 35 16 19 41 39 29 19 20 41 44 10 28 42 47 50 13 21 24
36
39 50 16 14 13 15 12 7 24 36 10 2 31 1 26 11 36 23 42 43 20 29 40 1 15 21 29 30 48 45 31 41 13 30 37 13
36
17 5 11 32 31 31 48 35 21 44 24 5 6 32 42 15 5 38 24 13 26 5 30 10 11 17 46 32 3 17 21 33 23 25 48 33
30
5 29 48 18 24 14 33 13 44 24 39 28 1 15 20 41 29 5 5 34 22 9 27 27 2 25 28 5 15 15
36
4 14 16 40 13 35 28 44 21 26 7 32 24 9 28 10 38 11 23 2 40 33 47 41 50 14 6 26 9 46 31 40 39 45 46 17
44
12 32 16 38 5 2 27 26 27 47 6 49 41 5 26 1 19 41 46 23 46 1 21 36 18 24 44 39 23 41 28 11 40 42 36 36 29 24 45 5 36 30 23 21
47
33 5 45 34 44 50 27 32 50 34 15 24 17 40 43 22 33 2 23 20 37 19 20 14 47 30 28 44 26 8 1 27 15 6 39 48 39 4 10 26 31 13 20 17 6 49 4
6
2 5 39 13 42 47
2
1 43
22
30 21 7 5 21 2 22 7 2 12 31 47 2 38 29 8 31 16 11 25 6 50
5
9 19 39 4 13
30
5 11 16 14 38 46 22 1 36 49 28 4 1 27 43 34 8 46 33 29 48 33 8 36 23 11 29 29 15 15
18
4 12 16 49 14 36 38 30 48 12 35 12 48 43 1 16 23 32
47
42 38 16 7 13 33 47 7 41 20 48 23 34 4 33 46 41 7 37 21 3 1 14 42 8 11 49 43 21 35 33 34 49 39 24 27 13 9 18 41 8 5 28 24 25 28 6
15
4 1 37 9 22 40 32 18 43 13 1 6 42 19 8
31
41 37 33 29 8 4 29 9 25 32 45 15 1 45 49 50 17 36 41 43 8 35 46 3 37 4 7 7 16 11 39
24
38 14 15 2 48 28 3 14 25 11 32 25 27 11 37 16 7 41 36 7 29 45 34 8
34
17 16 18 18 17 14 17 25 24 27 45 40 50 44 16 13 31 45 50 4 35 17 1 26 9 32 15 5 31 48 2 22 30 9
13
50 50 30 20 41 6 41 21 7 29 38 24 42
35
28 37 16 4 19 41 38 36 29 43 14 17 1 5 32 47 32 27 24 15 35 42 24 15 29 13 15 43 16 37 3 2 17 10 38
20
13 33 22 15 48 35 15 15 13 13 13 8 39 9 30 11 16 35 26 7
38
16 11 5 3 33 20 45 34 35 23 29 31 12 33 9 41 9 49 8 47 43 3 35 9 47 12 11 42 50 33 2 39 11 39 36 29 46 1
39
11 12 44 30 43 24 15 43 7 12 39 49 31 38 22 18 27 47 34 6 11 5 18 7 23 22 35 20 4 37 1 25 37 11 12 15 13 21 20
46
25 36 15 40 23 10 23 16 21 4 28 31 29 36 14 43 24 2 6 13 43 37 24 3 34 34 24 33 26 26 49 13 11 32 37 31 19 50 29 43 43 46 43 18 39 37
43
20 44 45 3 31 9 44 9 42 25 28 22 7 44 6 13 40 3 45 48 25 21 8 18 12 13 30 2 40 35 10 4 44 13 3 26 13 44 32 49 42 49 5
9
30 39 35 16 44 5 21 26 1
13
14 21 33 43 1 19 37 11 19 20 30 36 19
1
4
18
14 8 21 24 16 17 35 26 39 39 5 37 38 42 31 50 36 16
42
19 47 12 3 47 27 41 16 50 36 18 26 30 12 46 44 34 17 47 17 10 11 48 25 5 24 27 29 44 12 37 27 3 24 46 37 45 8 43 4 35 4
1
42
15
6 14 36 5 16 3 5 7 2 25 23 1 6 23 30
4
24 22 36 24
35
6 32 35 7 24 22 18 29 26 5 29 32 35 17 12 30 37 1 29 22 13 10 6 13 10 31 30 49 7 9 25 49 8 36 38
22
13 42 7 48 18 6 2 16 29 37 24 26 13 5 5 41 27 40 21 26 36 8
40
39 40 5 8 8 8 49 6 35 15 22 46 36 37 24 1 6 44 21 5 31 17 26 8 26 5 34 22 41 34 5 28 28 42 10 40 36 27 50 2
30
3 13 33 23 5 30 9 45 31 30 4 23 5 36 42 10 33 11 5 22 43 45 18 31 17 19 23 42 20 4
11
39 39 8 12 13 27 6 26 44 24 50
16
32 6 22 34 11 40 16 1 16 32 9 44 29 33 43 33
11
19 7 41 14 29 39 41 1 26 9 30
39
16 23 5 34 28 15 32 23 5 44 13 37 31 23 39 24 39 46 49 3 24 34 20 16 40 40 35 50 28 49 20 14 42 36 43 22 17 35 16
31
44 46 29 48 10 17 5 41 6 2 36 26 34 29 21 25 30 12 4 2 21 43 7 12 1 48 23 5 44 2 50
50
25 6 23 6 14 46 39 40 14 5 38 21 20 10 45 30 2 11 46 24 40 15 19 7 2 41 33 47 46 18 16 38 35 39 2 41 49 27 21 11 30 24 43 17 16 6 24 21 36 36
26
22 10 5 12 28 14 11 1 23 29 30 16 47 23 3 50 5 36 36 19 5 10 24 44 38 16
44
2 8 50 36 19 12 35 11 39 6 14 21 31 49 28 41 33 6 43 12 22 8 28 13 49 23 36 19 28 6 15 21 32 19 22 35 33 47 11 35 31 15 22 6
23
9 30 30 17 44 43 31 19 23 39 47 41 11 34 24 29 6 5 37 36 20 38 5
23
46 11 39 24 49 40 42 19 5 7 5 40 13 40 27 1 7 43 48 43 33 22 6
43
4 39 26 48 15 38 17 11 49 12 32 20 49 47 31 22 27 17 6 49 22 27 50 6 46 42 37 16 23 8 47 37 33 2 22 36 43 35 6 29 18 16 50
22
13 47 40 38 33 2 22 13 9 6 13 11 5 15 45 6 21 33 29 24 50 4
50
28 12 19 46 21 9 12 20 7 50 35 32 20 12 41 9 36 20 27 7 33 23 31 46 25 37 19 11 26 9 41 11 10 29 11 3 37 36 36 22 37 17 40 9 15 26 25 24 24 20
23
29 36 32 19 40 26 44 10 9 25 38 46 39 1 46 25 38 43 39 8 44 48 11
14
15 49 45 18 18 18 12 7 32 46 4 29 32 12
38
3 33 40 17 12 38 15 21 25 4 12 16 31 44 31 23 39 19 28 34 9 25 15 26 27 31 42 50 39 43 49 47 25 33 38 34 9 27
11
4 3 19 14 12 26 10 3 16 2 18
12
20 38 21 3 42 29 20 41 38 48 3 50
28
4 19 45 15 39 1 46 31 27 7 45 28 35 48 18 15 22 18 14 1 7 43 19 17 22 2 5 16
10
10 36 18 35 21 48 8 17 10 4
10
31 31 40 36 32 7 14 4 3 12
35
40 32 13 17 50 45 37 16 50 48 41 33 47 2 4 3 32 38 9 25 8 38 5 8 5 45 1 26 37 13 12 48 20 15 33
9
29 48 3 27 2 1 29 15 40
3
28 44 50
20
38 14 43 12 7 43 45 24 35 1 25 31 14 25 13 26 7 46 16 25
15
30 2 25 12 16 33 21 34 8 42 25 13 14 14 28
31
14 30 7 25 17 14 1 33 22 33 10 37 47 6 14 14 41 21 20 18 39 24 11 13 14 38 12 1 17 5 49
37
40 35 37 17 2 17 22 28 40 28 5 5 45 40 33 10 22 27 48 16 39 14 44 43 10 7 40 23 5 14 3 39 14 9 14 4 47
15
37 7 23 39 32 42 10 10 6 28 3 37 44 1 28
34
18 22 6 34 5 23 30 11 46 38 35 38 36 23 49 10 37 46 48 7 21 40 16 14 7 47 2 28 23 17 15 1 39 10
7
21 3 35 3 36 16 11
10
36 14 43 26 40 9 2 41 36 44
38
31 21 27 6 2 14 22 8 17 27 11 48 2 40 25 3 43 47 40 38 17 48 9 18 22 10 4 12 16 13 7 43 6 22 5 34 38 47
5
11 36 14 17 47
37
14 2 21 37 5 15 49 35 3 23 24 40 25 41 44 27 42 2 35 8 13 41 12 14 42 14 21 26 44 14 3 18 45 48 15 35 42
23
9 28 11 44 11 5 3 26 44 26 35 27 28 23 4 3 36 22 15 14 34 15 22
30
1 5 12 45 6 47 5 27 6 35 40 33 28 23 42 5 9 33 46 25 17 9 4 34 1 7 44 25 26 20
35
45 50 36 14 14 36 50 29 34 39 30 27 47 22 42 44 33 32 31 21 32 27 3 40 9 29 40 7 12 4 28 15 32 28 37
3
46 9 38
30
46 9 31 23 32 17 11 12 44 21 36 22 50 10 20 24 28 26 15 38 32 41 33 2 12 3 34 27 7 8
16
12 19 48 1 28 17 38 35 39 33 38 39 46 30 34 24
12
50 3 22 17 11 19 14 9 39 47 2 9
9
36 35 27 33 24 13 1 30 30
12
14 41 14 33 37 27 11 18 3 3 21 46
43
5 2 30 13 6 43 18 32 33 29 45 50 1 2 46 18 7 23 32 45 50 36 10 25 3 22 20 18 45 2 41 6 15 3 7 6 17 42 44 4 17 29 26
28
10 21 38 37 15 15 34 4 38 25 18 31 13 42 6 5 13 9 10 39 49 29 37 27 32 7 49 19
34
19 1 9 24 31 17 43 23 4 27 40 24 18 32 44 4 16 15 10 22 45 4 13 43 22 46 40 17 28 11 18 33 14 42
2
16 46
11
21 17 35 3 21 41 50 32 28 34 36
46
32 6 41 9 42 7 18 13 21 50 43 22 46 26 30 50 38 35 3 23 35 37 3 20 46 25 10 18 48 49 24 6 16 9 38 5 32 37 32 45 28 47 41 29 33 35
4
20 39 49 39
48
37 10 26 27 28 10 50 28 43 31 39 38 2 24 39 11 28 5 39 50 41 43 6 43 35 39 20 29 23 12 38 50 49 11 35 11 13 39 36 12 11 21 39 11 2 46 30 20
26
2 17 47 26 14 49 2 23 9 20 14 44 39 12 10 11 43 19 32 45 50 15 32 16 16 37
44
21 3 24 42 18 12 44 19 20 40 36 28 20 2 39 24 27 24 26 38 41 31 18 18 21 24 44 21 12 34 24 13 32 27 19 19 42 20 1 20 27 14 49 8
28
49 36 44 43 5 26 34 39 44 50 8 46 2 19 11 48 14 30 41 37 25 19 36 6 25 13 22 25
49
46 23 17 13 41 36 32 20 38 4 6 35 15 20 38 47 37 47 3 32 15 42 14 4 33 8 30 23 16 33 45 37 19 27 34 45 46 42 9 17 20 24 19 12 24 29 13 8 46
6
39 16 16 8 26 24
2
45 17
18
10 38 22 21 50 38 4 21 23 3 27 50 44 12 44 34 12 34
40
32 16 46 31 50 5 2 18 31 42 19 23 5 4 44 46 7 24 3 37 15 46 5 6 36 22 37 42 47 9 3 23 12 44 33 23 44 20 11 20
18
48 17 49 4 41 15 33 39 21 21 47 16 43 31 30 37 7 25
45
13 32 38 10 2 5 11 41 32 19 11 50 20 7 43 16 17 15 22 48 35 18 36 43 29 39 18 7 4 6 30 11 13 35 42 29 28 49 31 45 37 22 7 25 17
2
22 44
38
14 20 22 47 22 29 21 36 18 36 24 15 13 25 11 26 2 48 10 5 10 24 9 39 9 35 34 21 20 21 11 49 43 1 27 1 5 2
14
7 42 25 50 42 32 5 12 16 33 4 17 33 41
36
37 45 29 5 29 1 18 31 11 32 9 17 50 6 23 41 39 15 38 38 1 9 8 18 28 21 6 28 41 35 7 18 32 43 46 16
48
50 40 1 27 32 18 10 17 46 10 7 45 7 37 33 40 50 39 19 49 38 11 29 45 38 38 9 2 3 29 3 22 50 35 48 24 25 18 27 38 37 43 33 11 49 21 1 36
27
24 50 2 28 9 36 49 48 16 39 7 17 13 31 48 27 1 9 23 18 30 17 15 40 37 49 2
23
22 25 17 17 40 25 12 35 38 19 17 29 46 42 18 37 12 47 26 22 22 30 12
20
38 40 40 42 12 19 35 24 43 40 25 12 21 30 17 4 29 2 28 40
47
43 22 1 18 30 28 36 47 47 49 1 29 39 9 45 23 46 42 33 49 31 32 45 15 19 48 23 48 20 22 8 35 32 49 2 24 17 29 49 43 5 1 11 26 25 27 30
7
31 7 28 14 37 39 3
9
14 37 26 47 50 50 27 10 25
14
16 28 16 32 29 18 23 38 37 5 24 36 9 34
46
39 25 39 21 21 40 44 2 12 40 6 10 41 11 23 18 28 11 7 12 3 41 23 49 47 29 14 34 14 32 8 21 13 27 40 15 14 14 26 31 50 44 33 34 19 31
45
31 17 2 48 11 40 24 31 21 5 21 20 23 40 22 44 7 49 49 43 17 39 39 7 9 16 8 20 1 12 7 14 4 23 18 20 31 32 38 21 48 12 7 36 46
27
28 8 47 7 31 9 48 11 8 16 5 30 32 12 50 21 10 38 38 40 21 20 29 12 39 20 8
2
13 26
18
37 35 46 17 42 35 5 34 46 6 23 28 10 47 37 13 10 23
32
43 29 20 15 28 44 20 3 2 33 23 36 7 39 31 48 23 49 2 3 28 34 43 25 16 39 8 10 36 10 1 39
30
41 2 4 28 4 42 36 25 38 34 17 44 19 20 50 11 16 20 39 25 15 42 31 40 36 42 33 10 4 31
5
8 20 23 19 18
23
47 50 25 42 20 14 32 49 48 48 31 1 20 45 13 40 4 16 15 5 5 14 10
39
12 15 17 23 33 48 48 2 7 41 8 8 46 28 7 48 50 31 17 47 11 35 50 20 21 27 16 48 3 23 22 6 11 3 31 20 44 18 34
43
43 23 47 20 21 32 43 31 23 11 34 30 1 21 33 33 43 41 6 5 46 16 34 40 16 1 36 13 33 31 11 40 4 31 23 20 29 49 10 1 11 25 24
37
40 12 44 30 40 15 42 42 19 29 15 32 21 18 43 24 31 18 18 2 20 18 46 13 22 18 49 45 42 18 45 25 1 4 19 44 15
41
6 47 21 19 20 12 49 31 19 1 28 36 19 14 10 22 46 21 27 1 31 10 7 16 44 46 21 29 28 31 3 35 3 27 46 28 19 44 16 2 35
12
39 13 12 36 2 48 40 49 20 38 12 49
1
11
2
32 4
38
1 17 18 40 15 50 4 12 24 41 35 31 9 50 24 25 7 26 8 37 3 23 5 40 17 6 22 13 43 28 16 46 22 46 9 29 17 4
32
24 24 25 31 31 31 47 35 29 42 47 13 20 31 18 28 4 21 10 9 37 29 33 42 13 50 43 21 34 11 4 7
27
10 43 10 7 4 47 28 21 37 16 44 48 34 41 47 14 26 3 20 34 9 37 27 33 40 33 32
21
19 31 9 45 46 12 42 25 18 39 19 33 27 35 31 16 27 33 20 26 44
11
3 18 22 18 11 35 12 8 34 25 12
37
50 19 46 42 34 23 4 38 26 25 28 28 28 36 48 33 2 49 1 37 16 12 50 49 48 12 16 25 5 38 49 50 9 24 45 1 5
12
14 36 40 19 14 34 12 15 12 20 39 8
2
44 11
19
49 9 13 12 13 49 26 45 39 27 37 26 8 22 25 43 24 4 45
13
16 16 38 31 28 4 6 43 12 4 30 45 42
28
5 18 3 6 38 11 44 21 18 5 1 38 48 16 42 9 28 40 15 36 22 40 32 6 44 6 9 14
32
4 36 34 34 14 19 10 26 46 8 28 47 41 14 31 19 45 46 1 9 18 41 10 10 7 50 11 41 44 22 2 5
6
13 44 40 48 44 2
20
6 47 36 28 1 44 1 14 25 20 2 42 20 16 47 31 13 50 1 15
38
50 46 45 16 19 25 14 19 30 18 28 12 6 28 29 44 4 28 30 35 43 36 17 39 9 14 22 14 26 24 29 4 23 1 37 45 33 37
17
6 1 26 33 45 20 35 11 32 50 45 38 19 39 2 48 17
47
7 43 41 26 9 5 2 33 24 20 48 16 4 45 36 48 20 9 39 33 43 41 32 14 39 35 3 5 19 37 40 46 34 10 13 16 24 31 49 2 48 24 3 28 11 8 6
25
16 23 40 14 25 11 33 49 31 2 3 16 43 39 19 33 27 10 29 5 31 31 4 39 7
12
46 42 2 21 1 44 28 49 49 47 49 41
43
14 13 12 43 10 19 26 38 32 6 30 20 24 30 35 11 7 23 16 26 44 46 39 34 35 11 17 20 46 39 5 6 22 21 28 7 31 9 6 7 21 17 6
47
23 5 27 18 36 4 14 27 32 50 16 47 26 25 1 6 13 2 21 4 32 16 44 29 32 35 20 46 40 10 42 16 44 8 2 28 23 33 30 6 19 30 6 37 1 39 43
2
2 41
39
6 23 36 12 50 29 5 19 33 9 24 39 30 10 28 10 4 15 23 42 35 14 20 44 50 15 29 43 29 33 10 42 13 4 28 17 21 32 7
7
4 24 16 28 21 20 1
4
10 50 46 30
2
7 26
32
12 6 45 10 24 5 23 2 7 47 29 23 4 45 5 9 12 30 34 5 47 24 4 19 32 2 6 5 31 14 6 5
10
21 15 34 26 26 25 5 11 18 1
41
2 36 46 46 17 37 28 44 25 44 6 27 17 43 22 39 26 16 22 38 11 25 1 30 50 6 19 2 15 42 2 18 39 15 24 28 10 43 27 12 22
3
49 4 46
44
43 10 1 32 6 19 47 30 47 36 4 40 3 14 15 4 3 40 1 37 35 15 24 29 48 44 22 15 19 49 3 2 5 1 33 14 23 24 4 24 6 44 12 39
13
33 37 36 29 17 45 24 12 3 5 22 21 48
40
25 17 10 12 35 39 41 48 48 46 39 7 12 16 6 5 41 29 3 47 26 36 6 48 37 36 41 35 12 10 24 32 42 31 48 2 42 49 18 5
15
7 20 15 33 20 8 18 1 45 21 1 9 44 44 32
7
33 38 21 37 44 7 36
14
29 40 44 37 3 31 17 2 6 49 20 17 14 42
37
45 19 22 4 14 12 49 21 36 26 48 12 14 26 12 2 33 23 43 36 8 7 46 32 30 36 46 33 16 12 5 4 5 44 42 28 29
4
17 8 8 14
38
14 8 28 37 30 4 21 40 38 15 45 7 18 26 50 30 26 34 42 17 4 19 48 21 16 44 28 47 26 15 26 44 19 23 50 6 12 22
9
18 45 30 27 5 33 3 42 14
3
20 44 43
25
41 47 2 8 18 20 27 5 44 25 40 7 50 15 31 19 3 22 29 15 1 44 21 22 24
28
12 21 23 26 44 42 3 20 46 20 28 2 36 47 34 10 48 25 49 24 42 21 45 22 16 33 11 2
46
42 37 29 12 47 10 37 4 2 2 42 25 16 36 24 25 9 25 21 20 4 2 31 19 42 33 46 46 44 20 41 40 25 17 31 3 18 5 47 25 21 8 41 12 36 44
21
39 44 36 1 42 31 18 32 24 25 50 37 33 40 15 44 47 16 30 23 24
27
46 41 23 3 1 21 43 20 43 20 37 6 48 18 15 42 46 40 40 5 26 29 25 23 44 8 15
8
2 28 29 1 2 1 29 23
28
25 42 15 22 17 14 39 49 25 37 31 31 24 4 40 25 42 35 48 1 45 49 21 22 2 42 43 9
41
40 22 26 10 28 43 1 50 47 50 5 38 33 39 21 28 24 5 24 8 31 50 14 18 4 41 35 1 36 7 4 5 48 24 29 6 6 11 40 36 46
44
27 23 37 34 30 38 34 24 29 10 48 29 37 49 24 15 17 46 16 20 36 19 48 9 34 27 21 21 10 21 17 9 1 43 39 17 6 49 45 17 26 25 1 43
28
28 37 39 44 28 20 48 25 37 9 26 32 10 4 49 20 46 9 43 31 13 38 13 18 8 14 8 19
10
7 27 24 8 24 13 29 43 20 49
19
16 43 11 34 16 4 31 8 28 48 33 29 24 29 8 37 1 19 1
44
15 9 34 17 24 22 39 45 45 41 8 29 40 36 1 9 9 30 41 18 17 33 6 39 6 23 10 43 47 7 34 47 16 48 32 48 4 45 21 4 39 14 48 10
38
26 23 16 50 38 21 21 47 7 32 27 17 24 12 40 44 12 6 45 4 12 27 49 40 34 19 50 44 13 35 4 26 46 6 39 19 5 32
12
41 26 28 40 17 46 22 7 28 44 37 9
41
12 4 22 22 5 4 50 22 24 36 39 10 43 29 3 26 13 14 33 35 38 46 6 43 39 6 23 16 40 31 13 24 17 40 5 8 30 38 37 13 48
39
49 4 25 5 36 36 38 29 26 32 38 14 22 26 14 8 48 35 49 21 17 14 39 45 24 36 27 50 47 22 17 30 23 22 1 37 21 34 11
14
18 33 7 31 49 40 6 10 5 35 23 22 44 11
12
11 31 43 6 44 18 16 30 20 34 48 8
5
50 6 21 48 10
5
1 48 7 14 13
22
20 12 34 34 23 41 9 49 35 1 11 11 5 43 34 42 11 7 32 19 25 14
14
23 26 5 8 19 22 34 6 37 29 11 13 6 24
44
3 6 36 32 7 4 41 25 41 24 50 7 9 28 17 19 24 24 30 34 43 44 28 28 20 13 13 39 29 34 33 19 24 30 19 49 10 36 12 15 5 12 19 41
40
35 21 4 38 16 15 29 46 6 32 30 35 1 11 18 2 22 1 19 14 37 24 47 14 6 15 48 39 1 19 43 37 22 14 11 9 7 26 18 6
44
39 38 25 48 20 20 24 42 10 5 13 6 49 8 46 35 24 34 24 28 10 35 10 23 20 20 43 35 11 27 22 6 25 6 42 42 41 24 2 26 49 33 40 8
40
29 3 35 33 49 32 8 37 3 25 9 49 49 9 28 38 15 1 32 11 11 7 29 41 49 3 20 45 35 24 17 11 34 45 9 15 16 35 25 33
49
50 42 43 40 13 39 36 2 6 3 46 3 31 6 29 25 31 35 16 8 28 49 28 9 19 6 37 27 34 21 32 11 23 45 43 23 35 13 24 9 26 18 12 23 46 18 31 4 2
43
16 12 42 21 14 31 43 2 17 15 24 20 18 20 43 35 50 49 6 12 34 11 8 47 45 29 1 3 50 37 17 36 8 20 12 4 33 43 33 1 1 19 3
1
30
42
36 6 22 2 15 29 50 12 50 38 28 1 50 47 40 1 17 21 37 6 47 36 2 22 43 17 2 22 39 11 18 4 25 44 24 40 32 9 35 8 26 50
25
36 15 24 35 46 18 37 47 33 7 45 5 46 11 49 45 15 35 2 11 37 30 2 10 4
5
50 12 2 47 44
32
31 32 37 32 28 44 30 48 32 9 46 10 49 1 48 40 45 24 32 6 21 5 5 42 3 45 4 43 5 2 12 17
47
45 43 16 6 10 11 41 42 46 34 29 23 48 25 25 21 42 12 16 32 22 33 17 15 9 41 42 25 5 48 22 48 38 13 33 21 49 20 21 50 40 25 18 23 2 46 19
45
21 13 50 48 49 16 38 10 22 18 10 46 26 2 7 48 40 25 2 39 45 21 8 41 1 25 5 50 3 43 37 21 18 43 39 4 8 45 2 5 19 10 22 8 12
24
21 35 21 35 11 2 28 36 32 27 25 23 35 16 12 21 22 46 4 23 38 33 44 22
19
15 29 13 20 50 45 20 20 4 42 42 48 23 3 11 6 21 25 30
48
3 14 12 21 11 21 29 3 25 45 30 9 48 3 26 36 21 44 6 41 30 25 8 46 33 35 32 16 42 22 6 17 4 1 27 3 32 17 37 38 35 24 38 34 46 21 36 23
2
6 7
17
17 46 8 30 46 40 42 49 14 29 37 40 38 8 4 39 39
21
14 22 16 2 41 7 32 14 8 30 33 9 22 8 32 24 31 5 48 20 9
24
47 4 34 25 9 31 21 47 1 34 33 15 30 27 48 43 11 46 45 41 28 39 25 32
7
30 7 48 50 28 17 22
44
33 14 4 36 30 16 48 15 14 48 26 7 41 36 36 25 43 2 42 16 15 29 19 14 25 40 18 17 35 7 26 39 3 39 23 21 44 31 28 21 31 23 14 37
20
24 39 7 12 23 34 25 8 36 22 43 5 7 48 31 37 34 9 38 32
45
10 42 22 36 27 27 22 44 37 11 47 34 44 31 46 43 14 46 48 32 12 2 48 38 16 46 24 28 28 35 17 1 14 21 37 44 46 50 9 45 41 24 27 34 11
17
17 2 12 38 11 32 10 45 14 43 13 47 7 18 17 32 41
20
17 50 21 37 28 30 15 22 35 20 2 17 38 48 49 47 46 3 37 15
4
39 28 50 27
25
45 22 44 33 24 42 34 47 32 6 3 26 3 2 29 26 5 42 3 39 1 12 49 5 33
1
10
46
49 47 14 16 26 10 16 15 16 41 19 45 44 18 43 5 45 7 7 33 27 35 22 24 32 35 6 29 20 34 31 37 13 22 43 18 30 42 24 26 39 48 44 44 28 39
23
27 21 33 17 11 8 10 30 19 10 30 9 38 33 41 39 30 37 28 33 20 26 18
10
41 28 1 1 48 37 21 28 44 8
5
23 48 36 14 39
19
36 45 42 26 30 31 15 25 26 37 12 41 19 42 50 19 14 29 22
26
47 38 14 5 45 28 39 16 11 9 3 41 14 34 10 41 39 40 21 9 38 18 37 47 23 17
5
30 38 1 9 11
50
13 29 45 31 20 14 40 6 26 17 11 22 28 2 48 45 20 2 41 9 22 40 48 37 39 9 18 12 31 1 45 1 13 42 50 11 49 13 23 50 46 2 37 27 37 36 47 43 14 31
28
47 13 27 1 15 24 3 32 14 25 26 44 43 4 50 6 18 12 36 49 41 27 16 25 18 44 38 46
17
15 39 6 17 35 35 21 31 31 20 12 7 40 45 41 28 5
41
34 43 6 29 29 34 33 46 33 39 25 27 49 33 19 45 5 48 11 9 14 16 5 20 36 29 15 12 23 17 45 47 27 20 31 29 12 14 33 32 3
12
22 18 18 26 8 8 49 42 45 29 36 47
26
19 42 33 24 17 28 48 36 47 27 45 42 22 24 33 6 42 22 1 3 1 3 14 37 40 43
38
10 43 14 24 11 42 48 44 5 48 49 39 20 30 2 29 9 15 39 9 50 24 24 14 24 38 27 4 9 48 34 48 7 39 19 45 24 12
40
4 7 19 12 32 12 42 25 13 20 49 5 35 27 34 15 17 23 24 3 15 4 21 10 26 9 49 43 29 17 27 7 11 15 46 43 25 50 6 45
47
32 2 35 13 20 10 22 3 27 18 39 35 40 5 16 34 19 31 24 33 26 41 23 47 16 46 4 8 8 48 22 23 36 8 10 7 33 5 40 2 38 8 3 4 8 26 36
48
20 10 35 37 43 47 49 9 27 37 37 44 18 40 18 38 24 40 32 49 23 39 3 12 3 42 10 5 31 25 28 20 33 42 3 37 34 46 40 8 31 46 28 3 12 11 48 45
2
30 46
15
1 21 21 16 44 43 34 23 13 14 40 1 2 39 14
12
32 8 44 27 11 39 8 21 14 24 42 32
40
36 45 5 44 3 25 31 21 6 34 38 36 5 22 3 3 16 4 9 13 7 17 22 5 10 19 43 9 49 25 39 24 44 49 18 19 27 44 11 27
47
41 30 3 50 6 47 33 4 2 16 21 22 14 3 25 11 45 20 41 16 8 25 8 38 18 46 41 42 38 34 27 18 21 21 11 11 49 17 16 7 15 15 17 37 29 37 38
6
37 16 39 16 10 47
11
38 34 4 49 5 33 47 32 24 4 46
40
14 43 31 23 49 17 23 42 9 22 8 25 25 24 8 49 42 28 33 41 19 10 32 15 7 32 31 22 18 19 14 39 2 50 2 37 9 42 41 26
17
45 21 50 45 48 22 45 16 19 39 32 37 33 2 49 6 16
36
1 42 34 16 40 43 41 23 42 44 13 33 38 1 48 49 7 24 42 2 33 28 34 32 21 19 39 14 32 6 19 6 29 42 36 30
47
12 7 23 6 12 1 41 30 5 23 16 5 33 32 44 9 36 49 4 9 12 47 42 31 35 4 44 13 25 2 42 31 46 42 14 13 14 42 12 40 25 31 28 15 12 20 36
19
46 26 22 12 2 24 6 16 30 7 29 20 10 19 35 1 9 15 26
20
10 38 25 50 47 16 16 19 37 17 6 2 30 42 5 34 39 6 29 29
24
44 39 10 15 18 36 39 29 3 13 12 26 42 38 2 47 11 8 39 40 16 45 44 8
10
49 28 50 25 1 35 11 6 19 16
8
44 37 41 44 46 34 50 16
23
25 32 43 37 8 14 13 32 9 8 43 46 16 25 46 5 25 36 40 4 49 3 34
20
14 12 21 18 38 8 24 43 33 43 8 16 6 19 4 4 32 45 30 50
5
9 19 23 45 37
23
32 47 37 6 6 46 37 17 7 11 8 10 8 41 49 5 38 42 36 24 49 29 43
27
1 29 47 45 32 47 13 40 40 42 50 26 22 27 38 24 10 34 39 33 9 7 32 16 19 6 49
41
6 9 46 35 28 4 13 33 8 43 24 44 13 13 22 6 33 18 33 5 8 32 35 27 15 31 1 31 8 25 7 36 17 10 46 26 41 40 43 47 36
5
22 8 50 25 30
13
21 8 7 3 49 38 45 12 12 20 29 17 12
41
9 47 9 35 38 16 18 14 46 37 17 33 28 11 26 11 33 38 41 13 47 14 44 31 36 3 34 21 36 11 8 41 39 20 24 48 23 2 18 13 47
1
5
30
15 47 24 20 31 43 4 21 43 30 3 8 18 23 14 45 7 31 10 20 1 9 32 35 40 37 7 5 24 21
12
26 29 44 47 9 37 22 38 45 47 8 38
21
17 12 5 47 4 15 22 24 4 20 50 43 15 1 6 28 27 7 37 6 20
30
20 6 20 16 15 12 29 20 5 23 16 38 21 32 33 24 41 41 5 37 33 39 34 10 2 49 14 20 20 15
43
40 49 32 4 2 48 40 17 44 32 42 43 50 24 47 40 20 7 46 40 47 13 38 44 3 39 3 41 24 23 17 26 9 7 45 9 16 10 7 25 32 15 13
8
35 17 48 7 22 3 43 21
26
17 26 29 39 9 44 30 34 28 46 34 35 20 25 41 14 17 9 15 2 37 14 1 31 43 47
46
49 18 36 5 14 31 3 48 8 27 50 40 41 47 4 24 5 24 11 23 49 39 11 28 10 28 47 50 15 30 13 38 1 8 47 3 24 43 31 43 38 22 40 43 45 10
36
45 33 44 10 18 14 2 32 19 49 28 38 9 1 22 7 49 12 3 26 49 5 4 13 20 4 14 39 39 12 2 15 12 19 29 44
4
37 33 29 12
19
6 1 49 35 36 41 33 47 37 21 39 47 41 40 37 45 1 49 45
27
13 11 46 37 5 43 2 24 3 38 50 33 13 4 18 32 15 22 23 11 29 43 48 41 43 26 48
23
42 42 48 19 20 23 20 9 8 8 44 36 17 47 3 46 7 8 7 33 43 44 2
22
18 26 21 8 10 39 25 50 36 43 30 2 5 20 6 11 35 48 8 26 27 21
43
8 5 19 1 33 2 3 38 16 10 31 20 48 50 2 25 9 13 21 5 16 40 4 10 48 3 3 48 26 49 29 31 3 14 33 4 38 37 14 36 28 20 5
45
25 31 24 44 49 35 26 48 7 21 47 45 10 4 24 12 10 44 19 8 33 16 25 32 14 25 26 6 25 23 28 41 45 2 33 37 20 11 48 8 12 36 33 36 11
14
39 18 3 18 31 38 15 33 36 50 31 46 29 26
43
45 42 40 35 32 20 21 23 14 44 11 12 19 29 45 34 48 10 43 42 14 16 29 40 37 44 41 44 12 33 26 46 38 32 5 40 27 5 14 26 44 43 40
4
25 30 10 10
31
8 17 7 39 14 12 21 3 44 27 18 48 17 44 45 27 46 47 36 7 24 12 13 35 21 1 22 48 11 32 17
9
20 31 32 7 10 16 14 44 37
38
47 21 48 10 4 12 46 2 44 43 35 23 39 34 46 20 50 25 36 15 44 23 24 23 48 50 13 13 33 14 9 32 11 15 40 43 37 37
28
16 13 34 2 20 17 40 5 50 41 22 39 18 25 23 24 11 36 21 33 47 31 50 44 2 47 38 39
29
38 24 10 42 21 6 23 22 11 43 24 26 35 47 35 24 2 3 31 41 12 21 38 41 38 12 22 3 34
3
6 18 41
37
30 9 30 46 15 17 9 17 34 5 7 6 10 41 9 6 34 37 8 36 41 28 47 2 6 30 42 27 38 7 14 40 5 15 34 8 34
38
10 3 30 44 4 5 33 33 28 3 50 13 17 28 49 48 26 30 17 1 22 34 23 11 18 46 23 28 22 16 24 20 41 11 2 44 30 2
16
43 19 40 22 12 18 24 32 33 49 16 19 10 4 40 21
20
10 43 37 21 19 10 46 17 48 29 48 34 47 48 43 26 3 31 41 42
39
50 26 14 26 24 9 4 38 28 27 3 36 2 16 41 9 8 11 41 19 43 8 38 36 23 30 22 36 45 8 48 32 36 19 4 9 23 27 5
33
41 40 2 34 46 4 44 31 38 45 17 12 5 36 17 24 36 33 1 39 45 25 22 44 2 40 35 50 39 25 24 28 35
8
5 47 33 5 20 16 45 45
35
19 47 2 43 15 27 50 32 42 36 7 32 12 10 16 9 18 34 5 44 12 8 23 14 26 11 4 30 30 39 5 39 16 18 14
30
49 16 20 7 31 31 10 44 10 24 8 45 43 37 27 19 48 25 16 33 45 33 49 43 47 20 47 19 15 3
39
23 50 17 41 25 47 49 36 50 40 29 4 32 44 33 39 15 35 49 6 48 14 5 12 15 13 33 41 29 21 16 8 37 49 16 6 5 25 29
14
18 49 8 24 4 22 20 14 13 46 16 21 34 28
45
29 42 45 7 17 45 33 17 43 28 15 47 13 34 16 35 35 33 46 21 25 23 37 27 42 21 5 26 35 25 43 7 26 39 10 22 27 4 49 41 36 4 11 47 48
1
4
2
43 25
39
14 44 28 5 41 14 5 31 22 27 29 32 27 15 15 50 49 10 30 16 9 34 40 45 40 17 17 13 26 14 26 2 38 11 2 21 42 12 21
38
15 50 31 16 47 23 34 30 16 18 18 46 5 32 37 1 9 6 15 15 39 17 3 20 49 8 13 47 18 14 47 44 23 4 50 41 24 2
28
1 27 5 30 11 7 28 7 42 24 13 7 35 44 35 47 45 24 20 28 27 31 28 17 42 31 45 46
5
46 33 16 7 17
12
16 2 16 14 13 26 25 25 33 2 22 42
34
14 40 19 39 15 22 2 16 13 47 42 42 39 32 5 35 14 19 48 24 16 49 43 17 14 4 30 48 16 15 25 19 46 47
44
24 49 42 18 8 43 17 34 44 18 3 50 49 50 4 29 16 33 30 48 11 3 31 1 39 2 19 50 5 9 7 26 4 39 5 29 24 49 14 29 34 20 29 28
30
22 47 50 20 21 43 15 48 9 10 11 48 30 1 35 44 35 23 35 34 44 22 39 13 33 21 33 44 9 2
12
19 37 47 33 5 33 3 50 7 50 2 46
43
50 34 9 46 27 47 39 28 30 39 8 13 13 22 3 42 2 5 30 13 49 27 8 41 26 10 10 3 25 43 14 13 3 8 27 41 48 48 27 30 20 28 47
38
42 1 24 8 18 30 48 24 1 3 14 15 42 27 4 35 30 26 15 4 16 1 45 24 44 1 46 3 35 3 11 23 45 29 18 43 29 35
50
18 12 34 34 38 41 29 6 40 4 33 34 11 34 38 27 42 17 3 6 36 47 18 16 42 33 41 31 29 17 24 4 20 46 12 39 16 18 44 10 25 14 20 38 45 27 20 45 49 48
7
15 29 42 7 9 40 31
39
4 22 47 39 4 39 29 3 27 39 32 8 3 12 3 35 33 4 15 11 3 36 50 24 25 10 18 9 45 14 32 49 18 17 21 20 43 29 11
16
14 19 7 6 43 42 12 18 8 4 4 40 9 34 1 23
19
30 48 30 10 47 7 6 35 39 28 36 19 30 13 20 34 27 5 13
45
9 38 31 2 42 5 17 28 23 29 8 12 30 23 34 50 8 8 37 33 38 47 47 13 11 36 29 10 40 13 3 42 43 10 7 23 9 13 28 32 25 35 17 45 36
13
24 21 50 42 34 21 27 35 24 38 21 36 10
11
38 44 28 6 23 16 28 31 31 32 20
21
36 24 21 26 38 39 9 50 24 23 49 38 4 1 36 16 24 10 15 35 14
2
3 11
42
28 31 2 12 27 10 12 29 50 32 5 31 4 11 42 44 5 41 22 47 22 43 43 18 13 2 13 25 36 5 2 36 37 14 13 23 12 24 40 43 3 49
3
40 34 31
49
8 41 47 16 24 9 15 48 40 17 2 33 35 32 34 8 4 3 1 23 18 7 8 3 48 32 13 17 24 13 10 6 1 16 47 36 3 32 8 9 47 36 48 33 28 22 10 5 24
29
20 10 18 14 27 47 39 26 44 49 14 2 20 7 15 32 15 26 40 37 31 16 21 24 9 18 11 21 28
9
16 16 3 23 28 13 14 1 38
19
38 15 5 25 47 44 43 16 24 39 42 49 21 47 48 8 5 47 28
12
25 15 17 40 26 9 43 26 6 6 19 41
12
32 50 12 19 41 8 50 47 50 17 49 27
28
45 35 42 37 43 41 33 14 42 33 10 50 24 26 44 32 46 21 1 14 43 3 27 26 46 26 48 33
9
33 17 9 49 35 38 3 46 8
46
32 7 40 41 24 6 39 13 21 43 4 9 42 47 4 18 43 11 25 39 36 41 41 29 21 48 27 46 40 3 2 45 19 30 47 50 10 6 15 4 46 22 48 20 37 28
3
6 3 39
10
19 50 26 24 50 48 36 2 11 19
36
22 4 10 4 14 2 22 50 35 21 10 6 5 50 27 48 45 12 12 33 29 41 22 44 42 20 25 16 40 3 16 44 26 4 22 16
29
45 46 2 24 39 15 33 24 2 48 24 48 6 3 48 4 21 44 28 24 16 23 20 41 36 14 47 24 44
1
45
38
29 40 39 26 10 2 24 36 9 41 35 43 30 48 49 31 39 16 40 41 17 48 29 1 33 19 2 24 41 17 35 15 18 18 46 16 30 25
33
39 2 35 35 13 24 29 30 32 18 15 50 37 27 36 34 17 13 31 30 16 36 27 28 37 11 12 23 42 8 48 50 31
35
8 48 28 24 10 7 9 37 36 12 42 10 10 17 42 36 11 17 14 8 46 28 37 49 39 10 34 47 46 13 5 2 12 35 40
4
21 9 7 38
41
38 23 10 48 10 2 1 44 11 8 26 20 12 33 4 35 36 20 19 36 6 46 22 31 13 11 21 50 36 22 27 18 14 49 14 45 26 26 34 32 30
25
32 23 1 5 33 35 31 42 30 36 1 6 45 48 36 8 27 40 49 14 11 10 21 34 27
40
24 7 11 22 31 22 38 44 7 8 23 25 40 44 39 4 11 45 22 22 46 34 36 7 31 48 19 34 15 32 14 36 34 35 8 44 49 3 45 2
22
36 40 3 50 21 11 50 14 40 38 10 42 50 37 43 26 1 9 44 20 16 25
50
6 22 41 4 4 19 10 9 49 30 28 47 33 35 28 20 13 30 5 28 7 14 33 17 22 1 25 26 17 37 48 31 35 16 42 34 43 6 17 9 21 13 25 9 29 7 18 14 30 5
49
40 9 28 22 22 46 22 26 45 17 23 12 13 10 6 48 16 1 40 40 3 48 39 46 31 29 9 6 35 39 1 7 45 36 45 17 28 50 43 19 38 22 46 33 45 27 19 19 24
48
4 10 41 9 26 36 24 38 19 43 33 38 33 6 20 3 11 38 32 10 11 12 33 35 43 34 26 8 7 7 41 36 25 16 8 50 23 19 32 6 14 29 24 39 46 30 17 31
29
43 21 16 46 7 6 50 2 29 40 17 49 21 17 16 33 42 11 7 42 20 40 23 35 43 33 2 2 37
22
30 27 38 31 16 45 13 14 5 34 39 11 14 14 18 22 24 2 36 38 1 19
2
14 20
45
31 23 30 5 14 40 16 29 7 26 16 4 33 48 8 4 17 30 3 40 2 13 44 19 25 47 25 20 19 1 17 24 49 2 47 26 17 39 4 33 38 12 23 35 5
16
37 7 26 13 36 15 10 21 40 19 15 47 47 19 5 46
39
38 22 28 41 12 2 16 45 47 32 4 13 18 37 32 32 34 3 47 16 11 50 36 12 24 15 43 37 44 36 12 47 27 15 30 1 11 39 8
5
47 25 9 3 3
46
40 46 8 45 41 22 7 6 19 44 40 4 30 45 48 15 20 18 18 6 41 22 45 26 23 38 10 40 27 50 48 27 38 9 26 42 10 20 8 35 50 43 38 18 13 5
43
15 33 39 48 27 43 2 43 5 49 39 4 5 27 18 30 38 36 17 4 43 19 10 40 32 13 35 11 15 29 45 50 2 5 31 7 7 27 28 50 33 27 1
2
42 7
15
17 21 2 47 20 7 23 7 4 1 7 19 43 40 11
24
10 25 21 39 18 39 17 15 38 49 28 8 45 42 3 2 49 15 15 10 7 14 23 42
43
4 41 3 7 6 29 8 5 23 28 19 29 4 33 35 41 41 24 23 11 46 37 38 29 3 26 4 6 26 15 27 13 37 42 35 23 15 33 7 21 48 8 1
48
39 22 16 16 47 45 34 8 43 1 47 22 29 33 26 47 6 1 2 28 4 6 15 13 1 30 8 1 40 45 20 38 35 29 40 8 50 14 35 14 37 7 39 46 43 42 14 18
22
50 40 28 13 3 5 42 23 5 46 50 27 21 29 10 25 16 38 13 16 5 15
26
38 30 42 7 30 4 46 44 30 42 16 44 47 3 41 7 46 26 45 16 30 23 18 7 43 5
27
49 2 16 1 45 28 10 33 46 11 14 14 29 22 42 18 13 24 5 48 40 44 47 35 43 12 40
49
31 48 49 7 19 45 45 11 32 32 34 9 36 38 34 20 6 36 35 38 47 14 36 2 43 17 9 13 26 35 4 11 48 50 35 37 30 31 2 33 5 41 4 25 27 43 11 32 26
22
5 41 33 38 8 6 19 48 47 28 29 44 18 50 46 37 38 38 42 18 11 36
6
19 18 37 14 15 39
41
29 27 16 18 5 33 16 21 47 42 39 50 8 40 17 41 10 22 17 22 23 27 43 39 14 25 6 37 13 3 30 31 1 49 44 15 45 41 30 17 11
25
49 34 19 15 21 19 9 20 27 27 32 50 47 8 5 9 22 36 44 39 1 46 49 43 32
2
35 7
2
48 33
5
26 6 20 11 40
10
19 19 29 21 2 18 23 15 16 11
16
26 36 21 7 15 48 2 3 16 5 47 17 8 46 41 35
32
15 8 50 30 35 33 19 3 19 12 37 25 33 11 15 36 40 40 38 43 32 38 4 26 17 43 28 18 49 24 40 19
37
31 42 36 31 23 48 44 41 39 28 21 35 43 35 33 21 11 50 4 23 27 1 16 14 34 24 19 9 48 41 34 2 39 5 7 43 16
24
42 7 40 12 3 3 3 2 27 31 48 40 19 26 2 36 14 48 35 12 33 17 19 5
39
25 36 10 41 9 30 41 38 32 18 32 47 38 26 37 18 42 29 45 36 14 9 28 41 12 29 35 45 30 34 36 6 23 47 43 40 5 37 34
11
8 44 13 28 9 20 5 11 24 31 49
19
1 30 33 36 14 11 44 18 39 23 45 15 12 1 32 31 33 14 2
24
25 26 33 29 3 34 14 40 10 33 16 40 19 47 14 35 48 46 35 10 46 28 5 42
26
30 50 48 10 48 9 14 16 40 12 9 6 32 45 33 47 7 13 35 11 22 24 6 36 43 31
9
44 19 16 15 6 16 41 8 26
45
39 12 24 5 25 25 7 26 39 40 27 33 35 46 34 25 35 18 30 34 42 26 5 32 50 21 11 19 30 14 39 18 3 38 11 15 41 44 31 9 32 23 22 30 38
50
44 43 23 30 30 22 30 7 29 15 24 50 35 6 11 9 46 49 8 13 33 41 36 19 18 2 34 34 37 13 2 5 35 10 36 42 21 11 24 26 17 43 9 22 44 12 30 12 6 40
46
31 5 38 2 34 30 22 19 14 33 34 22 47 38 13 11 22 43 23 13 19 24 35 19 42 34 40 7 46 13 38 4 29 20 8 40 3 18 19 36 39 30 43 11 35 49
47
15 3 17 25 19 26 30 1 36 21 8 44 38 46 30 22 44 5 28 35 6 21 42 29 6 16 21 15 39 18 34 30 21 44 7 42 31 21 45 31 3 25 43 42 15 44 47
24
40 35 17 46 2 33 32 20 3 6 6 23 20 18 15 36 35 5 17 28 37 21 30 24
19
8 26 49 23 42 36 6 17 11 28 50 16 31 46 25 22 21 35 43
21
30 34 49 19 38 23 32 21 4 26 25 48 33 37 1 6 37 13 9 28 33
34
9 14 8 38 1 1 29 17 25 43 6 3 6 6 44 5 42 11 5 29 20 16 47 44 23 27 20 46 2 13 47 43 13 26
10
32 40 26 35 27 31 6 10 11 30
30
19 33 30 13 47 3 5 26 22 34 35 44 17 33 2 30 20 7 38 23 31 29 3 17 31 16 41 20 30 49
22
12 20 34 35 37 42 39 1 27 39 17 15 27 10 49 30 7 2 39 21 24 26
11
16 48 28 31 5 12 48 49 18 3 4
20
44 28 46 12 49 11 12 30 31 46 6 20 17 4 6 46 9 33 18 3
27
17 37 7 9 17 10 23 24 17 31 16 22 18 13 4 49 4 19 8 3 5 3 46 4 3 28 30
1
30
43
46 20 9 33 11 30 49 25 28 7 46 9 42 43 29 34 7 21 3 21 27 29 10 40 14 7 33 12 19 35 10 39 46 15 28 47 39 9 4 19 5 45 12
43
50 21 26 42 2 22 49 21 49 4 28 44 31 25 36 44 20 43 27 7 43 46 21 44 16 34 11 32 28 27 44 46 38 12 22 39 28 44 2 41 31 8 39
7
25 38 44 8 42 34 4
18
37 12 28 29 26 31 43 1 33 40 43 50 14 1 49 16 5 46
48
47 11 22 44 37 5 24 36 16 35 24 2 40 3 29 31 42 33 5 38 31 15 20 26 15 14 21 26 22 2 31 42 31 4 28 24 43 10 26 25 29 5 6 35 35 26 24 6
23
44 25 50 48 38 31 3 12 47 24 35 31 29 49 11 33 33 20 11 12 14 25 25
3
3 47 25
44
34 9 49 13 10 27 30 25 19 43 46 28 21 24 32 33 2 16 19 1 11 50 3 26 45 31 28 25 12 41 27 40 6 14 4 34 29 9 39 4 19 37 36 25
15
22 6 12 18 3 24 42 3 14 18 43 33 34 33 31
10
44 36 19 33 32 8 23 20 20 13
7
24 32 29 9 37 33 26
21
14 33 11 44 28 16 29 24 37 27 11 47 15 11 10 33 1 38 15 1 21
35
20 42 20 49 44 29 19 27 49 13 26 38 37 37 29 3 29 33 26 49 32 20 40 27 3 45 4 15 1 6 50 10 47 35 2
4
10 20 15 21
11
17 50 20 4 24 50 21 34 19 48 20
26
7 38 30 6 48 35 5 1 12 40 41 29 8 3 41 37 26 47 9 16 23 49 8 46 28 21
1
19
23
2 4 50 41 17 30 21 32 26 34 16 18 40 35 26 18 47 21 47 29 3 13 30
25
30 9 28 11 7 29 49 18 4 8 33 42 27 4 2 37 43 48 30 6 35 3 3 7 18
10
22 16 50 15 50 20 49 9 10 31
24
29 32 19 6 27 41 20 3 42 15 4 32 38 22 26 14 27 48 7 39 1 15 48 18
31
29 46 20 32 27 45 47 47 26 45 19 13 45 35 24 30 10 28 25 5 25 16 18 31 25 5 11 2 1 35 12
11
41 8 36 39 36 32 1 43 3 33 30
9
5 6 10 8 1 41 40 47 47
18
30 16 23 16 16 28 47 49 22 38 45 14 14 21 3 44 40 33
2
23 2
37
45 48 9 28 37 12 26 21 22 30 36 25 33 38 50 30 39 9 14 28 49 4 15 38 18 30 22 22 8 39 1 41 34 25 44 16 37
31
29 45 26 47 33 10 9 32 48 1 23 4 18 7 29 42 36 18 15 50 42 6 27 26 3 42 49 20 16 11 3
16
50 45 14 43 9 7 33 46 22 26 32 6 48 44 30 42
28
20 50 24 18 4 28 9 20 47 44 46 5 10 29 14 48 3 37 33 2 41 14 4 25 6 30 43 48
16
17 28 10 6 23 15 38 42 38 48 31 12 47 15 11 19
2
32 19
39
37 42 13 23 39 34 4 19 12 14 11 45 7 41 38 19 36 4 2 50 11 45 27 35 28 17 13 28 48 2 21 35 5 22 17 33 40 24 8
30
21 26 29 22 37 37 37 34 42 46 32 18 11 49 46 35 41 10 10 40 46 32 2 34 43 13 38 36 33 34
16
2 11 39 13 13 8 35 21 12 18 50 32 36 13 10 15
41
14 13 18 39 11 3 7 14 23 8 21 28 3 43 5 31 32 13 11 28 23 32 2 4 48 25 19 28 39 3 42 14 20 35 31 30 29 26 47 35 41
33
22 9 21 33 30 35 13 5 21 32 20 22 45 35 42 22 46 33 45 3 43 27 9 12 6 28 28 39 13 14 11 6 33
22
13 42 31 25 42 50 23 14 10 49 37 48 45 5 15 15 49 32 24 17 13 29
16
41 17 30 1 32 39 37 45 22 9 45 46 1 45 34 23
19
33 33 20 7 46 47 10 25 49 24 35 43 3 21 13 3 49 12 45
7
16 38 15 27 22 35 32
41
20 15 41 4 1 15 4 8 37 4 34 29 19 26 2 35 50 24 41 47 48 20 16 20 4 27 21 9 47 16 48 37 19 38 4 6 21 40 44 14 12
42
9 19 16 11 50 22 30 30 27 3 24 8 22 2 38 9 23 7 34 21 38 41 30 4 6 14 50 18 41 42 48 2 50 11 38 15 11 10 5 3 2 12
48
26 20 21 40 7 37 48 43 14 2 3 16 37 42 12 2 10 11 14 30 37 18 15 32 44 19 19 18 32 14 37 20 5 50 35 18 25 9 4 37 37 21 32 35 19 22 43 14
21
16 20 42 37 1 41 40 33 37 14 48 32 7 23 18 26 34 44 15 25 13
9
7 40 27 34 14 13 38 47 12
23
17 39 2 6 37 42 28 26 46 38 7 47 4 29 16 26 46 3 18 6 18 40 9
23
7 50 46 10 36 8 30 32 5 40 45 3 39 44 16 9 46 47 18 44 20 6 12
16
34 19 2 36 6 50 9 32 40 13 27 32 38 11 14 45
8
15 14 1 45 34 2 48 6
19
23 35 21 9 18 27 44 6 25 14 1 11 30 26 18 13 13 1 38
31
38 46 30 14 17 28 37 12 46 9 48 37 2 28 43 18 17 46 11 9 13 1 16 43 29 41 37 14 27 32 15
28
2 15 24 40 34 9 11 4 37 48 16 32 32 27 19 41 46 23 45 6 44 1 48 7 36 13 32 39
35
40 33 11 7 36 45 45 8 34 7 48 47 38 20 48 8 48 32 21 13 34 11 9 41 6 9 26 41 31 20 18 5 7 31 46
35
23 3 28 39 21 43 48 37 34 36 35 14 1 20 12 42 38 6 50 19 12 30 40 17 50 27 29 23 17 45 29 44 12 9 2
20
37 10 50 14 4 12 20 34 39 13 37 8 26 44 17 24 38 7 35 39
16
5 42 31 37 19 41 17 22 47 45 44 7 50 15 16 10
27
38 19 26 8 13 15 48 7 6 15 11 32 12 45 40 29 1 27 39 43 15 41 11 21 1 17 4
48
43 45 15 47 19 18 9 28 10 12 41 2 10 49 46 14 48 27 38 34 18 12 34 25 42 6 2 40 33 21 9 23 15 47 29 44 12 26 22 39 10 48 11 3 49 34 13 6
11
49 8 12 4 44 33 9 44 9 46 47
30
15 3 31 44 41 1 13 49 34 9 27 34 37 48 40 9 24 10 18 5 5 28 5 3 18 14 6 33 4 39
40
42 16 15 26 28 10 18 31 10 1 14 43 43 47 23 45 15 43 30 50 9 3 14 30 42 45 37 26 5 47 1 27 25 8 13 47 37 4 30 2
26
26 11 4 29 31 27 34 30 20 25 48 2 13 24 23 22 17 27 42 29 41 48 33 44 47 14
43
13 26 1 39 38 21 4 50 28 30 28 15 24 50 8 20 10 6 39 15 45 26 33 36 4 45 41 43 20 12 2 36 39 29 42 9 8 21 4 17 24 22 38
37
30 1 30 30 23 17 13 35 49 17 27 4 12 22 5 49 25 2 31 12 18 11 10 34 22 22 11 34 48 9 40 22 41 8 45 23 16
50
2 18 7 8 19 8 35 28 10 5 27 29 26 16 10 40 47 8 21 26 10 10 37 10 41 41 49 11 1 23 22 43 9 1 7 27 3 4 22 37 29 36 3 31 20 18 14 20 43 11
22
20 45 35 24 7 43 37 20 42 21 32 13 35 45 41 37 6 35 18 16 49 31
1
32
23
3 22 5 28 21 28 28 49 34 3 27 28 24 30 50 13 39 35 17 29 12 35 25
27
15 5 11 11 20 17 40 24 32 8 29 45 18 8 4 21 8 15 44 49 29 48 34 44 5 9 19
41
17 7 15 20 37 33 44 44 48 37 39 48 37 22 6 19 20 23 33 4 22 22 42 50 27 3 45 47 3 28 14 16 34 45 27 16 28 45 43 6 41
28
44 7 16 2 26 35 21 16 48 11 41 2 1 35 24 40 21 35 31 28 24 6 49 36 10 1 13 23
44
18 8 31 1 48 44 25 34 34 4 37 29 1 47 9 50 5 38 16 5 14 21 34 27 17 46 47 14 40 36 39 47 2 48 2 47 38 8 1 35 24 25 12 25
26
30 32 22 3 14 49 23 31 22 27 28 22 9 18 50 16 13 1 8 30 16 44 43 19 36 11
5
49 18 34 4 47
22
12 25 5 33 38 7 10 2 1 8 26 46 45 23 17 41 21 5 25 38 25 25
47
16 6 25 37 1 40 26 28 32 7 9 39 7 36 7 49 48 13 29 27 24 47 15 17 13 35 41 44 26 27 11 17 39 32 36 7 36 27 38 33 49 15 29 46 46 11 21
5
19 21 39 37 11
42
2 39 13 12 36 18 29 41 3 32 36 1 40 48 19 17 7 49 41 23 12 8 31 5 15 5 27 9 31 31 9 43 4 5 43 40 50 18 21 34 19 24
40
48 15 3 17 4 37 15 17 36 48 46 41 19 40 12 2 22 34 8 7 7 26 31 36 1 50 1 27 40 49 43 21 44 41 2 15 8 8 25 12
28
1 29 38 19 42 10 25 23 42 2 30 22 15 21 7 30 31 40 15 45 19 32 49 47 7 43 21 6
1
23
12
41 32 23 39 49 23 9 5 9 1 13 6
46
2 15 32 32 43 25 25 32 18 41 48 41 30 45 29 29 41 29 19 36 33 40 20 41 44 25 10 38 36 6 28 30 19 3 43 49 29 21 25 44 33 3 21 20 44 8
12
31 6 7 3 42 18 29 17 15 32 9 34
4
26 6 38 19
10
42 19 26 19 34 11 13 50 17 21
3
34 13 12
21
2 35 27 49 11 49 47 3 21 14 7 27 5 27 36 15 34 44 31 46 5
40
49 7 21 25 50 5 1 12 6 9 28 46 38 23 32 48 37 12 18 14 40 10 3 11 42 46 49 22 5 19 4 38 6 37 41 17 6 1 19 35
29
27 45 8 30 29 49 26 37 44 36 26 48 42 7 5 30 9 2 15 45 13 19 29 4 50 33 44 14 27
32
16 1 31 25 41 50 46 25 22 27 32 37 33 20 49 6 10 50 49 32 11 6 38 46 49 18 50 31 7 3 17 26
25
14 39 1 8 9 14 17 6 12 19 33 43 4 39 4 10 23 46 25 18 23 47 35 5 17
35
27 33 33 2 24 20 3 31 31 40 31 49 5 28 15 31 26 18 14 41 5 37 31 6 13 27 22 37 16 43 45 14 22 49 43
40
39 12 33 40 15 7 36 46 25 38 20 12 13 24 3 22 46 46 44 42 8 28 35 24 45 17 16 46 45 46 49 26 39 9 20 42 34 27 12 22
2
8 29
30
9 22 21 16 44 38 47 9 43 37 37 23 44 7 18 21 40 31 25 27 7 44 20 29 29 9 2 47 14 10
21
6 12 39 3 42 25 5 21 27 41 32 25 5 8 21 44 18 5 8 10 43
46
13 22 48 24 6 1 47 46 43 41 15 3 13 22 28 13 39 8 46 16 29 17 26 49 5 33 27 33 49 17 44 50 28 31 48 21 18 5 47 9 18 3 22 50 35 44
14
43 33 17 5 21 20 5 18 25 10 45 32 30 1
18
5 25 15 31 9 36 29 41 28 5 15 15 27 27 27 1 5 24
40
14 22 49 10 20 13 11 14 13 4 21 47 47 3 37 32 46 8 27 26 1 12 6 32 50 20 48 13 28 46 26 50 33 41 4 39 19 8 40 5
34
50 37 47 44 28 13 27 43 3 16 30 47 19 37 34 19 32 5 45 49 12 41 41 24 4 30 8 34 22 18 30 18 10 8
41
31 10 2 47 28 22 3 1 21 42 6 13 18 29 14 1 30 41 48 30 47 39 28 32 35 33 18 40 19 18 34 2 20 27 28 4 39 25 39 38 29
40
36 14 15 2 10 33 11 11 12 36 12 18 10 39 33 38 32 45 42 21 14 15 6 12 48 31 50 28 23 9 5 29 20 24 24 39 17 32 20 40
49
49 2 24 44 39 13 36 46 28 49 24 13 28 9 36 19 23 11 43 19 8 30 23 47 49 31 6 27 38 21 17 11 31 3 36 20 47 41 5 31 9 24 11 11 29 11 40 39 38
38
3 4 46 12 11 16 7 12 7 31 17 33 43 7 41 49 44 26 9 33 5 36 44 7 36 28 37 13 10 44 18 14 10 34 16 6 50 30
13
13 28 32 4 30 2 42 12 21 32 8 21 38
2
14 46
30
35 33 43 38 18 14 11 16 42 29 44 32 14 32 18 45 39 34 22 23 4 50 32 50 9 27 9 48 41 4
36
13 18 17 13 2 9 4 6 2 40 4 44 26 29 2 38 15 27 14 7 45 38 3 27 12 12 23 29 46 17 5 5 19 17 36 27
49
31 19 32 20 21 14 38 22 42 14 7 47 42 49 4 8 3 42 22 30 45 7 49 15 30 8 23 46 4 40 6 18 45 17 37 13 33 39 10 38 14 9 30 36 29 14 42 6 49
4
32 40 44 34
32
27 5 47 34 5 30 46 2 8 30 17 46 5 39 9 34 12 15 19 37 12 9 32 39 6 45 1 7 8 6 4 16
16
15 25 20 4 32 15 28 37 12 10 12 17 22 43 39 21
9
25 48 3 4 10 3 34 21 27
8
30 7 7 38 21 44 44 24
42
46 5 23 38 25 46 25 44 18 8 1 39 39 38 17 22 2 16 38 21 27 13 27 40 12 38 37 49 40 28 21 36 13 44 19 25 38 21 29 32 35 2
50
43 41 34 18 18 15 19 5 12 16 6 30 18 42 9 41 4 11 18 33 5 41 13 36 28 35 20 34 11 35 24 29 41 6 7 25 23 16 11 35 14 1 10 50 11 9 4 24 28 34
13
15 42 18 12 7 20 21 43 1 46 13 6 41
15
29 6 13 13 48 35 12 4 35 29 46 29 33 23 3
28
14 1 17 38 3 12 15 38 3 20 17 16 24 8 30 17 14 34 31 17 18 49 9 5 15 2 50 46
13
20 14 33 11 29 37 47 41 24 8 38 12 9
42
35 10 41 40 49 7 47 33 28 2 5 27 4 24 22 26 45 44 7 32 3 38 5 40 26 10 33 40 24 29 32 41 21 16 4 30 25 17 43 37 4 22
47
21 11 39 5 41 39 32 33 32 42 8 9 15 2 46 8 12 42 37 31 9 21 22 11 43 36 25 26 26 45 1 43 26 16 24 5 22 46 47 8 11 11 7 8 39 31 26
48
19 24 31 37 20 28 42 40 29 24 41 43 28 16 49 29 19 16 26 5 49 23 48 25 34 5 41 45 13 41 27 42 27 4 23 8 16 28 21 8 9 13 47 19 24 2 35 14
24
45 31 30 36 40 32 5 26 28 28 43 28 38 47 42 48 45 7 3 10 31 10 12 49
40
42 1 45 35 20 32 14 34 9 50 42 11 37 40 29 44 17 12 17 25 26 16 25 45 32 12 6 2 10 40 13 24 31 49 7 5 16 5 9 32
11
35 34 26 33 16 30 20 49 38 48 37
33
29 29 48 40 19 16 27 17 50 36 11 14 3 18 27 23 8 46 21 18 34 14 49 7 28 12 27 18 47 46 1 9 46
34
17 42 22 34 28 21 18 25 20 27 44 45 26 1 22 15 3 40 16 32 50 13 12 47 43 47 14 13 17 8 27 48 5 31
21
24 17 10 28 44 36 35 14 15 20 47 29 44 48 30 49 17 28 14 2 21
20
49 14 49 47 6 44 10 30 43 24 22 18 31 12 43 45 21 46 44 23
20
28 7 15 16 23 22 19 23 48 43 49 42 19 37 32 34 12 49 4 44
16
29 35 3 37 37 21 19 29 24 24 46 13 14 31 14 37
33
21 31 14 45 15 12 41 16 44 29 4 23 12 31 43 1 15 10 49 13 20 35 45 12 8 16 40 9 47 27 12 28 7
33
50 22 28 1 47 40 36 21 16 48 15 18 20 37 25 35 16 26 7 22 40 12 17 31 33 31 9 30 22 4 20 32 45
5
12 48 18 10 20
9
46 9 25 5 21 31 33 44 15
1
9
47
45 44 31 7 6 28 27 19 27 20 6 29 31 37 16 40 34 16 18 7 31 43 41 42 22 7 21 49 9 3 12 32 19 10 39 20 37 22 20 42 36 16 42 34 43 29 9
19
44 44 6 49 31 8 33 1 7 1 4 22 50 7 31 9 28 40 22
5
41 26 20 45 32
32
48 5 4 24 5 42 16 36 8 14 5 24 11 10 42 13 22 49 12 3 13 27 28 26 28 10 30 43 12 34 17 25
22
35 36 47 34 48 2 50 10 47 14 42 44 14 7 31 16 16 18 10 10 47 28
39
6 15 25 41 3 49 47 32 6 43 49 30 19 5 8 46 5 46 14 7 45 22 17 18 39 46 17 36 34 21 8 10 32 4 8 23 3 23 13
39
28 29 35 27 23 21 44 49 7 23 19 27 44 14 12 22 1 43 47 31 49 37 16 43 18 43 47 8 20 22 38 10 12 39 3 13 26 20 44
7
35 33 22 34 39 46 47
26
2 17 32 22 16 34 12 32 15 14 19 42 31 24 26 10 27 22 38 34 6 21 23 30 32 17
20
45 12 45 8 3 23 1 15 24 4 49 32 34 12 10 11 43 26 34 49
28
47 38 25 31 6 47 15 27 6 35 37 50 9 45 37 11 29 10 23 27 13 20 28 5 13 11 46 1
5
9 14 1 46 28
32
41 33 40 46 39 7 3 39 46 32 13 10 36 20 4 20 19 28 21 19 6 4 34 44 19 30 31 34 30 45 15 31
30
43 5 13 26 31 21 7 20 48 26 45 2 32 10 27 25 43 11 46 8 40 10 27 10 49 47 7 28 31 31
13
30 6 39 11 25 27 49 16 44 9 20 48 18
22
30 36 4 46 33 13 47 44 39 17 24 40 35 20 2 38 24 46 35 9 48 32
50
18 21 14 36 33 39 8 21 25 48 13 12 21 33 50 45 20 19 13 32 36 35 47 30 29 13 33 12 31 24 11 19 18 35 3 12 15 10 35 29 15 28 21 34 10 1 24 3 44 6
6
16 39 18 24 40 18
45
35 26 32 41 40 31 42 32 30 24 14 39 4 47 38 14 13 40 7 28 41 44 1 23 34 26 34 39 4 15 49 30 22 26 32 20 11 13 9 47 46 14 24 38 31
36
5 8 5 6 7 37 34 30 2 11 42 44 42 2 4 26 22 18 26 22 38 36 41 6 21 44 45 32 29 25 30 36 8 25 9 49
44
6 34 13 11 34 40 26 17 49 22 1 21 22 39 40 49 49 37 20 12 50 5 45 22 18 37 45 1 21 46 30 3 13 43 12 30 5 4 44 47 22 24 48 50
45
34 25 13 38 50 29 13 35 9 50 34 33 10 7 34 34 35 23 8 49 39 47 11 29 22 13 1 49 9 28 2 45 22 11 32 32 13 23 34 27 25 5 23 33 21
45
25 31 26 28 37 17 37 20 22 48 30 33 2 34 46 30 21 14 40 39 43 7 35 1 5 49 32 30 26 32 25 48 18 3 19 44 6 24 3 39 3 44 22 35 18
8
45 22 19 29 46 32 18 1
27
26 2 8 17 32 49 25 24 4 20 16 10 24 35 43 24 30 30 40 9 27 25 33 50 13 25 30
8
46 26 46 21 36 31 16 30
40
28 39 3 42 38 9 21 31 24 17 13 45 18 14 5 39 37 49 2 43 16 32 39 49 10 43 42 4 4 43 5 32 32 40 4 19 6 49 32 15
34
37 49 41 22 12 29 33 35 37 24 8 2 4 9 19 18 5 16 22 22 30 14 2 8 26 35 11 16 14 2 34 7 9 9
41
18 30 29 49 6 14 2 47 46 35 33 29 38 6 15 16 19 14 1 17 35 50 28 18 23 2 33 22 18 29 30 41 43 12 45 47 39 2 22 23 44
4
47 16 23 19
18
35 42 49 22 44 28 21 27 47 9 15 13 4 11 34 31 9 13
22
48 30 18 47 23 32 50 22 50 49 4 25 36 6 41 43 35 41 20 11 42 26
17
14 13 39 2 17 20 30 22 25 23 40 11 38 32 10 14 2
41
42 13 44 41 16 30 7 15 26 40 12 46 3 44 46 32 33 43 24 13 20 13 29 49 49 3 46 1 30 6 16 13 17 42 42 16 4 41 50 47 28
8
19 1 26 2 49 12 12 50
29
3 38 27 21 16 2 4 41 38 39 36 30 7 29 12 47 45 49 12 30 1 32 45 6 44 49 21 46 45
39
3 25 40 29 28 26 18 38 39 48 2 39 39 19 10 2 4 50 40 10 13 39 17 16 49 13 38 12 28 39 6 45 37 9 7 47 32 30 45
23
47 15 14 36 29 44 10 5 9 24 26 43 13 4 28 42 28 26 47 48 14 42 12
10
32 13 47 32 2 23 44 46 26 10
38
21 44 3 8 19 22 39 4 43 40 28 27 45 37 37 11 1 19 32 19 42 35 31 16 31 23 5 20 6 36 4 6 7 31 34 13 6 12
14
1 26 19 9 50 41 13 10 40 30 25 28 11 22
36
6 26 25 43 7 31 35 50 46 19 2 37 34 39 10 18 19 25 4 31 42 23 47 22 2 45 13 11 15 27 7 47 5 46 16 2
4
18 13 12 37
22
38 28 17 38 41 30 40 30 38 48 1 37 28 10 43 21 36 44 29 12 25 17
48
9 34 15 35 47 44 44 3 19 4 39 30 43 42 40 41 2 39 14 46 49 10 12 2 34 15 36 46 34 43 49 41 5 14 13 6 12 27 14 36 40 19 40 4 2 26 45 38
20
23 47 50 45 15 25 16 7 10 31 46 10 43 8 7 2 42 10 47 27
21
24 48 48 19 29 45 7 50 50 23 29 43 30 10 27 4 5 31 13 31 10
24
50 45 24 17 50 50 18 27 32 4 4 38 42 44 48 45 6 30 7 13 47 27 22 44
6
48 21 35 24 11 11
19
10 28 33 13 42 48 40 38 3 39 35 35 16 7 47 25 35 46 28
16
28 19 2 36 2 21 1 5 36 20 20 23 7 37 19 19
3
46 9 21
7
6 33 35 2 15 50 36
16
31 18 39 37 33 50 17 40 27 11 34 3 11 37 11 32
8
49 46 38 36 45 4 2 5
17
26 49 50 36 10 24 43 36 10 23 7 28 42 3 3 4 32
22
48 22 13 37 29 38 21 41 21 10 48 39 6 22 11 4 16 17 5 45 45 8
17
6 49 9 31 39 22 5 21 34 41 27 13 12 28 46 50 8
50
13 40 42 19 14 17 7 48 23 2 36 32 26 34 35 40 33 24 6 48 9 35 21 40 29 3 6 21 16 13 46 43 35 19 11 50 31 38 26 1 39 28 34 44 35 3 6 32 33 43
39
27 21 5 20 45 37 1 20 14 33 27 13 50 28 4 19 28 32 27 48 39 12 13 39 1 8 48 1 33 21 10 13 16 46 14 46 34 13 19
36
18 21 13 4 4 6 26 15 29 1 12 48 18 32 23 49 47 49 18 40 16 21 7 16 14 49 49 37 48 37 38 10 17 6 17 28
43
38 27 48 2 49 25 38 35 48 7 25 27 14 45 13 16 11 1 30 3 16 38 37 41 12 36 36 7 30 5 21 22 41 42 4 17 13 39 32 41 22 38 17
22
46 6 44 47 15 28 8 15 10 13 12 16 36 7 38 9 50 30 19 12 11 42
7
18 26 31 23 8 30 50
37
15 50 9 30 32 23 6 25 45 49 31 1 20 32 38 6 14 39 29 15 35 13 39 17 27 33 26 20 18 16 13 37 30 28 4 9 43
38
6 3 48 23 26 41 43 21 6 17 20 27 30 6 35 17 47 39 44 17 22 13 36 26 38 3 23 42 11 3 50 42 11 14 16 19 39 24
47
47 9 29 9 11 15 38 47 23 5 40 39 9 33 4 43 50 25 35 13 27 12 5 10 26 3 5 49 12 21 39 6 30 46 18 18 38 29 17 12 18 1 44 35 13 31 2
47
31 50 32 2 34 7 32 24 35 10 15 30 36 12 17 19 45 13 35 22 36 37 44 2 25 25 6 26 21 15 18 28 33 49 26 41 49 1 12 21 25 41 50 42 18 8 28
43
17 42 13 37 27 13 29 35 22 7 44 50 30 50 8 25 30 40 30 33 48 8 44 19 14 11 18 23 18 36 24 30 4 31 40 47 49 27 32 48 19 35 14
2
18 8
44
35 43 25 9 4 28 45 16 12 36 18 16 3 44 18 31 47 50 10 30 35 1 28 17 33 17 31 26 41 46 37 27 20 41 25 45 30 34 6 44 6 4 34 34
1
49
23
34 21 22 49 44 30 48 11 38 36 3 28 26 49 3 8 38 3 42 11 18 30 6
25
25 50 15 16 43 15 38 2 40 36 39 7 17 40 38 18 45 47 9 8 34 1 23 44 13
50
27 23 10 46 22 30 16 13 37 13 50 38 43 10 5 32 9 30 41 16 6 7 41 12 1 50 43 24 32 21 32 3 30 43 2 26 17 3 11 21 31 7 26 19 36 12 10 29 44 4
12
28 40 49 1 11 48 23 27 22 49 14 32
13
35 34 43 20 50 16 36 33 2 16 28 16 25
29
6 2 1 34 27 46 10 41 3 31 23 17 36 19 18 3 14 5 10 5 2 30 29 46 3 1 20 49 43
45
14 8 43 34 20 15 29 3 34 47 35 45 28 12 15 25 13 50 14 43 39 12 47 36 46 33 8 17 15 5 8 41 1 1 41 2 29 37 48 14 50 27 34 1 49
18
5 7 48 32 8 15 46 37 18 41 24 26 19 8 26 30 35 17
13
2 24 8 2 35 37 16 18 46 44 47 47 30
14
20 9 30 19 24 10 29 50 3 45 5 21 23 7
39
4 26 46 22 17 2 37 42 12 46 1 11 38 34 9 9 19 30 12 41 18 29 17 4 11 3 16 6 32 23 48 16 4 13 2 13 9 15 30
48
11 47 19 10 31 50 50 5 35 34 18 8 23 32 25 7 36 40 8 7 2 26 21 49 10 27 12 26 32 35 40 47 3 48 47 47 15 22 3 49 50 8 11 10 50 25 41 23
26
6 17 10 28 20 22 15 36 5 35 44 25 11 40 21 47 13 1 15 50 35 25 6 2 50 6
10
36 5 44 30 7 23 11 37 33 25
49
9 16 11 17 3 19 45 6 13 47 3 15 37 19 11 25 42 25 22 46 50 8 41 16 24 21 16 35 7 39 10 21 7 41 29 26 11 38 7 44 8 7 34 31 33 14 36 31 47
8
32 13 29 36 45 32 6 36
13
18 20 37 16 22 7 14 4 5 13 50 21 7
20
48 48 15 19 26 17 32 50 12 2 15 29 48 29 28 17 35 40 48 9
49
29 43 18 43 49 9 25 15 41 5 12 17 48 17 50 30 21 36 27 21 21 43 42 41 26 18 35 41 31 5 22 31 49 32 33 6 32 32 2 50 43 11 34 2 3 28 41 49 6
49
28 20 21 33 13 30 29 44 28 25 26 6 27 14 33 33 20 50 21 17 11 32 12 18 4 1 13 26 20 50 26 20 49 39 11 21 11 21 30 26 35 31 11 46 50 43 36 24 15
5
15 36 45 27 34
28
3 8 46 6 45 8 12 12 16 34 17 45 50 22 37 22 21 27 13 27 17 49 8 3 27 32 19 9
41
26 6 11 26 39 7 50 47 14 20 27 49 21 37 27 3 50 5 19 2 8 18 3 24 44 22 30 35 22 31 45 18 18 4 28 30 34 3 8 49 50
26
9 39 6 3 1 18 26 7 9 20 50 33 43 28 36 42 20 2 39 27 13 1 41 24 32 25
40
8 5 9 40 22 19 20 9 43 16 37 26 25 14 38 12 25 8 15 47 8 9 43 49 10 43 8 13 16 33 35 15 43 38 29 3 18 30 23 19
3
14 23 36
35
41 36 37 8 10 36 10 8 24 9 17 15 27 9 17 36 43 28 1 50 30 44 17 40 36 39 50 18 18 5 15 16 13 42 1
4
41 45 32 18
44
21 32 14 23 3 9 42 1 49 31 29 35 21 35 45 1 22 46 14 23 17 24 45 38 26 2 50 4 10 17 22 45 13 24 17 31 32 5 15 14 47 46 45 3
16
18 26 8 34 24 11 17 13 37 48 37 12 38 4 40 5
35
37 49 6 11 39 13 17 23 21 10 16 36 41 24 11 24 41 10 41 25 12 42 25 18 23 24 44 36 14 25 42 39 41 18 26
36
10 16 15 29 5 13 1 1 7 5 19 49 36 49 40 19 14 39 31 29 45 43 45 33 8 47 19 12 4 41 5 18 17 28 46 31
50
46 38 34 37 43 1 28 28 11 46 19 3 7 15 20 17 8 44 41 30 45 17 38 13 43 42 45 25 27 20 50 46 5 9 34 34 24 23 26 23 13 28 50 12 12 36 13 38 33 17
39
20 22 26 26 47 34 30 31 42 20 50 2 1 24 18 21 13 5 29 45 50 18 30 46 50 10 4 48 47 32 24 50 23 24 1 42 34 33 5
43
26 36 14 20 13 37 11 21 45 39 18 7 48 24 24 21 17 39 35 2 25 46 18 12 47 43 28 50 21 45 9 42 10 15 36 26 3 4 26 33 29 32 21
7
1 49 19 41 1 40 24
42
49 5 28 7 19 12 31 28 38 28 7 10 29 49 8 34 18 39 40 18 42 6 8 43 19 38 9 47 36 8 12 44 37 19 8 44 30 6 2 50 37 32
50
19 45 49 46 8 28 21 13 40 29 45 17 13 37 4 27 2 23 34 15 46 43 9 30 43 8 23 3 4 32 22 32 26 36 22 28 44 12 47 37 16 28 16 31 3 26 45 15 2 37
32
46 21 36 30 25 16 17 35 2 17 45 18 9 3 39 24 1 42 23 37 41 4 12 2 1 9 26 27 27 20 32 22
7
10 43 30 3 29 30 45
14
5 20 48 48 45 9 24 2 33 27 29 38 18 21
25
35 49 47 15 23 10 35 33 2 11 42 26 19 8 3 4 25 38 16 30 18 33 36 26 13
35
46 10 32 39 49 10 5 14 30 10 11 12 14 19 4 24 6 24 28 45 48 12 42 43 13 2 9 47 44 44 46 47 48 46 48
18
43 30 44 28 19 44 29 36 11 37 10 16 15 12 30 43 47 35
1
15
29
42 35 37 10 23 20 49 14 22 6 5 20 3 25 48 6 22 20 8 6 50 36 48 23 42 7 28 20 16
30
50 17 27 25 19 1 34 13 5 15 15 44 20 28 49 10 5 37 22 20 40 13 22 36 50 47 44 12 41 27
40
45 2 28 37 34 13 19 7 4 9 37 13 32 46 31 22 7 9 40 28 22 15 10 13 42 48 22 44 46 5 33 45 6 34 36 31 20 33 24 22
18
13 25 44 28 42 4 13 37 4 31 25 35 23 32 12 16 45 36
17
5 4 50 39 23 7 8 50 42 11 17 33 47 27 50 33 30
24
44 1 29 17 13 46 9 26 17 23 32 46 39 17 39 28 23 27 17 11 28 20 38 22
31
30 45 36 10 11 5 26 11 44 47 39 13 3 16 29 40 46 27 5 36 34 21 26 37 42 42 27 48 15 4 27
4
49 49 44 25
46
25 24 4 17 17 12 13 38 27 37 7 27 43 34 34 9 48 2 34 46 41 45 15 19 1 48 16 13 45 42 10 44 20 12 49 26 42 42 29 14 44 28 6 14 26 40
19
27 36 30 20 11 32 5 18 13 40 19 34 8 5 28 11 30 33 44
16
15 7 12 46 6 17 3 2 31 35 48 17 10 13 10 44
34
29 33 44 4 37 39 47 12 25 34 32 33 43 45 16 46 42 2 18 34 22 17 16 23 17 34 41 19 42 48 42 20 40 27
47
42 6 33 47 16 29 10 45 33 8 29 36 9 21 10 10 46 21 8 7 22 28 34 8 26 39 38 36 23 45 37 47 42 50 27 20 47 39 36 46 8 3 22 20 34 17 48
29
39 22 34 37 11 34 7 46 39 29 1 16 21 42 6 18 29 26 5 7 41 36 26 47 27 11 31 18 26
43
2 37 16 34 9 36 29 32 28 39 16 31 21 48 15 36 10 49 27 26 28 17 4 44 27 29 44 4 13 8 47 41 36 50 3 7 4 24 36 37 21 8 9
26
33 34 41 49 33 7 8 28 5 6 49 20 7 44 21 2 44 40 8 43 37 17 20 8 24 48
34
33 3 38 38 47 18 15 22 50 24 32 25 17 22 22 17 35 33 35 36 9 28 50 39 30 42 31 24 12 15 27 26 29 46
37
2 45 18 11 15 5 40 48 26 28 27 50 44 45 1 6 35 16 30 29 20 23 37 48 46 37 14 43 10 11 8 37 43 23 45 11 14
6
27 30 41 28 41 46
43
28 33 37 16 44 37 49 19 2 24 4 45 1 39 1 1 37 46 23 37 47 48 34 11 50 50 19 44 6 26 43 40 35 29 40 34 15 27 16 10 45 48 28
16
24 28 18 42 25 49 46 49 17 21 40 39 2 47 47 1
27
15 38 21 9 23 13 24 46 18 23 29 17 15 38 14 29 27 10 4 5 27 8 32 6 10 41 3
19
46 21 6 40 39 18 5 20 21 18 2 43 21 9 17 11 32 10 14
13
20 11 18 33 16 3 36 11 35 38 47 49 36
37
46 31 48 16 21 30 34 20 8 8 39 36 46 45 30 16 36 24 25 49 1 46 11 4 12 44 20 47 29 14 6 49 39 33 44 13 6
41
24 1 13 4 14 46 17 19 9 28 13 19 39 37 46 16 1 16 50 49 19 40 16 4 39 21 18 46 28 8 21 10 32 32 25 42 37 50 12 12 9
46
9 9 32 6 17 19 10 17 50 35 5 37 41 10 36 15 1 40 5 21 17 36 2 37 7 37 28 17 31 19 11 3 4 30 44 34 14 46 28 35 22 22 18 32 11 39
8
41 4 38 25 4 3 4 24
47
16 29 7 19 2 14 37 16 43 16 4 32 12 38 44 25 20 39 9 9 31 3 6 28 31 17 44 32 5 44 2 9 28 48 9 36 49 49 48 25 41 6 15 12 47 35 27
18
18 25 33 1 32 33 28 24 42 47 29 48 14 8 42 40 21 50
49
15 36 5 31 18 10 2 43 16 34 15 29 4 47 16 36 28 21 26 11 11 29 30 9 24 30 7 28 19 28 14 13 19 6 17 25 32 18 20 27 6 42 15 4 27 17 46 22 15
4
42 3 40 25
27
42 18 15 21 23 49 8 33 23 30 19 49 13 29 30 26 34 36 25 10 3 40 30 32 23 49 27
31
38 44 50 25 44 3 34 35 13 42 15 15 18 27 7 15 40 50 29 36 3 2 45 46 47 22 45 43 16 28 11
29
23 11 47 24 32 32 22 40 35 37 11 25 9 10 39 32 41 12 31 4 13 9 17 14 38 7 1 45 26
22
49 11 15 32 31 24 37 49 5 38 13 49 23 49 1 23 10 47 8 5 24 43
27
29 37 2 12 41 2 50 4 12 11 22 36 31 16 44 3 36 33 21 22 14 26 7 31 17 50 2
7
5 7 27 41 1 35 36
34
49 15 17 12 4 23 38 37 18 50 33 44 50 49 50 49 20 26 33 46 3 30 15 37 33 1 37 42 27 27 1 11 8 32
35
6 11 40 34 44 39 15 49 21 4 12 4 43 29 25 9 39 14 25 7 16 48 12 48 24 1 23 30 39 8 29 48 9 42 43
45
15 42 18 28 36 36 16 7 31 40 30 29 28 5 37 21 37 44 8 12 26 20 13 38 12 15 36 4 19 48 12 39 17 41 44 31 2 12 16 37 2 34 21 50 50
45
6 3 31 33 46 23 8 43 2 35 9 28 9 36 39 30 15 10 35 23 3 23 42 33 44 28 34 43 6 14 27 43 36 1 14 6 41 27 32 45 8 15 39 6 40
34
48 15 21 48 32 48 8 44 33 38 40 29 10 24 9 11 41 11 46 20 8 35 45 1 37 42 24 48 4 3 30 13 50 23
3
6 50 24
4
31 4 21 31
39
21 44 8 16 47 24 29 41 22 18 18 50 30 20 19 45 50 48 21 50 45 15 23 17 1 2 33 14 46 28 20 33 49 37 41 4 44 4 23
28
33 1 39 23 22 7 29 43 22 5 45 17 45 30 19 37 33 13 41 49 44 24 48 13 16 49 49 3
40
33 27 47 15 6 7 34 15 34 30 8 39 50 49 22 49 42 26 49 11 25 3 49 32 7 50 45 12 18 31 42 43 20 12 25 10 1 44 21 37
28
35 32 33 46 36 17 20 11 47 16 22 19 37 7 40 12 23 24 48 19 41 49 4 16 8 41 7 17
24
45 14 17 48 4 6 12 8 28 16 10 28 6 32 25 9 3 47 34 16 14 43 31 25
2
46 3
27
15 2 21 6 34 1 16 8 11 13 40 32 23 32 11 43 29 7 39 41 5 50 27 49 40 39 49
40
9 29 35 45 27 41 33 37 23 23 18 40 3 5 34 36 6 29 45 41 27 28 38 15 36 5 7 27 35 35 31 36 20 3 21 39 28 42 27 33
18
4 23 25 39 16 7 22 42 35 15 1 27 20 23 43 7 36 31
42
7 32 23 16 7 47 8 12 7 15 6 1 15 11 23 50 17 14 16 38 28 6 16 31 28 41 25 36 4 36 28 36 50 42 10 15 21 4 16 46 42 42
28
13 4 16 30 16 19 32 7 26 14 3 45 47 48 46 48 24 45 46 20 2 3 33 12 23 38 22 36
26
3 22 12 45 7 5 35 42 26 37 2 46 40 32 17 26 12 3 16 38 43 34 7 29 2 21
26
32 32 14 48 50 15 17 41 28 20 20 15 50 29 17 20 29 7 23 33 15 33 48 25 45 31
40
34 37 12 23 24 9 28 6 26 32 32 2 43 39 6 41 12 44 23 12 36 29 26 26 25 34 39 19 14 9 22 35 48 44 34 6 40 47 41 2
3
50 1 12
8
12 25 30 37 23 31 41 20
8
33 47 17 45 16 20 12 28
45
7 9 7 43 32 8 20 17 13 10 2 1 19 23 11 50 34 16 39 28 37 26 15 6 4 32 13 16 19 9 42 49 23 1 23 4 12 6 2 7 18 49 24 8 19
35
23 32 15 35 33 31 20 1 43 2 28 6 23 40 7 17 8 45 12 49 32 40 35 18 18 48 7 42 13 22 21 2 25 13 36
32
48 26 8 20 42 15 3 26 49 13 26 13 45 33 42 46 47 6 43 47 9 16 2 4 19 32 8 6 1 39 7 47
18
22 34 41 35 30 28 47 17 49 42 10 43 46 27 32 6 22 6
39
23 45 26 10 9 9 40 38 41 2 34 30 31 37 25 10 28 2 32 13 46 39 46 18 19 28 24 33 35 2 46 49 18 19 10 33 19 17 1
30
20 1 12 4 39 29 7 46 9 47 23 22 34 16 29 42 20 3 26 46 5 45 38 37 1 7 47 28 5 12
44
28 27 25 2 15 33 35 2 26 10 21 5 48 24 46 9 24 2 22 41 26 23 1 35 49 28 12 44 36 3 41 5 46 18 41 3 12 18 18 33 26 23 17 49
36
13 3 45 26 11 14 41 43 14 21 21 5 1 40 26 46 29 7 18 6 37 27 7 41 15 50 27 20 40 30 11 17 7 3 23 50
37
19 3 23 18 28 37 19 44 32 2 20 39 42 23 4 33 1 24 26 36 50 30 47 10 4 23 8 40 43 3 42 49 11 36 1 3 2
44
3 3 38 14 45 28 36 8 17 37 44 14 36 3 6 40 16 3 15 23 37 39 10 16 14 2 27 4 28 45 3 28 48 32 32 47 27 46 10 1 46 48 14 28
14
23 8 4 41 1 28 29 30 19 2 5 1 31 44
17
28 1 24 25 44 38 23 31 46 4 27 39 1 31 10 33 27
40
33 9 42 25 24 19 12 20 26 8 25 30 20 32 11 20 39 23 26 2 16 36 49 30 17 35 22 47 22 13 7 39 36 23 5 6 15 24 23 12
35
33 12 33 35 12 28 24 10 5 17 44 10 33 35 44 44 43 38 11 43 21 20 3 21 50 38 2 3 2 24 22 19 46 1 1
50
39 13 33 35 38 41 6 41 43 26 38 15 15 35 35 34 17 42 42 38 25 35 44 17 32 34 9 48 1 37 26 14 5 43 24 30 24 22 39 17 6 16 46 21 46 18 25 20 41 46
28
37 35 2 36 21 1 7 39 46 8 30 41 33 39 41 22 41 10 12 35 8 22 4 10 24 40 8 34
48
43 23 14 24 44 44 2 29 23 35 22 32 46 39 14 39 1 9 3 25 11 12 43 47 6 17 35 30 24 31 41 9 39 17 32 37 48 44 34 35 24 42 19 27 17 48 39 47
6
23 46 9 3 17 14
47
49 15 11 32 25 35 16 39 25 11 6 3 26 10 50 23 49 19 9 19 7 23 30 26 41 33 7 49 2 21 50 50 37 27 8 21 49 7 12 21 24 46 48 26 11 18 20
23
34 31 38 49 7 18 19 8 12 11 48 29 42 45 25 31 16 17 15 47 10 50 25
48
10 47 34 22 45 35 33 24 45 31 6 48 36 13 30 6 43 47 12 48 4 14 12 16 37 19 17 36 43 4 13 26 4 15 40 46 4 34 43 45 2 21 30 30 2 14 24 42
2
19 40
32
15 38 34 31 13 28 14 7 50 47 19 45 42 21 9 11 29 27 24 44 3 1 37 17 18 12 27 50 27 12 36 34
5
13 5 48 22 41
21
39 30 14 38 28 28 13 25 25 9 27 35 19 4 10 21 25 2 23 32 47
14
45 40 7 25 33 19 7 39 16 5 12 18 39 38
43
15 46 5 39 44 50 35 25 10 38 2 11 38 35 28 22 23 2 46 3 10 35 27 16 2 5 42 36 47 44 41 6 22 8 44 41 38 4 22 11 45 50 35
12
11 35 45 47 1 7 30 6 46 8 17 4
11
30 38 32 36 35 46 27 34 22 24 13
32
20 39 7 46 1 39 8 20 6 35 28 29 45 20 35 41 34 44 25 21 39 5 25 12 50 34 2 3 26 49 12 35
1
40
21
22 45 34 38 48 20 10 48 15 41 21 46 45 30 15 29 19 12 22 31 46
13
43 3 11 20 16 29 45 27 29 38 37 8 6
1
41
44
47 6 11 29 21 31 3 23 39 1 1 38 50 24 10 49 37 21 26 46 36 50 2 6 38 2 3 50 50 25 35 38 29 20 12 29 6 34 38 9 1 28 43 43
43
35 8 15 35 46 7 36 39 41 25 11 49 34 6 18 43 48 28 36 8 34 21 28 23 9 43 4 18 40 24 31 20 21 39 21 46 11 27 2 47 20 15 39
24
31 47 27 27 42 29 25 27 28 6 1 43 2 50 7 27 30 3 45 28 42 45 49 32
1
34
13
16 19 38 46 38 23 21 42 30 42 35 28 37
42
23 6 46 10 3 8 16 30 3 2 39 8 43 14 11 46 7 9 15 32 12 26 5 26 19 13 11 19 22 8 20 38 27 45 36 45 43 31 29 50 25 22
31
32 18 18 4 20 22 50 15 48 12 30 49 29 1 34 31 15 26 1 14 30 21 41 14 32 6 6 35 8 42 47
12
41 14 46 24 29 39 41 35 29 29 37 21
29
7 12 46 11 44 5 44 13 41 11 7 6 41 35 41 4 35 46 33 27 39 29 11 44 18 43 31 29 21
41
22 8 42 39 2 36 39 32 6 18 17 7 19 43 4 44 7 24 26 26 7 12 40 47 1 46 43 24 43 25 28 14 14 42 8 46 22 6 7 15 46
9
14 25 47 21 25 14 17 31 14
43
30 9 42 6 7 7 2 7 4 20 27 25 22 40 42 10 5 49 13 19 24 27 28 42 39 29 10 9 48 29 21 31 31 19 13 33 40 36 34 23 42 34 15
25
36 41 7 1 47 35 31 46 30 26 20 10 49 24 47 20 46 34 39 35 9 6 29 21 8
40
45 30 26 45 6 50 48 41 39 27 40 47 37 46 16 18 49 36 20 8 12 41 22 21 47 34 38 12 35 32 40 21 23 48 25 8 40 50 2 30
38
2 19 46 27 12 15 36 47 21 25 49 32 22 21 11 38 46 14 30 29 24 18 19 21 17 33 32 8 38 28 5 26 41 49 20 37 9 7
31
26 21 4 2 27 5 7 28 38 14 31 29 45 10 8 15 10 46 24 49 45 1 18 20 10 23 26 36 41 11 47
29
5 14 23 13 34 44 4 33 23 14 34 1 19 4 45 31 2 34 37 44 5 49 47 26 21 29 38 7 26
21
25 36 3 49 24 48 31 37 1 23 32 38 38 8 1 20 10 47 10 33 2
37
4 32 15 8 28 41 6 29 36 13 4 5 44 37 25 27 12 15 41 14 6 31 13 39 23 34 11 47 33 16 23 36 49 9 26 13 29
7
1 46 35 31 41 27 12
20
24 42 11 12 14 30 41 2 16 35 14 50 46 7 15 21 18 23 31 13
31
6 34 8 1 10 42 27 31 4 8 4 18 25 32 33 42 19 17 23 47 16 30 32 40 35 50 38 9 12 20 10
13
44 8 20 20 22 14 35 45 22 3 40 35 17
29
3 10 24 41 34 32 44 46 43 28 4 22 7 34 29 22 26 10 12 49 2 41 45 7 5 36 44 45 29
21
34 31 16 32 42 8 29 3 20 39 4 42 48 12 28 20 9 24 26 35 26
42
15 15 15 45 36 2 39 10 11 17 1 12 36 25 39 28 42 22 41 17 29 48 2 45 3 33 6 11 9 10 50 21 29 28 15 41 22 30 19 15 36 48
17
7 35 46 14 36 5 31 25 50 32 5 47 15 35 30 14 43
1
41
27
25 4 16 31 32 1 47 46 39 37 12 2 34 46 28 7 22 47 15 46 15 40 46 3 29 20 34
20
12 28 17 38 7 3 20 15 36 18 39 33 4 21 29 24 45 26 46 14
38
6 2 15 9 1 21 18 37 11 49 31 49 13 33 13 24 46 38 3 4 10 22 33 36 30 36 30 48 5 19 32 45 22 45 21 16 48 50
36
25 36 35 25 35 9 34 26 15 31 25 3 18 3 10 32 12 4 34 49 35 12 2 10 6 46 36 18 8 8 28 6 9 43 15 44
32
18 8 32 21 6 24 31 22 36 48 3 10 40 25 45 16 8 5 45 39 13 13 46 28 19 26 29 43 50 49 35 34
14
1 7 10 9 39 18 14 35 37 22 11 31 6 36
8
41 14 27 38 21 38 4 10
43
40 50 31 31 46 19 24 24 27 2 23 50 8 14 14 40 28 41 16 21 35 28 5 1 6 4 28 14 37 17 22 27 38 41 2 4 15 48 11 21 13 48 1
8
44 38 8 9 29 29 46 10
16
40 50 24 38 16 6 17 22 15 14 36 20 46 42 24 25
19
27 47 12 43 14 39 30 24 49 40 22 35 18 9 20 3 9 17 34
20
13 33 34 30 6 28 46 46 11 45 35 20 27 33 6 25 28 46 16 48
9
15 26 33 31 1 36 14 44 15
40
29 24 4 27 19 30 11 34 15 28 17 2 11 1 29 42 9 46 16 50 4 12 5 23 37 30 48 18 9 1 28 1 49 8 27 26 13 29 10 44
42
4 37 43 17 17 39 38 42 46 23 28 16 33 46 32 48 13 6 18 44 24 49 39 39 4 4 45 42 26 3 33 15 21 18 6 25 12 38 2 20 26 13
22
50 37 36 9 49 26 38 24 22 29 41 41 37 46 33 20 48 5 28 40 26 4
2
41 4
3
37 41 3
8
5 12 17 14 34 48 2 38
6
4 43 41 18 2 17
37
23 26 10 44 27 21 27 32 48 31 8 44 8 4 4 24 33 6 31 25 33 49 27 18 23 28 50 28 24 2 27 47 45 18 39 28 2
15
10 49 43 4 1 45 23 30 34 6 43 11 3 8 3
12
36 26 10 45 36 21 26 27 39 30 9 13
39
31 39 14 37 1 21 3 25 33 35 9 35 7 41 6 3 9 23 29 13 18 33 19 45 4 22 18 19 1 13 37 32 2 31 28 9 44 38 35
5
5 11 45 31 43
23
31 13 17 27 35 36 5 22 24 11 23 40 50 34 47 6 22 37 50 33 34 42 11
50
36 6 27 39 30 47 17 29 22 9 41 11 46 13 44 16 43 41 44 36 43 16 26 15 32 39 29 3 19 27 1 18 30 48 43 3 13 35 28 20 40 39 24 34 3 31 7 42 27 13
47
4 17 19 16 21 16 18 5 25 45 5 24 45 39 5 22 18 35 36 42 4 48 35 45 3 15 37 10 7 20 44 6 8 43 16 16 37 1 46 23 44 28 22 43 45 14 14
9
23 2 3 17 42 6 4 39 11
20
33 20 50 50 17 46 9 49 40 35 4 25 28 1 14 5 48 2 29 32
8
16 6 5 16 4 5 38 30
37
2 6 18 49 24 48 19 11 13 50 45 5 39 21 31 42 26 49 2 41 5 50 43 15 45 24 13 11 47 35 34 45 42 11 10 16 40
39
3 50 29 45 12 48 22 22 35 1 7 8 22 38 15 6 26 43 35 25 24 14 30 26 20 6 1 16 47 50 16 9 14 33 13 39 33 31 40
28
32 37 1 44 48 21 3 42 1 19 1 21 45 41 37 35 34 14 40 24 14 27 22 41 39 38 31 1
32
41 37 33 43 21 16 6 20 46 33 13 14 3 13 49 46 20 40 2 8 11 46 39 42 21 33 25 42 39 19 42 9
14
31 47 23 48 11 35 2 14 31 45 2 21 39 6
41
19 3 20 34 26 21 42 31 15 48 37 37 24 47 11 18 15 33 27 10 37 19 25 24 19 34 7 48 42 4 26 21 13 16 50 26 12 21 14 1 30
45
38 3 43 25 46 11 46 30 12 42 24 6 8 1 25 32 18 31 23 7 1 47 42 45 40 15 19 11 43 17 18 40 7 46 23 20 17 11 39 38 16 4 21 34 5
21
3 32 30 14 6 48 31 39 29 16 16 1 28 26 7 40 19 42 27 41 18
28
7 2 29 27 26 9 31 42 11 35 4 2 49 30 11 21 5 29 31 28 11 1 7 8 27 46 30 18
27
17 5 12 35 20 45 44 21 47 12 32 48 24 10 42 32 50 43 31 40 8 26 49 36 35 28 20
7
37 46 34 28 26 13 8
23
38 27 26 19 40 45 8 20 18 34 6 5 30 29 17 34 49 44 20 49 47 30 50
25
2 7 44 27 16 18 44 31 49 29 27 40 45 9 22 10 27 45 16 42 3 27 31 46 22
35
20 18 7 18 28 9 34 31 33 30 16 32 10 8 5 38 50 44 23 6 16 41 9 23 36 29 25 19 37 46 33 42 19 24 33
15
22 41 23 7 10 2 28 9 16 24 41 25 11 2 36
20
34 35 3 44 7 30 38 44 26 20 47 18 41 8 29 31 6 47 13 20
37
47 47 38 38 2 50 25 34 47 50 42 25 1 2 24 3 41 13 49 33 39 14 50 9 42 24 26 44 30 41 22 44 45 2 44 33 17
48
3 18 43 12 13 24 17 40 36 30 3 17 36 11 20 9 26 43 16 38 20 9 20 40 5 16 13 14 27 35 17 37 10 26 17 31 23 27 43 20 49 17 42 28 11 33 6 33
2
1 5
32
16 39 40 24 20 38 20 50 22 31 42 49 37 6 19 43 12 36 16 43 37 7 39 9 25 34 1 46 23 3 50 10
33
40 20 42 27 38 26 25 46 12 29 23 44 6 5 12 21 6 9 19 7 28 15 28 41 37 11 16 39 7 27 48 25 17
29
16 19 14 29 50 39 46 31 34 32 6 5 9 14 19 50 22 39 43 34 39 7 34 24 20 47 45 30 4
16
27 38 46 31 13 30 35 7 29 42 24 19 8 13 43 7
34
7 15 19 29 48 1 9 25 45 13 44 18 12 40 35 16 42 47 31 11 14 40 44 41 42 38 5 26 49 6 22 34 39 30
7
48 36 39 18 5 1 31
18
48 24 22 37 35 10 50 43 27 31 18 9 41 38 32 11 37 36
22
43 41 19 37 7 36 7 17 21 9 40 42 23 14 6 31 12 44 31 5 45 26
44
35 15 10 4 8 20 21 16 48 8 5 45 44 13 23 25 13 28 29 5 11 19 41 46 27 13 45 45 38 21 32 19 28 50 42 7 37 16 50 44 43 48 25 27
7
22 46 6 31 3 19 38
47
41 47 25 23 8 8 5 14 5 37 14 26 29 26 32 14 27 35 48 33 29 28 16 40 32 26 28 23 47 8 39 6 16 2 31 1 19 47 8 20 45 14 6 41 21 1 26
42
40 27 8 50 14 14 25 2 33 11 46 17 5 37 3 26 11 27 45 3 44 20 12 4 40 4 10 19 32 7 36 19 10 48 20 15 20 5 24 31 2 8
17
28 21 36 37 16 2 38 36 49 3 44 9 24 45 17 11 15
4
14 9 27 35
12
48 37 35 34 39 22 32 17 18 48 31 38
10
42 5 13 48 17 38 3 3 46 42
41
34 49 27 26 8 32 37 20 8 48 5 7 15 4 21 26 11 11 34 17 30 38 41 6 29 37 40 39 17 8 37 37 2 47 48 12 19 13 19 47 35
14
13 30 7 29 2 7 16 30 33 7 1 16 38 49
30
36 1 29 24 26 9 32 36 43 6 15 50 3 2 47 25 8 2 41 47 1 8 20 40 32 22 37 9 12 49
4
14 46 43 12
17
11 13 20 38 11 33 9 22 40 40 28 45 7 20 2 13 6
45
1 37 47 29 14 37 6 43 10 49 24 15 40 12 31 23 9 21 43 34 29 12 21 14 29 37 7 41 17 43 35 19 15 46 46 49 50 16 35 30 3 23 28 46 10
29
50 7 42 29 36 36 26 50 46 4 45 43 48 40 37 1 41 48 46 6 17 41 43 32 24 4 2 49 12
46
30 23 21 44 22 18 47 27 46 2 9 40 34 39 29 37 47 3 39 13 45 43 24 37 10 8 23 3 36 42 32 20 28 42 17 25 29 3 46 21 5 25 46 1 1 27
43
42 23 7 27 25 18 47 22 1 26 30 20 48 35 8 2 32 1 25 8 50 41 11 21 26 22 35 13 14 42 3 22 47 19 44 15 48 5 45 44 20 23 4
14
16 33 41 48 10 22 38 6 43 35 22 5 37 27
49
44 45 45 16 46 14 10 37 10 37 22 45 32 45 21 13 22 23 45 42 43 9 44 17 16 33 12 38 48 41 14 42 4 34 17 46 34 27 38 2 46 30 47 45 38 8 7 34 18
36
23 28 11 4 11 8 19 46 14 46 25 6 19 50 9 48 17 49 7 49 34 46 44 3 14 25 34 49 44 38 22 44 15 43 39 33
1
43
31
29 27 49 41 17 38 29 23 30 1 24 35 7 13 49 38 46 44 9 12 45 4 29 11 25 1 17 37 42 10 36
2
39 2
11
18 17 17 32 47 45 9 38 38 17 45
19
12 5 43 7 10 9 25 15 37 13 31 39 5 39 7 44 47 34 30
25
26 30 33 30 22 18 15 39 11 17 18 3 42 24 33 48 25 23 20 50 45 35 3 12 23
50
7 11 45 4 7 11 16 4 10 13 38 12 9 22 45 18 1 46 6 36 21 50 33 19 48 35 30 15 38 10 33 9 4 22 6 28 35 27 24 37 37 35 16 22 35 28 44 8 13 44
30
11 24 48 36 32 17 21 4 29 30 3 1 33 46 26 18 43 21 48 16 2 24 31 48 14 12 9 16 18 10
3
49 3 30
9
23 19 21 30 33 27 8 6 16
24
20 35 4 31 5 21 40 16 39 49 4 17 50 27 2 27 8 4 33 19 46 33 7 12
13
23 46 35 31 46 18 42 33 45 7 36 18 49
48
13 16 44 14 11 45 36 3 21 24 12 9 4 21 28 34 37 14 28 14 49 49 23 40 50 47 34 13 19 3 18 2 42 13 29 8 38 50 43 7 30 36 41 4 22 19 35 28
1
2
3
37 20 28
39
18 3 9 13 35 25 22 10 9 48 2 13 30 13 6 29 44 3 24 31 40 36 22 42 40 35 25 49 39 48 9 19 16 3 29 43 29 22 21
37
17 27 36 15 33 15 47 30 7 26 20 3 37 9 28 42 15 27 24 35 45 12 28 10 10 31 31 36 7 28 42 40 27 15 17 2 49
18
49 19 7 34 10 24 5 34 40 16 21 11 50 34 16 19 28 38
36
3 47 33 6 44 25 48 22 38 4 33 42 40 27 23 46 22 8 12 41 30 47 1 23 50 49 6 6 3 26 13 12 1 21 15 5
35
18 7 28 41 46 36 9 42 12 44 40 47 23 43 22 24 49 28 9 5 25 9 17 20 13 32 9 10 45 42 26 49 49 3 25
3
43 7 31
39
8 48 34 2 24 10 27 44 37 10 45 46 5 25 22 37 48 46 41 49 30 6 41 16 47 23 34 45 15 47 6 7 40 1 21 24 23 42 28
19
5 16 13 25 42 15 25 36 8 49 49 31 26 10 3 25 35 48 30
3
16 9 21
36
26 2 43 32 40 39 9 7 11 18 3 25 36 26 23 7 7 47 43 34 11 12 25 18 17 50 5 15 5 27 9 27 10 28 40 30
34
19 21 21 45 30 7 43 11 42 33 2 46 47 29 44 4 2 41 22 25 38 49 18 15 27 14 23 9 27 15 10 45 17 36
9
45 23 14 27 48 46 42 45 40
12
8 5 2 36 47 16 22 36 47 14 20 14
30
46 32 48 1 37 32 34 23 31 35 7 38 3 30 46 33 6 19 34 3 4 19 18 22 23 13 32 45 40 11
50
47 41 43 39 40 29 28 30 44 30 4 21 25 18 49 12 33 10 25 11 27 36 6 12 11 40 14 27 11 22 41 28 10 22 8 50 34 45 25 13 24 9 6 50 46 33 27 5 47 23
47
18 32 23 1 3 7 2 45 10 1 4 10 5 50 15 38 23 40 48 31 24 30 7 48 16 42 13 9 36 13 50 2 48 14 13 32 45 45 40 39 35 29 50 10 39 45 17
20
44 37 16 19 32 13 30 40 45 35 13 6 28 45 40 4 33 41 29 31
49
42 44 7 16 37 20 15 50 32 5 41 47 1 45 36 7 42 20 2 30 25 40 4 39 14 7 21 33 16 26 26 45 41 18 17 13 12 28 44 19 7 49 6 41 26 38 44 44 18
47
44 7 27 15 12 49 33 13 19 35 4 40 43 13 32 21 37 4 18 3 48 27 4 39 50 4 11 50 5 35 19 46 28 46 14 20 6 48 10 7 7 48 49 28 7 25 36
10
44 9 50 11 1 36 24 13 4 49
37
15 38 46 46 44 48 29 4 7 16 3 3 31 36 24 20 48 44 15 17 49 5 23 29 17 26 30 36 7 4 26 42 15 19 6 46 5
33
18 24 3 49 25 7 17 5 7 34 40 10 11 1 34 48 28 15 45 28 36 49 17 19 29 48 33 32 6 13 2 45 49
2
1 40
48
48 19 14 36 41 30 34 18 7 6 31 14 22 1 7 30 21 45 49 44 30 41 49 48 29 25 22 39 50 1 41 41 27 9 33 21 17 16 49 44 8 10 7 26 21 41 39 9
8
28 40 1 37 45 48 8 33
18
21 30 45 23 30 30 25 39 35 19 32 44 39 22 12 8 28 49
39
1 21 50 20 43 31 16 31 31 3 19 43 33 41 15 46 20 46 43 10 20 38 47 21 39 25 11 15 4 47 31 48 17 47 2 50 4 41 8
14
35 35 44 29 36 28 5 46 43 14 3 42 14 45
7
43 31 49 5 36 37 25
10
42 8 19 44 39 26 2 5 31 19
17
45 3 1 37 36 45 34 2 1 36 4 3 31 8 44 39 18
28
13 26 47 33 30 17 15 23 41 4 10 17 8 13 22 7 35 3 10 5 17 34 36 35 41 4 8 17
9
22 30 13 7 12 45 42 14 23
36
9 1 48 43 32 18 3 26 49 24 38 48 8 19 23 2 45 5 40 11 9 11 43 42 47 36 46 46 34 22 15 37 31 27 41 18
28
8 2 30 2 11 22 10 21 3 46 35 34 28 41 8 4 6 17 13 11 20 7 3 28 2 40 40 39
8
13 29 44 25 12 44 4 12
25
18 43 43 9 21 49 50 20 23 38 6 22 50 2 31 15 22 48 16 16 42 29 48 45 34
35
29 34 24 28 15 18 22 2 19 16 31 37 24 2 24 19 46 36 5 18 40 16 25 8 18 40 36 45 33 5 41 37 44 49 6
15
29 2 44 38 6 46 40 48 19 38 13 38 43 13 12
45
18 25 23 23 6 46 20 49 50 37 15 42 21 31 50 35 9 21 14 10 11 36 12 32 2 12 20 48 43 14 22 32 5 5 47 35 31 30 46 12 6 34 4 35 37
22
38 26 4 44 45 45 46 24 28 18 19 48 17 27 15 8 35 12 9 32 33 31
37
38 41 46 19 33 44 39 18 43 6 24 40 11 35 45 5 2 16 28 28 9 27 26 17 33 14 11 31 24 33 20 43 48 25 27 33 2
46
22 34 9 7 44 1 4 41 43 27 31 38 9 48 23 21 36 45 33 41 32 34 30 25 48 33 14 21 24 21 43 9 28 8 38 10 13 39 17 46 43 13 48 13 26 1
13
47 49 19 45 46 1 14 23 27 15 3 7 38
12
4 18 31 38 32 18 47 29 11 44 44 45
31
39 18 47 10 26 15 41 17 36 33 42 13 9 23 36 47 35 42 31 12 39 17 9 34 4 19 35 20 21 11 12
34
8 48 8 36 22 24 38 15 10 34 24 10 20 4 1 31 45 49 8 48 46 14 49 44 26 40 22 22 9 50 41 18 10 39
1
33
37
39 27 12 42 37 32 16 1 6 39 27 1 36 27 50 20 22 6 18 32 10 12 34 48 36 3 17 14 17 44 41 19 12 29 22 14 25
36
17 39 7 23 50 1 24 8 18 5 45 43 40 34 46 47 12 25 7 31 42 12 36 5 24 31 35 8 41 46 22 36 19 28 24 10
24
35 11 25 39 1 29 26 7 6 45 14 22 14 17 44 18 28 9 28 15 24 49 45 48
14
41 47 37 30 42 33 16 23 21 30 22 1 3 30
32
26 45 15 8 23 18 25 15 33 1 34 49 33 5 13 8 30 17 26 15 16 5 3 38 11 7 33 15 22 22 28 1
27
48 46 40 33 35 50 19 46 40 20 12 44 5 32 49 14 14 45 32 11 11 11 22 8 21 19 38
26
28 24 16 10 17 31 32 25 31 34 7 14 49 12 41 47 3 40 20 1 36 32 3 31 13 45
8
46 2 46 33 11 24 36 22
15
27 12 23 16 3 47 36 18 38 42 19 25 44 45 15
3
1 22 18
34
18 31 46 42 31 20 16 14 25 9 3 16 22 29 33 30 1 37 14 13 1 31 26 16 37 6 44 10 40 22 41 25 50 24
34
11 27 20 9 2 43 36 24 44 4 25 39 29 19 5 43 32 31 5 18 35 22 48 4 39 2 15 6 12 44 30 39 25 47
49
9 25 26 41 28 5 34 2 47 3 6 12 46 3 17 7 24 45 27 19 10 45 3 6 39 18 50 32 9 30 32 13 38 41 2 8 29 24 9 27 45 25 50 32 14 12 44 22 2
42
23 14 5 20 8 28 44 16 8 21 5 14 43 41 36 23 32 44 41 30 15 25 26 12 46 38 11 26 44 30 32 12 47 50 14 45 50 4 13 16 25 37
35
4 10 20 4 8 7 50 19 19 14 34 13 30 49 46 17 28 9 1 18 9 49 23 44 4 27 44 45 6 24 46 11 19 11 38
49
14 15 42 35 47 27 12 21 34 13 18 31 20 41 22 28 14 31 49 18 19 27 29 37 17 41 39 3 9 5 7 45 38 7 4 20 13 13 13 22 41 8 47 22 11 25 42 36 30
28
2 28 6 47 15 47 10 14 36 25 39 39 45 28 36 28 27 45 24 30 20 14 29 27 20 16 7 38
3
33 22 35
27
35 43 9 46 49 28 27 9 49 36 1 47 35 14 18 38 25 20 38 6 21 30 38 37 29 8 10
19
1 30 28 45 45 28 21 13 30 40 38 36 12 6 13 44 9 27 37
7
19 1 14 26 26 4 1
6
50 25 32 11 29 28
1
12
36
28 33 13 43 29 23 1 2 25 16 32 20 6 5 12 48 8 49 18 32 24 44 33 18 7 22 22 26 19 19 45 21 27 11 26 30
46
41 38 20 41 24 16 4 39 25 36 47 45 39 6 39 43 29 16 43 30 10 50 10 43 11 11 7 11 3 18 29 15 2 38 37 31 18 4 38 10 30 8 40 24 42 13
46
43 36 33 39 34 15 33 5 49 21 8 20 39 32 36 35 48 4 16 7 30 13 44 45 33 12 50 37 19 29 25 5 45 24 1 47 38 14 2 40 4 5 4 9 8 14
15
19 44 18 24 32 27 23 43 33 30 44 20 17 14 41
27
20 9 15 44 26 37 40 18 39 44 2 37 32 50 36 39 39 12 9 18 22 16 28 36 29 27 12
21
28 23 14 39 47 35 20 14 46 41 27 27 46 11 11 30 17 18 10 36 1
10
35 41 40 45 39 18 5 21 38 38
33
41 17 42 42 37 32 46 9 36 21 1 7 21 16 36 49 32 48 31 40 32 8 37 23 19 15 15 25 26 30 37 39 23
26
33 29 5 7 11 4 31 44 21 4 17 11 19 39 16 34 11 28 19 39 17 15 48 16 45 16
