6
25
26 45 22 31 47 29 47 2 25 25 32 34 17 6 32 2 28 37 7 39 18 11 29 6 40
18
18 16 40 13 43 49 41 10 5 18 31 30 7 18 34 28 26 5
21
30 22 45 11 17 17 24 41 4 35 34 15 30 21 45 1 2 25 31 2 3
46
22 39 49 7 16 32 2 18 33 25 42 34 10 44 28 4 12 9 30 43 21 1 42 20 47 7 25 17 17 38 50 36 4 33 20 6 31 8 9 3 2 4 12 25 35 29
14
27 49 32 45 50 20 8 39 42 30 17 39 8 31
50
16 23 29 25 31 20 5 18 28 7 35 48 2 30 11 19 48 34 4 13 14 15 36 34 32 42 26 8 3 12 7 50 31 11 35 38 5 30 14 40 2 47 43 40 43 19 20 16 43 7
