9139
481199252
336470888
634074578
642802746
740396295
773386884
579721198
396628655
503722503
971207868
202647942
2087506
268792718
46761498
443917727
16843338
125908043
691952768
717268783
787375312
150414369
693319712
519096230
45277106
856168102
762263554
674936674
407246545
274667941
279198849
527268921
155191459
421436316
536134606
286802932
140515506
646837311
233465964
451394766
405017626
105650419
695984050
302790137
121432079
254786900
564683340
76141081
17672277
73936815
278104250
228874183
505041862
44050825
25408976
223718927
945866448
166546966
179262261
540412146
609238004
449258178
762240996
783615461
493128
393371564
523051181
994723920
199433206
854261286
566537909
472716304
433389755
337965367
487175665
773727734
832889449
695883801
127680943
991362118
646119781
43034811
265239822
336017209
892657961
622200383
310887810
405153147
627746499
126197117
100477265
944782509
244117333
140979583
661724696
617847780
321687699
418677763
725103430
975402536
77165896
79710716
578697375
538253558
116684241
367779857
230446266
802529983
560657568
955083549
90339716
377428327
880116922
835329709
750005435
259297990
389150266
38871941
535968884
730923307
976357580
88840731
459683222
235261396
62182962
812812058
423669341
364134774
878802115
283468769
248098519
500330171
987581927
309596930
649576810
200346815
933988508
340842179
297892172
299600787
906462196
972944800
549700874
356610235
226603925
425548999
471780610
123904943
769969719
958640794
636888040
906909277
741301290
944946481
451073349
835217829
691691469
783120085
453225459
197291996
434223640
195015814
104052387
3987274
639361299
725366391
574875223
582210220
22066780
415865484
49385704
672170930
97799078
8311011
305348993
222356866
207019828
375355464
138738466
641289523
488453218
325174463
395287838
249538131
632032797
932021758
147341213
553510242
117091685
524547056
711258139
360365141
446544338
559587123
294249959
142578964
790231053
99484571
852359333
156353020
827095122
130862765
481536204
30450269
158397173
561650213
989443625
929460988
418282713
440489584
80505434
442534035
799658490
667591474
894028628
336303693
884489701
316869058
630875614
222545482
551642171
846305193
739958804
596183585
275393330
697910055
1378276
264342361
159432723
116991918
774170516
211464174
432809405
77118565
401814586
366047443
200692513
904279718
892126786
131363434
973090244
585583744
222901741
360505101
429831744
888569141
872345548
524618633
17515202
91399101
596779337
966942622
221156750
102072642
414309662
150772864
790928247
388914594
897645019
966332249
732179559
845915633
992730212
222274501
778074077
370077940
950984817
392358484
81672042
867913126
825207053
531119371
675378995
644644278
280827672
333574115
372136562
410415112
372072901
232051529
944232437
764847408
798613276
386337436
315568797
818500090
538048121
590872755
453025249
750001637
582170891
6426196
797766217
9117602
653717078
156154046
154355187
628829594
96296626
318946336
975251728
53929574
368176585
951841311
867677800
273488212
153613597
882702932
50539986
793850089
731556479
334055628
922512573
578725722
336865945
420006022
732893867
502699281
260381030
665138169
150347696
270685998
138886324
444019595
697230071
274217987
326848681
457009691
887581501
841997207
35806267
451189112
392996692
156503077
122378678
954012903
523720354
142920346
458062651
324307361
784422815
254361882
673575739
70291794
92364890
979970427
700657407
853256348
96184053
385228744
571026724
298513810
861051941
608511679
764337175
977159229
298639795
620959316
218692765
442879770
592483581
661771820
685544014
145147802
686590325
463826467
981125653
485322401
602267425
452484806
417331890
792975624
64551194
624776154
323356984
631883292
51603469
625279699
998969231
88661020
627651773
472841565
382179059
117797566
440022654
681440727
460261491
649072042
708605372
466323923
852783475
745086206
627271282
570795672
949154858
666917832
903748276
999865248
714984997
794450063
380459813
733158682
835672770
549848011
111077761
497696361
491427766
177698920
682179349
804553891
769139592
151386184
629916482
297496338
934677523
495723198
396183037
444186551
386009864
439595795
617405522
166578114
563224169
994771204
114763997
994819099
454844175
367148866
800788047
335611869
166582054
583470577
686517231
495783637
486249644
964665129
774711830
997661191
581669877
777446264
796643506
455776809
817609770
629749342
815382980
262565927
233684421
612231376
673704930
392174493
911479574
791219638
756200629
641326944
800002241
657051758
706211196
475609590
994343486
951968070
107989384
936934936
163992152
723076613
573247678
714691383
181396399
934107747
425839128
88390645
209811254
101355148
439934500
727655080
222464181
168054177
477457795
897429978
845338440
932718646
179540843
225789643
805616094
816675541
786905638
662550509
876889018
373768314
862125969
533830503
406586614
430316310
286979486
539541908
883362043
495978509
300080850
500236161
670535435
903627959
409475271
535356786
990355640
489800418
304138924
573889885
936449129
444805966
30541760
868933485
612336092
899913264
330537946
479979648
612047006
669210544
603634660
92694186
497293973
546973803
407616603
105285040
860907127
211027441
276955089
707442574
516155472
63855944
473882476
742707442
124399616
732005735
804224356
693004222
836006331
277221820
181528456
757514121
352333959
560992423
180627386
336014367
500293313
417262076
268814446
613630973
979795096
530526085
263244079
898319574
636844689
996231550
230817051
930464784
739208193
205932823
937518434
333553992
891477910
984636662
64126410
735154378
234527695
592056754
848612654
811996185
614434687
261268057
214514170
699461229
916473934
374137579
945265841
805393712
549548344
689930460
486314088
944683136
277527308
555921814
668222792
8874417
878827758
912386805
600490767
660562376
241240789
190275529
828038032
81559552
983034893
212143191
422585646
867006537
956302263
589929688
198984549
106339268
206963524
968858105
333620546
622101320
554972414
235776858
69423589
817321953
574792832
653962255
153774342
23928139
289144120
526597410
659028846
709663867
183176940
280768526
418244473
26480663
46234162
31457094
541411739
597571833
2393334
73145004
41813719
377059503
713886456
427199002
575488329
626463230
926720587
632413149
236573342
613830491
691283928
895863604
745344151
315888496
33408985
297254101
855241098
644552605
530048606
236494185
869317345
656388725
625954251
538487308
371325848
630296125
557816664
120248014
924238019
552470384
751058832
409216820
967712774
446616893
37820626
814066871
841609243
205222407
490843603
457424195
316173136
812389860
387953178
160410042
658122246
918677279
393982083
413189743
648295731
162597559
210589629
852642220
213279457
342544605
487406284
658368044
935059117
118167930
585228167
853831585
649194056
637544103
767076635
890934575
402246650
993146162
985979526
966649839
333480730
396365600
34593565
784578413
101281943
228714533
118958854
735022635
391016306
203610670
544864191
482041884
566867265
389896151
662291093
338153257
448915630
979280117
463269166
461572528
630196726
813639438
913953280
701250815
911549803
827368412
153451735
326665181
757776883
13198799
740498771
239832834
34933638
371716743
303211879
740278683
803251123
411114333
451679196
294114759
546337820
198257115
673674444
615019804
162321141
34769471
323002407
387439394
978417545
157728253
61967921
250796502
476090549
239741498
357216258
398397481
605656427
484520529
260457476
56596607
634577201
130806866
723220601
900828465
852580511
977755518
36316147
165561099
665910757
189288653
953915866
733001166
994995522
955617128
24169706
199449775
336502670
51106095
486714802
919114966
243622577
538451251
715886357
898721249
267625513
780913725
55747789
361765982
71168393
29509446
102483939
995180116
693794036
480629757
413159736
105819067
824003494
988636484
234185216
55112959
709055083
67640755
860796482
696884097
657228326
634871828
842022233
788595734
522468428
153485797
889190518
945825158
827388262
409218009
113176347
709900558
688234387
547389527
739894177
423668959
10715907
78629881
350376883
517185180
756084349
801096207
557465297
628326880
890269658
853626650
257731790
257500342
13041799
894864721
347562067
500322847
647595527
806302495
231725402
872481936
57756271
574818211
998005683
427505265
295263465
469965102
105057666
686068895
931506737
10891209
48966079
756978922
610041115
539020716
159857844
883980952
984606475
418473416
93440643
962385632
862491259
302950462
699785118
18740080
246257017
151818470
711088973
548653288
61734950
957167561
91827244
61174621
89731384
198514599
502663337
776333015
120006264
124226674
437148554
826713554
50425157
379115473
133504101
389804481
761181968
162609566
132230695
768346502
152983006
243605609
558956430
219348476
684240585
87695858
889103791
1595502
144646783
106491314
131688560
122777372
679655361
41881427
21544207
396718525
699078118
420680500
670026393
430083576
353930069
744957158
121057908
349193706
752818190
891272113
959564502
919617699
932830242
630627088
999083851
553603752
329354294
321816880
879790387
271729779
634331653
909246326
678192705
826135790
220557531
882224886
490640125
182028284
472590362
712506108
236412739
396332273
725311929
896322951
264078018
136542484
214152384
445935561
906899838
585272356
611397581
3043496
266823247
538030800
502588306
302483776
821611872
6664510
647797588
464773471
990654640
994688389
468111726
699413512
291103892
177016370
961476044
887178737
247707699
348411079
307797105
59343364
745769481
234183735
645011953
82474978
36921956
161984364
423822327
687744603
473510378
370560450
118027200
77125623
666766354
186621321
43417759
528974192
701543846
741969542
83377783
84809782
557145415
880806002
545815108
184993002
681606121
705282938
798573202
851806179
376783698
113508029
863969284
800756140
531737760
9643729
147554767
93475716
662718656
406260799
602437180
213981148
752725239
771723779
485201193
532036317
315229
469623309
530253961
534327519
880429917
725210562
229591775
922306803
881193527
780507771
983511495
797614427
486427006
800014340
315988078
114601996
695028635
98104607
81738773
910168883
62345288
858265087
412868241
195274157
59360533
485636813
993921742
441214861
848730086
584999975
834992967
4480154
287780210
200235932
786741904
246424782
364091334
906594353
995978701
159922392
124076737
61586143
331611448
103617179
837789846
800156946
439023774
609870253
137783884
675185451
64025571
334065113
326792769
551154943
77648761
880361373
872559779
867460695
329387757
12246701
950766582
988977518
439218523
492131438
960843665
349465974
826530804
645267067
73740320
956267283
557014655
939355428
971129891
351127774
645980630
938958826
832162414
32515043
183658084
477059077
162139303
693852707
780836526
479788766
876747724
295923475
143719879
206305941
576984234
128969755
476266458
919720060
800240742
997923609
24989859
355711897
366296824
706028251
959853558
378059560
909115307
935237032
565229623
536447255
724596127
99077560
476475617
203967113
271997511
210985911
254185728
853596244
118249452
981198662
330859958
264660354
757059111
620479354
352808633
796258260
125151339
967205211
12125907
753867834
302436473
424593511
479170657
32126300
589463785
950830348
231224789
216752660
260845480
216691505
799109685
482943474
974362228
109551278
697317785
692736951
320376162
701733839
588758960
140435930
202165593
562767829
165402684
311823622
82758805
308658549
780354961
802684570
879238948
806124887
406498586
528143655
52369772
164233368
433833940
342051574
502683811
802253640
874327250
965080704
302275926
918305517
625992119
60663540
214467043
340621054
556500287
364225204
112587006
501815657
326425014
309513688
517121584
64394510
890211199
530550441
434068563
25203778
396182414
137448487
275042327
747772237
767036398
929981572
152597633
301107436
801392701
77430183
22901607
644421327
59740203
248727978
512376309
891343388
831343103
484133725
669605162
800504299
846318354
24917184
780164700
554062791
992309329
423590284
191172016
366831155
278794431
446767531
589169827
390592291
947249649
385836988
77372036
579797631
720345744
862004112
404322039
168329892
794223835
673935536
51076723
908700898
381458210
589298900
533399749
569056255
515819084
479109741
837207435
60800690
536685650
571301660
838298298
526255657
740038337
749661753
303798041
697555588
755176764
713452365
113255619
150760791
579192312
316546200
861129129
70415404
917402175
408358796
49883662
934366463
64796397
689392463
129295113
46647488
273500918
313482045
431962886
551744468
888393182
705950052
72316997
349738645
186404927
251927815
169199450
744560077
137401415
917558556
663389099
31102271
387638839
806036174
782157302
702668830
688329445
810770427
820486344
166338452
855639611
985442742
658354438
302508861
966035894
214414022
210853480
605994921
375308519
167246886
348215801
923078877
151366133
767785859
866334873
439326418
266454042
484751809
159732603
349628405
752561698
69506934
219229351
870839206
814674671
547862894
100600185
663545017
198530039
977185573
564512544
263634424
668788164
818339664
409145120
752701086
1482867
48323156
820827088
474465501
821202998
355168973
131723485
231052889
665281490
803219465
665992134
293269163
125927201
14639755
340107869
869678560
711028114
708697736
713337164
378432760
535206052
996005485
855991438
621508711
252932206
890624855
222827505
549378198
293638682
260869529
26418587
25880675
964533862
223381306
467922050
684894621
108352546
378797684
685124338
810328969
300354228
875939894
927037195
335565664
491290263
950366371
605864257
310317774
596415447
582500241
157841626
131523701
118962838
570835211
587854963
180271720
561606027
542256080
654304380
428276400
795588222
713723345
633050039
611064267
334373069
239455927
679400893
969070887
901739499
492959322
930242937
102459820
107854811
331199819
28724139
741699631
135848377
377372491
362144102
33133056
906494001
378275282
677235346
858189661
626858502
752311945
15089771
139407356
697383053
238988240
259263488
289448325
785182767
763137337
610612405
778953238
755369707
546072587
762129089
354371773
467958481
191918016
146610609
742013441
653462152
755783815
441979107
252869210
595021769
589695938
25580556
441474740
375446497
909087881
984244659
893628657
511340083
630162982
875687347
217858660
548960436
743174807
758527421
931544150
823496813
888413456
117699027
844848260
947629053
305258614
158694094
195452831
934551572
21517284
853225178
878300619
620863993
135034154
439918581
233082144
380558853
562642761
103181939
113344044
773705766
366316280
954228605
595553392
676406365
414278946
34921869
131778782
451924288
726247270
188496627
27027042
203552377
912749206
485616723
122420822
671770437
278522680
672744229
366843147
188986101
200908296
56074292
126819911
404813168
546471540
679093792
802453442
975716272
359449374
469160924
536884648
466433088
195334238
624706352
25933082
349338053
149698750
904458039
171308717
280609138
239537020
766682850
550303977
960696210
543826699
680356212
134794443
889256450
505345426
930548997
650473027
562230963
218670955
195285247
594511543
53997101
413224358
121510564
913882494
704796679
224633475
744811397
423758438
221774704
821450236
969207308
855399983
373924777
497871929
309800948
97929486
666486921
331827737
482744523
577645355
74628344
915639728
814889591
940724003
746752884
765030595
765737902
251856518
58853007
720889678
463444604
247293018
169605486
62082046
946105025
432123798
847326795
99729080
184854192
999307688
615697141
82385680
248118098
786175216
862543179
381734611
525564673
183138626
652847557
581935741
121294829
370640488
703950315
639183299
100152986
309525662
747002075
420001803
246694496
493130516
235525575
990670063
41690090
74511984
307973237
22113470
409892280
431003465
144844221
667816699
51288733
826031277
920077839
798445788
862366785
771024540
755731434
225857996
337854368
254039178
568512614
749401065
960503689
640409569
228793771
352699526
762271519
717024893
93540216
563104427
150167132
869463854
475426717
317076368
73354889
497152057
709823105
337461030
299668680
766021080
927125916
943686286
801418
369132213
126094846
510509215
398758425
685962355
882826439
232129124
133761807
537971237
863891373
142261660
144100061
17023701
965343097
494588217
785052998
761226751
360508042
355320801
960043233
197350931
826964816
360169072
244734874
217736438
141593810
970513012
927840561
557460609
765705513
752533680
713801657
839575809
259571202
309014937
853054491
564270517
122017056
625924572
178880657
222720340
568603864
674797270
433313579
47369348
638111380
877753626
544296013
942243428
552944977
948013807
274682671
925317891
938020384
873655504
554762844
921994726
446319784
5624810
180086323
893153414
725744034
796466337
916066665
39541456
792722780
872944395
921454981
104396195
31333943
934803827
122892643
255959893
266735913
802643671
511980466
171037231
289395260
931326315
867845494
768821484
581667597
716088084
56357510
592246590
580122446
845756398
539937295
809698377
3513668
712134855
770001167
335690022
937587785
767436193
548004059
925576546
559981387
899287092
553909145
808454524
378097996
355806313
600669895
976255850
371580384
501589728
156082098
557012244
697323954
421740395
180001280
903145688
659201279
345039761
954232359
408947205
213295129
517442828
554097139
76675424
850398693
177733195
322910468
746306466
169832541
343836401
212312397
289242103
350230800
75745364
419441558
316282496
430641053
869338623
78017531
722095826
569703483
118338608
894689388
655321205
309414964
354298970
219291947
697013607
743026278
9890725
266368337
150648470
68536257
881534825
448605000
225106537
672979915
481437623
555199314
456458552
801290015
164235216
926265857
510680015
176343017
850356395
94586557
242949104
11411564
391338355
329259074
367377613
234884988
813597191
989975326
278982034
265620740
458029945
89492535
937118169
937534594
670727312
225933124
48600627
953404294
732570694
316414287
885696166
960415287
627067465
741965113
906701098
323255757
582345086
605526070
762915883
608598296
820287610
734809677
972582666
939944696
551523847
341724889
355566748
138532066
458026406
921302795
798925737
243012450
772702215
612522085
190808942
392530579
902440338
251259712
632857628
405293224
945366241
83380551
882709334
852368999
731282755
277792762
798680247
31571369
476837691
967676204
771451466
109611484
195947264
697108358
762228496
506577537
971200251
432980226
851345790
473136046
260337739
472803696
172605948
268212364
139706692
663884532
306115431
954965978
795261419
16923270
79134607
311125096
724335228
306555504
206504890
547679645
912756197
99218132
897931551
279114226
216927304
468274724
178854764
841082229
98782589
376239528
978880321
33529927
236441485
301156859
488223411
72786718
482755384
130988430
943988682
295730116
813173360
211016996
23855875
91541398
500079836
709825108
71172046
305884165
3171926
370496011
893565201
337607960
238584685
774566663
492271011
862348265
210357220
585835101
328453330
154489636
927480625
722766323
469685470
274191755
720641791
256660231
286087547
900921460
455077292
246752934
621356115
482293833
55406284
668312630
625897346
481695495
272696740
384692716
837562904
62078144
868015535
940882775
163835547
3960857
504388381
427479507
559469442
689904332
160937807
349320471
579216315
783807015
53162333
884353448
109006629
505392524
128050320
953432931
559101719
452215023
249467112
524872695
157270743
580179291
933895063
185247080
288448548
50166637
584975747
790516366
588988333
929012695
48129992
735700884
220919704
816187871
456107572
555885689
278983164
568652253
730124746
780397970
659800423
510040512
152444735
973592070
722410328
215630730
190680448
24702033
981494982
879083983
154288682
979027137
72082071
210034747
281626129
632006140
539906602
378606601
4291002
249706360
975654350
36358284
773234656
613982210
293903176
952099754
470066674
196268600
501508177
136503387
835227283
687280911
323588374
104165679
378090522
114222669
754852022
152154309
712907024
423759119
962763208
28700245
829759668
687641157
317730002
905015847
278961018
132871473
748829907
349784090
183554439
361900012
99399098
388679198
189756215
421413857
708415212
532622522
998942104
707374160
194433474
208910215
855731948
412494540
196265992
436995506
974368043
363840958
689083008
520177790
947182206
881344736
642662749
215782336
146662341
384033218
507930824
693640801
813468946
780981832
827931487
793294560
477328940
981028649
290197681
454381005
993101069
790138482
93258179
873190991
676954725
303872514
407938958
227175583
651606548
175982603
932810622
126530699
960814003
566075799
954575860
874194420
879373068
415753473
705096902
617840976
340490910
449984632
195945914
894147112
42223130
301879935
150811918
329214875
40928488
359935088
204747763
625115866
898134179
338075892
565061389
574855082
866760089
191385740
223905013
474791141
780168012
397744652
648977591
68437241
715961075
532111130
190163028
92135015
114577914
638969012
469513025
759028293
732051581
259122087
274092775
797381821
352112081
774298904
626235169
65646476
145538812
18367743
516496065
349475460
507672888
969786023
367570442
493643786
249134196
253792560
476751159
330814360
482754003
611295245
673361139
648343100
710808618
728057735
873058016
47027992
981975686
383373623
4894224
504974816
16289956
258471568
683286415
335515999
911591800
591689043
70116055
701186034
219458983
369966104
400188505
557132299
572351500
975755468
653767163
662346415
919128118
958678829
599916949
660050937
78447336
976714576
524513651
772140437
183547545
351921180
776426198
891188549
785518578
352558541
715574899
272140640
161253970
502254193
55684338
485030734
915420237
885024366
755251568
571662861
36692521
368209146
647025149
113726127
488832607
36786850
951314975
820304090
601839648
575830980
423522126
332779334
235170766
978087188
626855286
643228738
102608254
676298267
103987576
682689584
324872061
702844339
440169384
802113029
893978824
748503180
985542736
651008458
667598226
768752555
577212972
933985053
718406082
372015846
58213101
308270001
455117682
25305449
690381750
800370633
323439473
855502899
577643426
924963521
207643074
387288217
558659644
77240197
766070299
329315011
552585221
239903512
499820647
978514475
757483249
796086031
538578756
357735969
686924522
319897107
350648454
607833161
434752076
232528995
752195506
126443802
386277479
14575695
868723332
888625249
496747521
163258046
620917609
428284860
654851025
642017705
789405702
981004064
783026437
260588190
595385263
502643028
880954301
347363646
46341105
293814387
275855245
584604095
782036232
695082606
788212735
343766378
213110377
889773448
671078671
72955166
512682810
113670360
982911405
103344587
816742101
400547530
2544190
923766520
149844809
958825886
138029852
359175486
340164569
690413032
445131537
519559883
259330939
878724366
332647904
770593248
27416409
98859982
833627324
396278099
462585683
937960629
145586895
317686542
549433468
280165032
337662389
833272974
531447705
783469407
349803518
727109989
404109733
419428325
762436527
986566072
842285648
164257050
953399490
866448065
983075963
746966065
464444321
98446670
422545085
701095218
49925039
856969280
862569953
941027193
543227327
842521870
769668966
564681781
938528923
779631679
86923262
936417514
187787134
32658931
882057231
645376495
347802778
959511643
519051317
564461809
574462356
712139325
905043390
444256622
652632579
143089521
317539116
822410555
90350068
819563878
114738871
374392063
87230057
745483677
354387144
810250934
647850965
567713837
833755264
160620590
332050081
967178814
711337519
202937741
793622443
17836686
405695453
237337033
32169154
304409071
5580228
624997166
662561067
205832646
799210195
208616412
711577631
891497102
965676333
770530887
850649418
445290579
669643944
288528821
174274894
798282040
652659535
470767299
319397950
732427249
265565664
982136289
621904931
23436362
698063951
708842961
255354747
482257310
385135169
283261484
911446453
749121376
409362322
850857437
565641142
136589718
156452560
767010211
586735191
598668632
235417533
866320020
366884068
108512086
113807824
293060757
714455454
329563216
615656629
628049634
384992826
503304603
149933257
83934861
482852961
507596707
828199839
338525430
478545966
796640867
271430269
18399320
967720115
329892846
455726303
581308477
461432948
913917162
298788083
773164548
104977897
714264336
677524508
726970210
232039937
485133742
474936176
2223325
968543386
672241700
250612794
37886035
900750090
123209834
266846840
796512626
698669209
86245257
604666717
840353341
317431044
458247709
698043856
24813453
665711868
139943642
554787564
345851790
489722533
961872644
865928830
753382462
134062104
371907829
187360650
222938609
467640801
474301595
766648007
929139663
72684417
331975671
953875742
230111316
392914413
464367519
19033647
39412688
890380301
379550524
38058699
286247653
88497982
862230541
616099707
7489804
48352720
894316387
639815928
228971280
326869897
867410723
329032881
485324176
397476385
172245575
268454216
332660610
89295812
620694365
311880981
70763691
617092499
363859718
166526625
956953639
296945699
133779064
898262317
693227239
620189180
321454589
192988457
430604846
477563931
540291442
169311421
605710868
529857136
417901257
221623875
354765315
433727585
772481671
658717898
827523389
385693509
594217542
158368917
18351443
945238762
24321332
721621402
382244015
849942544
561716883
279778308
761885451
513208556
622321719
73656498
992688120
161268646
276729611
19124661
39712601
473964763
476779404
540291798
612369381
257643547
481149004
503206925
236630440
589488748
968594032
968973835
582661250
405115077
83628083
752110769
401912998
386429588
233750881
489175959
501066013
374175289
624177117
70056070
788327489
830994313
204069403
526879230
49918530
726441035
535848358
886993841
350707620
967600830
503115675
713396486
81815487
109378578
867486509
858373015
762956094
966649066
39135263
973674931
252654753
379363296
43807053
59117277
289415867
505502209
235742499
394030155
277767988
643344717
119798308
204874599
628403975
169661240
300524900
475640402
151120133
531432748
212388623
549178972
877334097
548446469
48057568
257768589
248177891
180539795
698929322
436282400
631161349
282521884
682624211
837475074
631064281
819278807
614150356
420125271
23419088
231107185
12837818
564931318
139725876
772014732
252736168
953304040
446195871
582047035
236222803
399808237
539528066
820471176
667107460
11758838
696563872
717631215
952733338
289633452
194525840
180981216
599013381
825971432
288200510
914870336
40926156
955906873
888413290
93023720
816549384
345605729
706459687
937142053
368186471
265192664
800232285
102402871
706741930
861172040
781306952
6596818
785843495
749339919
93543672
183836319
591240007
574453440
410123215
42787772
500810249
244799138
650066950
822460984
712896126
158942511
819854376
354415000
537568331
426956695
300163220
281600341
878677034
201442874
987982335
692862300
473480297
569811762
554497520
785199756
652459881
886658247
33361731
165334331
866551328
109592056
654434983
982978994
860221080
447766265
428100384
854513836
808401005
786724271
88956549
310723035
65220435
800801334
281719299
104445539
685929358
316544348
636657304
819236701
584387193
767464739
758765464
805834326
698917120
981449538
717862188
969286093
741787173
585596837
49551054
49642424
19718526
171079913
23537615
528873472
841154997
923290849
57620946
519830784
279360263
693497620
203908430
902349834
115923398
593045820
352277007
678961122
7388887
983367624
530738101
342880065
98063413
564890203
867941939
587553107
295815020
212102731
650931793
409665593
768370718
181680930
359351851
315665288
917368962
192767777
120630193
416138441
488164832
190304184
672863525
575824375
314259222
91618319
354198431
402869252
962331926
4476801
49848204
956649300
273683302
751434779
438043947
8995391
509950622
807736609
511913743
957266323
486279405
438725514
194776736
996451089
527286933
167855743
601785497
383237100
995151467
153203680
590651787
497419597
993650264
691080383
489185881
877461201
702417370
46501858
258927291
862806281
640674435
618246213
956015035
959374328
682365049
259009942
130268730
692253081
795183861
385591480
615735148
826146391
65983172
531118656
549336408
152183187
562016969
750437115
210873177
346790946
213080697
168620646
352560799
237092556
629339741
127897396
612017327
75017422
795169428
37887948
340470239
650661465
907566926
743041225
551129051
665929489
371531090
116082552
239367715
231531150
164187769
51241565
463655050
412172510
504377904
916180398
548331960
926650113
492937722
230852566
127317417
755219308
703573484
343078900
550727725
260516999
712097584
453474394
86370150
38167855
511932546
945348878
283059788
693708084
676204726
705200204
558857004
526303196
746531632
977927425
850852389
365268063
656829034
377218386
864479658
989178984
536929905
436400403
475292931
528886426
454266729
549794897
583992523
81085193
906991109
983484361
984796019
17769917
669147151
807182190
75893182
253580595
574344422
991621351
70723907
842925275
444135419
95020558
231980783
389910427
770527571
768407922
823825280
997046858
362654728
154041558
361505291
910669878
160777416
284906928
640081526
196934559
873288788
948867499
452749822
951218233
250420738
507589413
39367603
727902126
911374396
160805297
688212215
63111706
117328127
440060055
530805763
446420109
108770909
184516943
905432162
128931725
169188603
883697162
74244468
124922769
495019156
776411689
989321965
235350407
216422516
32398531
397382995
164897102
751532541
590053156
685232771
856666173
862608166
254971208
679697452
758248347
611115254
385800804
797257810
316584228
818676238
343037278
976899533
250068363
679583517
996872528
253472967
422826738
552812905
593944073
329124674
972327283
977085773
387156619
473202064
35364763
898007733
748085646
222167257
162415849
779634595
962174972
679264152
317900884
562769582
960866163
971932702
152593090
816199550
457362630
844504846
406012818
589062481
908277884
23236575
647349523
419330425
901053776
297984350
926418698
135644636
328954031
919902249
568201520
74256243
487595325
125102900
286049714
396766411
896461136
178027592
622464432
72883335
289750899
509046911
408875454
325746139
920861413
637996746
721538661
413632787
372556312
31582827
591783075
601590794
762765618
221596027
647771239
666209971
815941775
193823077
659405590
402739092
869240636
77750121
133084681
506842182
306542462
758632218
345622796
264568823
618529098
89045729
590273761
101075943
945479882
168034423
43353531
555238894
499993310
821087599
4837316
96909557
815043992
995873194
697607063
278280568
504085183
886235104
952860358
784672779
508473421
88874014
899059285
934721490
745298161
925506626
562843965
162328327
96123022
211136641
133877994
627725175
728610490
920764898
675940286
985377029
223972672
972975297
377843084
165124134
633076382
625498957
487401501
6108260
421526152
593673225
497573806
253338332
924545635
869998671
935131504
442832575
679662027
403824840
784869895
793860564
801061133
809141749
564984844
116159732
570685869
837170346
687189131
491785869
284514018
748972173
149245830
661384480
552661525
877579931
394399343
351625668
828220262
482597284
320895666
625295520
977655335
505884362
474369577
139990900
752048479
540498950
417604518
778410513
252194376
946515619
171461997
39684316
246376145
428884929
703695798
281627472
47737372
440029907
847306031
463319673
620493057
685416993
625918329
951817081
603293834
395703623
442757543
10267654
527072373
324879284
155907266
941759210
644694965
190501164
617900103
328950914
949526257
250713671
769377446
606236992
270556932
453542128
8180677
889995305
465720699
561174758
850707836
394504536
76380954
52658750
540972567
735645817
757129303
361212895
288093911
120063823
540499421
930076164
77432945
292026414
359000331
647324862
542345101
858032257
524828275
328012400
967490376
749224773
731195995
304621649
184081331
718876044
229303103
822716141
356813905
410330364
666634829
269620901
224314013
66971726
743056871
892395562
774234242
491544015
9161253
381619462
246990561
231813601
648790864
222154771
371163662
726822267
460664424
746844673
36995667
67589797
17978272
710625237
251106924
993177854
351010012
913181540
995105290
228807222
898751546
614885852
521400400
116673684
942737030
256671292
345810521
98853232
306006980
286483927
751769008
123082682
790370218
301468886
835672790
159340146
17422371
458188978
271148991
983641389
890487245
478121662
74858069
921240215
966507132
776538267
792433908
121644267
959509429
405226689
540973292
259533437
372461876
932683005
580571395
214180913
351803238
555435757
594022896
670741504
490470383
3747462
736514785
238439290
531439142
698502287
763236342
188390975
200528788
126126371
777812163
213679749
818065017
572892723
465058514
767114646
488378951
463014402
259168287
723601998
752632357
873413543
958418330
183208865
237608301
441481614
408285609
373736211
844102702
760229879
266301091
785393982
613047722
348537206
868007766
388197456
380284633
539279729
593467265
641026698
968261861
226231461
641195099
577256130
448737708
610923426
797892874
148176609
606352449
143187786
336887085
911695974
347705708
469469526
963406163
186104546
248541221
503329489
935304578
52635770
231404060
603919515
707917233
560893032
621712436
812362215
763193933
762136954
938540292
267579581
51782328
449371282
926259029
921896057
169438661
884935972
843605159
349833802
66383422
301611451
729824171
692144564
881382750
541313140
447760074
375853838
860229975
315822977
981654173
567302149
834290126
355497895
673613426
29064727
203735642
496073408
445233358
558320409
24737032
614538298
903142886
634600882
290880218
657328023
67328548
246801885
124628547
745124075
953170088
745781099
712964013
500941153
281008580
749442175
26696691
862317494
112967551
736129040
436125927
497499324
148588051
134109290
248584653
108799961
853875824
169304493
166356446
665772421
594500791
248698445
570963655
1642960
938383039
403523472
546876199
129009881
941069971
894929939
242333460
165405528
192094961
648161862
150114455
766028053
811017677
159991531
783671339
992422254
263782092
440727451
65883970
591560149
906422730
781572417
335097024
258383440
280206164
195442332
708717438
869652984
489354543
212728002
274332360
986418554
520574159
888642968
394409183
457508249
109155808
332650586
932518776
500687274
299001025
429811225
138164284
625799190
714913028
216994360
542986054
883474139
83425776
247736047
297320360
143577100
100972287
238304200
973500902
317904973
860111968
542977573
812655737
287227223
937280374
814412216
6955597
331717242
456389975
866026248
673642819
685373718
906392909
708968947
623115440
638448417
750937945
982697510
795826652
886995876
579487915
617444775
402842756
920467774
210998827
904300364
419293529
917481119
646885620
235342145
20178559
891983630
32899283
127586182
75353615
858382052
154726604
861022319
443874965
510108687
192713109
341336354
350370194
95274128
355777562
632864796
350973435
256912125
527666679
537647533
727336632
171839744
358092801
520059511
682545958
877285845
667623102
661524467
933584790
900600528
375939303
774760172
191263179
439201237
108073965
301785601
708575104
561476062
278939250
46239271
243263200
510630265
759213772
296569126
367699724
240505671
153727877
252862999
816488601
956068991
331196893
214711788
813333007
52545896
306845766
416426472
530092651
81547234
701245159
386218019
147015069
377101790
551818267
274763271
27640587
70634977
599224047
926697686
744885261
470278022
52134823
172756001
240182895
645537273
388228665
387081810
295545586
309635196
536318160
364604707
533745610
150972645
839969354
938405925
198797601
269920798
361034427
632139067
711137683
274831012
47529960
795891996
448393392
182805769
169144269
334842836
856938366
772631155
801036056
318169411
312272116
205907738
366474155
875323292
91080832
846065357
352785693
989322216
333563010
57863534
603780410
151148673
334993103
572158322
604806271
532821399
612113199
370444386
446127775
105441198
650749918
172526940
573087488
80606238
706588687
353500050
457712447
665738130
838361700
980279498
804109224
633085066
975046008
379739100
108522430
3639257
918282325
638505784
566900921
477247783
709973246
621516125
641993219
954904943
791653095
67941219
686045626
502186882
269537143
81523570
958732082
531635843
232921741
723580744
208260464
627864682
481200888
424944312
986587567
258631809
746319614
760404005
727296479
816993257
583333078
535240459
534897953
206196246
54520622
31408759
447704140
528870735
384393637
28796810
911275628
482228527
427728722
802336249
800156989
560145191
118944059
103455376
797698484
627110649
267453663
300949418
579806839
308825406
71438509
625928123
278300768
321136610
894137482
489591239
95269629
488469155
859233872
404983272
110706963
717210517
241214537
511240651
880612119
130304416
512052664
935331635
503583667
251766016
872072528
290565237
162971207
446465989
529166267
64070907
979758950
959197265
684466196
492535234
267274581
213739997
161843309
312956379
653242511
581170931
877013066
98052333
353777219
102761973
916085540
268573105
186184916
810307989
169915112
8534133
857283160
620479835
200846965
949028250
812236058
263341603
925063714
822034966
365429785
710619804
633771573
411620851
971626374
759461322
465576812
863499982
393507658
653740420
360180088
754747993
338277757
207882486
642459518
11873497
890483952
291411745
910010516
823693736
529619877
886446422
323857482
604603316
720694609
385161663
211777822
350556670
222179297
991049174
247471366
326519325
945948145
633044716
159602667
652955320
739796822
974101155
588633640
209985040
923197334
210827636
378869007
675994227
176458859
20007723
736717668
937104586
625543748
920455526
839082976
75226892
643636420
361767449
824918959
162943688
617203009
172531212
974824178
9649568
905425734
912939355
616657726
751948232
122447121
925254646
717215260
958354571
592750102
442114079
865501575
870689990
224768378
139179758
934120049
70477163
121605272
87727312
705430334
21661696
12857216
509878276
249104454
820331806
918798707
560586525
281196120
234511090
512931689
696205187
540044594
548787134
901802123
382988273
899864586
125522009
904942776
354632440
58177544
337950379
601034500
225599355
399290057
824824371
229731381
400077617
314836190
622198401
126379333
75705639
666654283
855436219
739717603
302363195
978543368
637600028
110181617
353466786
42521987
455912817
579553543
742329698
513616156
530363802
319315183
691973337
706306216
515409679
856197671
134507828
632047
307427928
129437026
273305081
923201838
864487316
151843591
398850430
432997270
182860019
27349424
834402159
749192139
331204924
909443757
167235916
640139621
972613704
994430079
90879208
88713330
238666117
986507613
540896491
443102706
904796276
784295346
288636241
79664218
284401962
385686173
435358698
171975698
939692243
801813615
944976088
734103543
152392747
779634993
410284819
808653786
926645763
768703259
549065960
311891198
334708674
414426398
479688822
13637278
116556257
637841243
554938416
534866021
691933806
861653418
143703390
614294772
173589386
242241044
350659227
930528351
299262443
969131865
883961944
589746352
284423515
167939435
626080088
218775139
79699766
18712561
749736754
653449448
829208304
977280709
789933267
837229861
876428941
625229943
274503417
559021553
567156007
923262663
588438712
794987674
962588524
862948142
190672889
896251232
177600542
768319830
576180726
34402807
865312401
283072926
538887104
812861961
126282544
704490391
801419961
919766962
232296952
259601545
77417242
801388034
286742778
414977007
667247214
619427711
11243742
102907894
234347541
89155744
752999771
927247363
437073347
692290643
433333696
619962666
337520638
642693240
933505903
251608247
684862627
393350755
181041244
199341225
801218913
408915294
53146514
916059698
884993084
95675172
870199726
725117496
642425868
867671144
105074530
830048215
436125947
184701772
454697459
192588509
165578507
452343274
922652604
957939789
734309006
351958223
1896617
64818397
292940460
987781499
163248829
262832503
138609632
608802018
771628684
494499260
499123835
714929646
129961409
440693372
839236384
540852218
28514714
263335999
689465158
249374040
984052583
444778431
75823546
242711501
483074830
2137708
724711706
35639568
345314186
601112295
241001050
397915982
763642727
229541767
629224771
882190249
935573832
147167447
772797679
594517172
884809314
915115541
143247951
814754040
12166910
892090805
323066533
133631859
251134203
4995037
943614474
308384276
146280009
945984230
811132393
587676736
275172719
460037089
545029506
701711184
710039045
729431312
617260136
318928145
22914875
15686248
52039427
378340418
685374545
371951638
463653647
157884185
649009437
235508471
726860316
460106175
643649672
809371934
513588748
463501007
112310033
701210194
403008919
408228827
451224904
52515981
720263882
470432231
501456468
843311230
303206275
512687084
385138798
713299976
27387383
461398870
128403300
437903553
409607981
112690311
549716247
15375988
526893953
363688274
933503997
769238431
51159842
491171712
721487775
924406262
692822163
739682126
295023388
310968030
737134893
906599405
504812453
130960882
766351260
57847809
266310399
486211458
104733278
27375139
814389764
463262991
354945096
210461535
555281186
558371793
131811584
25135031
517344986
693589297
6671235
156078750
892517954
912232271
40925345
155662205
157682564
421610365
998612348
244461105
357817949
49011905
200632333
912275339
613248670
983683671
736448927
75749327
922252463
293967405
372180818
758765877
304611335
47902054
954422425
937590892
296483253
429374168
446355900
685528850
920478426
469109133
499341399
870575677
695222061
737741126
853801945
7263477
439349109
600279283
547951622
740706999
798106643
263164732
55691126
446973940
886587253
269597435
587584532
714555535
261962916
359586240
204396959
537526371
727385015
541308492
155248172
366699451
953260125
114205462
691341474
390011352
428546648
93363913
371614012
506842479
98454012
801293508
800948747
59887400
125712052
179573144
792001906
50842144
834067838
877217166
546724520
913331304
194059626
466048287
289354809
860627331
842599454
483629434
855323269
419352300
876985429
589145345
668781120
991448206
777262683
833720780
376549617
196462410
969630355
570428452
279695219
632063349
139056626
679300873
197509238
221827927
467999361
920178349
714730238
313112493
372435934
598481655
172403427
361306663
736453051
265485313
496577360
811491307
107916894
276392603
18765637
807721488
217288480
607439557
872670741
472088100
6355694
297272376
706627048
329971367
610609867
914185438
867412538
856798605
59980
433854294
947621466
349977792
1954330
495127921
467835884
522900124
586427508
770127032
114697064
865165938
647727530
667506403
732042905
124237061
142229667
16951395
245451550
581785359
724195672
834024665
237429484
16619453
281503575
940255644
777051850
920312111
147484736
796414008
295901907
458457849
13049931
118191338
859180792
118150821
101451969
426011941
229229436
971875375
877506687
114440207
692282742
752228487
741237878
284530948
463207250
38786067
853402669
420591122
29237072
844321066
421927997
345957500
530959364
318747290
792170708
958572344
702315732
945513506
445296179
249724273
478333
68656889
619866416
74561285
760038799
726623302
697540533
114085127
293214444
979722661
648243519
544490558
408140877
692414888
421380959
815291301
944787133
37346900
815685693
153177321
469423388
659139488
192311568
557177582
4383901
303917049
523882151
847169098
681728840
179948737
38990819
916124617
871128697
490735819
14614586
735278311
721768799
131700961
731135542
141353561
688226174
949453375
85716468
358127236
138742573
817920789
410235814
554475524
41155097
482817288
433122321
852882471
440429504
339263921
719630608
810795376
893048311
321567004
722692111
39498260
518085477
818837579
714083472
743931008
840057349
291599793
465720490
375841233
741698472
287955384
772026245
915717722
678584945
576980795
82607583
659160098
52370775
933888012
49694346
55744867
554315942
596723567
908026603
370058508
790703742
939078813
789812605
400408896
711424339
111703363
38190668
760605653
703050859
955399168
285883771
481593558
10345571
740360426
977524158
30465794
36584363
635100682
627337952
704205386
871247109
189349851
445733439
65976407
680816138
936058319
377295691
408167681
505187749
439904458
218497546
319264985
886310549
932991909
330797463
989435296
64140783
511772076
44324511
671729358
655922587
164684065
596249570
154953740
95260370
894594999
97715896
950856122
523068070
548718871
624901001
511323498
366238842
371908958
3034708
993522787
150741126
697857437
708261161
77599775
712243796
593976920
342080175
933177037
755615046
752772104
282075295
95832527
955951373
698619289
5476934
243413053
323636787
32560364
717942023
370657633
441472659
198831446
913679575
302084921
808851931
662330399
971934912
157480185
31225873
941663493
322207582
441756038
173416459
97565366
772199781
983667195
27604469
636438361
413768217
570311720
862447055
284836102
804380628
637073166
557576173
115902537
677192835
885485412
520451957
8286883
390064169
393891861
527111908
375875337
54861147
684629696
752102026
704084067
912775107
393558071
180123401
741379086
666443934
467151104
896764890
70206555
414141245
236592599
870490056
463900430
704405896
664452138
125143410
109606367
839199862
110241947
261372365
214101244
364213398
774540674
192317600
743085957
694239881
881444201
927125767
835768847
589076869
676609934
546014705
407255842
623264724
77246052
952219810
270653371
228569427
836471826
790543666
840815563
232304116
32802546
863721227
821418165
533431356
20872211
856643438
66581460
734556101
775764920
31085039
819625715
279503293
59233239
711368949
209064147
504228198
324315803
539580987
376704424
55626900
200942307
385786194
263473052
934315058
304800961
753058845
626749771
438103229
313271803
831013203
189335110
683168967
568610445
367790848
469955472
577509749
361720612
291506436
135461924
457715970
394302885
103804818
590404460
57539898
787793316
180965811
942268875
871034879
296288493
296725953
53757205
445956552
646968319
517027820
507641106
259436061
231540876
265674424
214616063
493376028
462027259
39937917
95453452
914178807
634831334
800689894
986580702
38461044
872911004
126485874
196152847
832616300
853684640
719038967
713099177
319435852
573094952
369829914
825971631
264037783
31217055
26415319
680347541
256351841
387971619
67541759
890749634
33873621
377450759
763436981
912776469
559516849
578799443
121496817
688953181
460253125
960112191
737812989
326934496
996194936
917943740
134025210
292841685
366606403
31442667
485031516
308984042
129876019
265874595
26740586
199044542
941035371
416412143
92376255
746681448
944056224
167027854
845958092
530119150
173328795
759831410
611187795
254286799
276470203
390813505
396286701
517621882
715243632
961315031
826856838
739904469
57500353
35531714
970685916
416595383
797905095
782991045
233476611
392989293
867751472
813844053
595020003
970362169
388823229
859761951
731975864
641308878
345729732
321060992
128321426
962111446
101523374
472165131
751929299
976465772
79612538
467095303
345729203
883565474
682675256
751209711
173036223
360838140
23529616
399124976
451374166
498571764
718372921
447435374
11924523
667938676
423393153
685130879
572417990
80003934
652572364
74626158
510593027
639473160
97414413
980798777
172304785
857696184
685261902
732411668
298956659
737557805
465522734
958720484
562643331
676952598
999478878
844555205
499241706
590509976
163786531
628642181
294504106
746399948
619906519
816168742
586288148
553502014
743493480
357996128
538962
115605871
632687832
770101020
709093854
644694868
952958395
553645050
318345481
205322454
460561084
66871500
217480309
651401296
280966168
743103769
492710043
356489492
685226017
800028827
619240263
558173158
963444668
885118913
638471190
788641151
352404708
863739950
909591807
776462603
564047653
703604536
24177863
472570540
429250081
511228522
18943883
572123637
145235471
310487042
83249466
20460143
74180663
783610227
696218137
993547287
713279863
435114469
870425405
972690398
775378113
51949744
770170644
771393064
796856730
192539621
768120797
401652558
684782237
512479429
49606187
809116188
200534518
571258439
920973670
476000339
787110376
205291414
359330889
309774120
613571911
493766289
52838245
124431299
768568831
141258826
464141725
481630657
871311243
101718408
754026152
334246835
417321854
341593924
139970963
303713693
531154942
697292079
661966652
597695863
829213252
507085355
497309912
34409904
814440221
515843278
517027437
360419238
702160748
986123234
57657689
937958958
24809638
232391912
589588681
428823059
623941972
726921872
608285251
1070735
188881300
972100930
817724957
751393747
861850521
494690712
424045059
724395397
193735207
440734945
632181109
976999741
436311319
933990304
229204550
159353095
264310233
957933068
254213406
141040612
886011373
561204366
185803257
359406152
11277161
365388357
774987942
528424605
148671350
245657477
128219466
100575679
871043283
902530643
640933082
786188159
719486545
312511211
178846116
711209760
740663636
283014715
847712711
821893597
898833497
472874085
625292726
550368609
343653226
891653953
577177273
680854605
66749099
944722648
131098987
408731829
451556049
438768106
32820285
282113699
40501158
717897321
575497714
468064915
158346887
622190076
15558689
266741750
413861606
462956669
82956727
704791983
285475528
575598203
549148018
123157656
887974215
98912185
83670118
891962878
179132177
884502445
126289532
389558305
353579751
925792770
918414062
498507958
529201695
631608086
531295437
754987876
22194467
919732349
978412411
480400458
933384176
772910972
105068337
842567288
395243672
838951822
843130
801340017
96271808
510217955
31602614
859163823
846595362
49865436
471198616
446762015
785142797
360080529
183389609
830869665
483359712
740645707
949569475
688064905
666709138
78634762
376688022
18903073
92650797
164242175
774902054
735661605
73038414
769040403
608067403
83164229
445680295
973190495
174026287
113505958
819380094
41182898
365164500
712195425
250134827
760030991
813413516
238726403
57964446
48649515
930129279
43024652
939978966
157008883
626415912
369342064
906314603
447993604
44085720
664957465
628899589
47292210
348949554
926463330
967045346
223140610
620887981
159007389
817210452
261848879
154674966
256042383
57966913
565442344
462138123
162580975
619862177
604667280
686450816
703670250
398122244
324092093
353490238
669748386
305446666
170396475
755497567
180809386
213356520
386463814
273048788
939667596
909590505
474122323
171978207
502392131
564730603
940535175
81073561
599976129
621360862
578782270
626494317
942915178
474575433
698166150
722172571
595497367
929630405
985194401
640606902
297604629
170955647
664123015
130213414
330460323
134014906
992973409
159698599
788834167
330407243
188225039
727048136
481623226
829516059
14660515
789985645
134765319
592578473
539941092
336505934
26051056
938738054
4819916
888470646
992975481
34987478
43805963
280881092
204690331
24059093
544555649
863132269
397035203
853525072
53528519
761006456
572882512
864579112
861931175
794852161
196604952
897752275
20420000
934313974
507371491
356824539
205496931
55937053
847878127
192410204
663148120
912476940
35904362
471859594
922823450
31598448
125636347
979712809
16864503
358495687
298728762
843910675
55360369
211307749
717779252
560570550
648347071
700232307
532186856
808393619
150981453
142187
994309580
32136640
696475191
987944094
113905480
152026471
480069074
855070510
643162937
13310533
940326180
800911124
217500784
365804076
394774887
416599963
258499377
335085953
42604170
954703331
766039989
80495038
222167471
415464799
559051432
95902193
945012654
326197847
317769643
392590652
919915921
74485863
669565395
351727955
356918038
455120126
269616168
727227649
425446705
228217312
726839847
509649571
765538439
583275941
342199361
910750379
438210547
305906744
92417114
758225950
362753284
751083864
45526602
630622999
353607805
686933274
933338719
933613378
473155285
529728613
968872409
812258401
455747253
793282932
81768301
629290699
932667260
308918360
51390915
332989416
377766846
607207796
593849336
227941558
76154305
209703935
920099869
48078407
589203454
326316165
188580278
158093377
815605158
927069542
385506363
316400988
799791387
231092054
620960154
860024808
410961010
999006683
830812339
323668036
388102648
688324563
887002075
408590184
255497386
297299435
299927898
773773660
599184571
957773608
159099373
85284799
468518930
820910434
978053956
212107329
531623113
406484420
163096709
76157736
373870511
556801358
191255751
94925263
869689031
360898387
58314136
813573411
412652487
579455483
790507384
872250916
784148122
459988674
619510364
536443498
566518238
664304887
422668331
154716830
427091303
440081982
462965060
346190076
482947770
242892559
26583287
821133272
991236499
489361205
880683015
91434005
987154015
759838799
277924655
357467055
108252355
513394770
548206489
912720947
653496339
628486661
372802408
935089986
569493467
233047939
568847920
349476114
696548442
738698941
89781112
935689964
573076226
182242806
82439999
365312943
218333434
233975365
737855604
565384268
631315356
788750870
933666685
212581448
216210167
198938537
267787953
255771197
584077902
479842706
303866078
216008792
342734486
959294263
405641668
194086109
924109052
697998677
363302551
772006559
320297821
596419196
565271169
700667272
286320333
15270798
835129629
10498839
588520465
105153092
876451581
512093405
249236004
503253417
219516966
856924415
645772470
459454109
788933263
294702263
945987752
851876947
858724006
428773075
113266833
676463315
272163274
918676020
910832444
766390137
41091282
30979153
306065960
33057652
293891204
944551346
685696519
676239944
957193759
484462197
781143871
30400076
992403922
313619659
647985772
331641645
966717762
292259196
832471260
808943209
187061768
233414751
161429265
505936341
894408753
630060771
484874563
664509464
975392956
914384010
433487323
158370093
234261023
670382952
959380473
792145125
943307971
828365992
561299952
583915875
706417539
498053383
798427077
168074654
63022129
742168407
719170995
487794658
995623953
326932734
143678633
234285647
563888732
944346740
707735754
90088281
92223167
618100168
238839788
643139654
145079257
968804636
759948826
227339187
220302784
255640357
339556882
642186255
254348925
506308012
610144712
706272799
290375819
687897615
366756065
126998393
285966684
733993408
577858361
205530888
900102612
916455621
775335262
812932494
674838732
394224183
770299666
87850013
280207760
606471875
405713356
316522653
462744674
736889644
209396024
912372810
644153589
82514630
951059891
704978995
213329650
105111037
741150416
552146364
254370934
437455052
898086869
671769373
109431954
942811975
925487166
922866656
48686026
262139921
575732281
975082343
41874071
111683814
414251305
660851555
354526693
681664787
230488100
413486686
158420373
612059129
681402485
197999155
732223228
878485902
96214554
52675216
793227619
262598875
418405446
967954299
184538757
792090751
838204896
943582154
786605331
349840682
806277635
907972521
205785395
564442659
262789244
958396184
460706557
469269955
477120591
827136107
237005053
582712824
380906035
505671368
745727668
84818627
397415697
342006444
568179479
258867898
477695625
875812967
726488334
784968582
665161068
148931227
841489398
389207654
313583171
521379521
125945888
222138027
344057287
727855011
717850960
401507898
638319463
952062947
149777214
820826125
195770309
933540467
46293016
939098802
185004345
83876635
699100926
734993610
380139596
110162679
6869637
809629579
508443198
316598518
188959541
212457279
871387010
467481692
827261963
952707011
49994301
807478592
719931128
471974665
488125130
735113999
564233055
335779734
815852088
755484423
41447579
374045445
929732810
660151485
715246711
5202050
113301622
96310424
572708276
715988815
410147175
413469267
280337030
24373570
581527164
960525695
134012183
329894725
658566598
572399614
789761539
793474005
919333646
993206410
700473563
326233988
521388108
975309612
609619618
729723256
543970353
226964933
416360019
117247977
701664926
321236104
797216089
498680998
173618475
689300094
213382165
70609809
940316577
497691649
371515995
915333918
809710208
769692993
598041589
378656984
642063226
548339906
74650911
134513117
108009462
95331804
897758473
770135389
500713870
244072250
708236889
936346910
659191953
158416731
995177894
386419707
566971522
935087892
508554238
640432224
668649111
680150028
855439200
340964560
686680122
671610175
745890627
811155552
998838668
495476092
576321294
531955001
900913117
290423271
414280861
810884889
123539509
526698615
46396099
21702611
609298895
820625529
757723074
254122442
769664664
153697035
926659028
88463482
909001140
530982306
339973030
785990384
711905274
388850309
251651288
279287372
104175219
101548367
479930494
893464134
384392927
41492337
90776482
485221287
874871855
507939501
90569663
844619467
473041676
131151260
288047431
375008294
982985807
288674857
472210463
934625467
133175175
787736596
705551902
672278182
947868534
657708401
33662353
87054228
18426516
651160870
154030010
353286470
856370059
748112752
97303372
594236946
663624121
630126686
545812209
598773602
549783985
118534229
353066948
274814514
740626874
310963850
337793495
181111190
22848590
955381131
561841327
760528690
501131932
345677751
855157699
486689728
421614855
701068225
264554752
958080398
593061798
598486833
275472712
481068797
271632578
477395683
387280622
772015363
96980826
112156550
709608507
312232362
109370274
368516637
951228397
452644495
815154047
786380418
342599603
39607651
35615501
366737886
815880370
588950126
25193754
646365490
5513731
967550727
469831592
667793874
803339058
202101789
429295214
898146277
264965313
747101873
678176088
607231718
196648099
714273369
691495171
747313190
686996673
741551551
570445634
520507207
284625784
356839200
777209756
721537730
772299289
525271758
175971787
617472098
596779880
675149231
252502078
266866119
591018526
39973307
944538264
462376677
72082791
842197633
123099694
236771970
38623589
627038115
474263693
517337787
697959851
789085525
181086195
104460159
223454146
724040930
425049553
719448338
83458471
963120935
902692175
656343180
737832011
565501206
213512136
855877208
608742930
628953141
777125193
496119478
482398549
799847196
308869398
626682425
906837216
437725179
287339558
750992457
380981876
398165265
699475362
247402913
705993542
522810678
79784810
896381650
325154942
755553362
824928400
75254463
133635001
544620003
684470746
711344415
841556872
665007484
964055620
348454655
611440623
850538304
204545404
668530493
800937703
472868459
142884453
105792782
278953180
76077001
279216020
751574136
530331439
225031741
949144022
20750041
165656245
540702012
722908328
810051934
561458230
754715471
399635133
663502733
578851567
296496277
966131324
693451196
262281488
464637246
401273472
45618071
178918463
686307857
214674966
769314462
630278164
799583975
697579458
968038564
537660571
882957613
646302138
7371857
764946133
879927398
435522153
497750433
384974134
859723943
579988718
68163683
485507624
536709914
880584090
208561852
959335559
77165179
627998326
67596193
424200228
981125534
443842491
230244192
43031107
153615335
644453975
676204056
764372508
564772816
150918767
447113787
120840029
149708135
633448919
86519059
439156390
723067597
672640668
216019771
191879691
630598328
250758011
921634594
567324566
695616753
663966311
663673228
3823555
241408215
526834951
662048272
626668547
825760731
566010165
598883738
427220281
127387138
116700032
360754411
395183680
147296870
275438507
215004948
133239906
729103797
598075180
343904767
708773858
691815088
202725294
150850278
306400372
509568174
403275151
917674714
877742528
349062166
39801954
549404477
294390754
797689576
726610799
173655624
69866989
643588917
991800878
680735110
400493667
200413603
158857424
910398039
226400702
474610666
990751926
199934062
981932779
37036377
757814007
93038676
577709514
123589457
685095647
732403683
964750767
544161737
179357802
487809227
758165476
916005833
359853261
904013072
957506597
555815919
217662702
130468745
277592866
761726189
957893095
528371811
931298560
124268552
69574535
628827549
834538969
73674651
371309264
660724106
184109623
118080402
675711610
728208210
467629981
123522032
828676975
12028272
409631998
482578761
548799821
565140021
463831876
350401864
502898407
956650052
963987914
974222634
112198340
365351188
454042851
270330946
594163615
711587697
975153233
4350579
659020005
128846844
613330894
443949241
957275450
707381158
683468166
647794592
712287476
941532729
270600859
196952011
569771166
711703247
529386912
122859631
763623799
392020569
963734303
135006677
485848560
867109401
826079763
962958299
189613106
143408680
891541614
759788148
392660118
108159473
324550549
731145763
215495210
717177012
474982623
998347908
238632755
331158020
202752537
82641092
977150885
945155657
168521220
453162532
715626413
972758847
29231318
817203833
667996712
177987701
668236469
834108079
239052073
960346575
245715519
396220737
12159607
932073477
726845701
771076803
95676940
788619042
177451019
121042009
269851287
702440709
39823946
472382525
11247611
512058339
703859503
258246717
249872334
148072131
329928473
641916986
81538011
164580353
530182622
566842026
662582944
482308043
170246983
823110934
509366225
399950503
92389263
204283549
153589971
82316779
983995880
274138223
606425410
540668484
280647414
426538580
17356139
290955824
797338449
444506915
764569810
461020803
242328072
318782795
660733614
948673766
235014425
678388557
559546472
862018131
434779642
746006591
743593504
711622555
81909267
775876171
248609576
228617184
787193665
801679150
276103
169085723
276394069
962475193
182621047
589146263
453068691
411670355
407823847
453022068
519984436
879942262
134102777
904279845
766714852
194103086
834263941
370906098
823165764
68054685
561049749
416363895
921457257
801801337
798257639
363293987
415417947
854079884
947168366
411016890
424410263
189669427
326652625
687578836
693887374
37031648
730105835
647112027
721613092
303915161
831703881
764487697
935212849
926406006
808241071
165262600
146927619
146171686
372932499
482899240
846599899
142684523
699536800
336800940
769596011
702786713
158491445
957217701
835799390
815232027
643128548
919456886
701180112
208459503
74629875
968554582
559071954
635471909
143165918
293531089
951399656
363149155
745918163
758416711
679514762
913191780
811415604
388078444
595167654
500498036
100719641
702006726
558131996
20941046
29229771
295546675
505146177
59459038
620984138
708816480
150800989
581355832
994053577
701433426
514549549
525189279
853721644
560057569
456588641
720614342
383020689
260580664
448018975
759126259
24312772
576242263
489577598
286097279
345541065
265702801
293854732
596605015
637806678
959139086
331158345
697638014
281600854
224879690
514619434
113062281
20448615
26685076
159631511
301817377
308711005
836090768
299699948
790631045
691838397
871860662
927668348
986053381
756382018
681173200
418459657
685179016
603076956
99781760
86423630
671894279
327458220
47446200
371240053
299811855
23467402
988739648
521267361
715400003
20548735
37859123
615841382
60037336
806503627
161484162
397147468
478800920
706834912
486710127
278686543
43271647
799637221
452637204
249649506
743086881
691444532
621521882
397389799
801531746
747729116
971785474
82143032
683982652
312340767
137864223
154529826
597989085
386274037
777541274
956061797
893561990
727666056
710288685
327711541
396672269
320450742
480920169
32301500
217539164
196041618
615470896
172582293
710241776
651546340
255082811
880745299
947461466
929966500
823082389
72959736
937429697
72449922
148561181
198782590
415620447
949178209
853561097
344949330
842475008
116253144
10310494
631963603
505410950
232801200
585345401
174608344
468609895
276640361
786014345
323386663
848332333
572776116
783183890
465279743
915881973
739570938
151702635
189853071
810914545
103808980
634639681
873370748
510351334
796524176
859651602
695104351
841537711
59951027
182386867
656831045
813641912
610406770
508060107
60318253
551830915
894841911
611311957
747660174
749220646
266432290
990122786
894917838
722411211
133464197
37896532
681468619
278701872
549763687
616023781
441548118
672151333
686276354
156783646
623352756
409512976
795306310
626876704
164864796
690486892
80050516
470331998
157484859
223641157
334908163
389370145
937086130
617351101
826181726
926109699
182994327
681064843
417924643
515039604
484830704
306399095
885489222
254852665
824281659
564621535
356700780
863581159
649410025
759636278
549073521
220691308
859866590
67393151
380130
722948487
874701555
736896470
267615107
921021259
780643957
621682151
526321099
352832160
440126115
195624309
459468131
340290242
413421363
423076821
449178795
620822720
575076301
111348592
52248885
484871166
889493646
733708869
983931976
921488052
587242631
231895140
69414750
644687980
943836220
704481908
430942374
765384840
501541414
884922926
243985283
892124857
321659697
450560735
217644299
588592009
934150975
534930922
761524872
971276498
7041442
87029572
944996347
90839109
508215206
770015222
741511828
569691109
6693637
608483999
733136699
591059081
683070577
890598383
975922955
937644125
40213517
81737005
164315089
825930081
570522100
257640626
137649809
329462249
881038513
757893228
334533121
186436379
587079109
607818844
985994509
446450036
737996837
89716504
194123601
157550403
700415161
116256330
658963362
445161261
934789342
170434863
535944838
647541927
738404581
415795480
965839030
664609407
851277458
268990444
955757475
223919956
233070493
347371173
549829103
564475929
219994165
877843406
78069743
151889558
846300024
82249740
120469552
902268391
285879291
749773458
370512367
476500219
765576776
298455979
941368223
986162454
477677403
119248692
222361959
100720207
973487397
478519582
476493218
801902611
410804490
767687153
646157149
765863328
514411106
195870532
793937628
737791115
852665083
576522822
668778005
304199483
258108821
96306744
815991603
382284651
196965989
420208369
111708436
168704172
264038803
627221337
785763276
366149344
29455803
343171566
631919904
241889472
611879024
926313794
582418700
626402904
576627381
370288762
300980286
968454534
961483138
992381393
145590424
766014590
338401861
539672851
620320689
542212680
565538654
99179554
118605653
436743488
87083169
639006581
779059201
233322390
192467416
630061716
327809384
670370252
646306111
834078365
418696944
338626363
624710150
851534018
51246134
311380110
620835539
431249097
967157126
274054212
204998205
575901066
986549347
322090290
68473170
87530357
934249989
462456063
657956370
673545
97866710
859869863
398872049
412909918
931548148
724729593
952213593
478475420
739795379
411177241
584793382
767348866
571027480
410898174
881101096
330658528
601174622
729307637
67009188
137989661
638188149
447545628
18929107
231797681
466301310
570395624
502000994
627245740
717492816
336069792
402547441
188164142
20091895
804971743
149397908
477094893
130747951
496306198
683434069
83298994
494954477
766444551
209829551
731486940
427136471
192179531
621548821
818303195
62307526
630095821
265356649
426036662
485451
502873421
291126661
33158
755077416
217006047
629079478
352685561
892607955
460541545
800006971
704725712
240201974
146927400
497889994
589495904
750292465
592641579
453988108
745965077
595629399
55095767
513391389
889956075
834491757
634695521
24436493
167322611
8037550
117305175
325464673
200288468
302962761
354197016
212969618
836655687
579788961
391521879
157002124
228039322
90656716
706992028
75727921
866564654
586475029
121832642
127587028
250256890
481915
611879546
949396926
34199557
152138031
529305543
801944493
398199279
701146138
996180609
558297168
80683881
152603988
991185874
70756044
760253112
159729070
497170107
645871162
241090870
363454761
346013328
737159206
151914449
585631101
377490808
209406226
122080139
861017235
524681966
563698929
126215672
787462923
544138307
100425644
943379907
476258487
51603225
440219553
827303209
469638942
740124137
819189790
838106748
276826106
786205822
865798634
400636065
803517882
366633080
620071869
833724818
54598145
111789003
901486788
80142046
553088037
136181053
103669534
732561956
705378225
243574507
531151457
605549467
607672547
58540740
668488725
672197261
593817391
535755020
677835319
600600024
803018170
41013467
423189432
823252588
720289247
992966812
222456060
543116751
838672814
251101326
976531548
707809948
617993832
93786950
315590308
725579519
634295044
953073707
237199253
392636219
731626670
738186745
450910820
246360100
762856770
836052799
563201593
918694821
575283669
779635937
475034290
411306300
449225517
821384854
351738461
34344057
698448964
195767659
890531649
719888259
180027593
311188542
980201302
697017746
174095262
562537027
248775944
721586550
129474395
619081603
767081912
986278415
560922314
528789336
888725563
307218642
894157161
708276979
993619801
601702987
127303659
270988246
362444367
625986197
861728439
157031514
331642702
66608612
712857703
70349355
294594041
856683259
155085899
153938631
877562347
332342198
173106916
417876994
692494127
55480194
422749801
409909380
439240902
735435232
311317317
78760009
541350693
65589478
451426454
963177248
814410420
126132669
207718064
74520365
307484752
910679332
270000537
227576168
789939145
518344171
9593226
745629212
45230693
856792441
713767796
386956648
935026523
799622215
115927416
811076033
861115993
292882019
189566318
282019438
745014783
842445806
506167135
729817099
366221410
628279198
669013003
344673543
742481290
439160637
392926052
749750822
669643763
434912808
923226897
957900543
826839312
13145552
650216172
521541758
174297027
32327228
340176261
717285220
200445159
616540806
153350300
209543362
984664519
526679898
397395882
595267714
410979491
623600506
786102873
829791710
950629170
739760188
302930184
518653927
949298971
591996426
562811208
395381759
915635323
957602529
572356193
517982303
688228962
130514643
827986894
741760658
877872469
740071557
841734076
729706488
482763726
165019057
220972431
987319364
499560631
544135589
352869982
259161599
620916723
581209539
827986290
175836418
477476566
927369727
202600651
502216448
241366695
564365156
877622171
273681914
161598757
746642063
668616904
735634632
502390015
143663666
470011758
269911959
390264923
76966803
921681243
961517670
812538192
648119562
79205266
905874824
821772395
503473798
601562825
461520932
435727150
847192073
162323434
553769144
685006988
315658791
349018262
840739218
282259823
477080204
293573533
275469654
220880179
589488755
969086343
299869563
331890728
725067055
704709390
398447309
7758355
915484838
473793442
166213613
86839469
368143312
647634404
224627660
967208483
420057917
626817067
988579892
850592660
325053836
961171202
652218431
181753750
420271605
475313063
420074205
938797234
166747840
589434510
427891539
937743331
566909388
747876317
828962231
376725275
469131529
356390381
604761461
182269375
514759934
84083151
527461325
770510118
612736836
60093893
371268178
220313373
802308872
38469060
378776428
764153958
93693325
306286585
589297879
681655092
647745192
214873409
445053474
358471600
272697666
286170031
485047601
510536312
970175450
174518538
589320892
440169243
437460736
559454028
774614734
499905694
926244315
589740324
142434630
440146426
273145508
974924917
802497625
448949403
298168105
256611541
38884110
251693282
174577995
876998159
498645440
453683364
770320768
116913313
612040352
925137322
582110033
755488830
886505521
328858671
38657501
245246030
343011786
257561445
692069461
173133929
493958168
704713712
744039038
261765344
742257561
180730985
745383730
183833396
73874721
428316636
866724063
381250717
166099033
288165450
130482694
793226884
831039547
567504168
534816189
471007497
970831256
240924638
521873966
378099582
131905426
88239178
132204822
983015657
547490850
566269754
355267655
44375174
300975763
507911925
490967590
454906947
434155013
444164019
793747501
227660099
766831595
205542944
509028202
54431836
190771341
352499165
826640639
173196440
200141703
597402623
427266720
210573240
773619784
331705742
569104664
77387436
105237652
801146887
93938372
282311196
312201475
125329883
218189846
688927458
654322559
926187758
323717651
408849550
521931210
441996057
321823446
900684257
112303606
503437992
949821963
921337170
152859371
495303388
150605172
721269644
673568484
793514602
846743912
478589422
826798066
476253178
322391887
773256457
323805304
512147625
767305767
619266342
348528045
765829255
905233154
253229758
790164509
20134682
498748806
477541631
908851240
977733081
75714155
355405902
953009282
521374898
53803520
297479360
818948785
961863301
488977575
826772639
948865426
304891303
201114965
921561835
628862933
829302880
376609811
329771478
857574524
634627437
710193791
642170695
911330656
173437054
347906636
945725272
274325932
978251961
194038717
717375192
962421344
230052662
605460526
237454282
537292495
512888192
6292107
513194980
880343841
971791898
775374807
705614609
710856402
907526392
395410855
928642544
73536817
616476162
621349028
340119122
974026722
754821013
519444749
311240128
844414813
646214401
669365042
384710642
774976364
780953868
362461690
500353369
847361457
561008237
367788382
510465942
375961118
260843090
820492012
462727168
773612922
381808858
908411461
334305827
695532003
260559260
776336287
611933244
201709383
382541343
619182659
758813118
316324841
278565471
36993808
623802831
11965667
105834319
57779446
878401483
869962398
439450449
619812220
497272256
221060443
952444607
958397243
541285105
862285229
791838822
127673441
27666004
483677437
763372038
254922031
452378388
869036037
54911699
181952635
940163343
769878357
201398775
273493551
386550104
819032018
116330766
159765960
909838006
663085874
925300904
836765400
262681124
73791617
638049482
343442820
211054415
265556126
430362989
238807814
983587611
102609598
940249854
664854572
261154846
711157993
977471709
96562647
345154852
745851000
865450974
836479870
208892841
602569885
824307402
498695080
752193122
615411419
594195679
318186101
405912500
334166410
741605452
857891862
887705147
146027093
794674358
694967633
809568581
573403835
696268726
818428926
544013141
896709265
372659545
789597068
381683360
803499134
907586718
69768572
322511763
472268413
947419644
938080741
154608459
389469279
998942681
621710831
167980059
488852550
794202900
948932184
667323914
488809772
726649724
620817394
769312082
462946650
358490710
729444386
830413538
834981105
981183707
683354979
401496797
668437092
622837943
507914689
151338777
107322620
516846732
816325983
430852001
256659795
295581293
41168625
234513204
594637273
63839843
922034243
767275459
820841299
749758187
622125744
51039991
723586902
794904438
522081195
865457320
474174160
224137448
861282106
491586919
594195072
652893210
770936437
336152309
376170361
504533593
828781580
141352650
636217251
803653092
963556031
686609039
785571898
865778801
642685411
325796
52064333
102645672
128724452
382922395
195141952
531688359
909087421
672587195
284443466
806548860
789344897
199004030
917064184
419836846
970410454
697261587
425686696
658386613
279509109
696361692
718843663
937962365
637159852
749107441
596936116
58292200
59309787
649020316
604289650
132130121
618636282
994231003
260851450
977246953
1136146
211080162
572950863
98965125
904529855
574440854
671978056
432847566
745246645
443300114
857242641
596940776
2867512
619320870
615222954
432096747
574083234
906091475
719795815
796765541
639061473
572756176
452188782
522082775
117986038
348120072
124372284
960279603
657611895
676462362
790351136
497085285
384217613
635349208
951305407
37962439
284726519
313518536
532649870
694927530
932056198
489060518
452255835
872921812
630752415
961950944
642412485
169015549
379468348
191242008
254883519
809813841
83326443
695463846
576999697
730467569
891163725
457991444
583606743
34432625
336078488
986502304
800406528
4562524
790746902
68971709
232726224
349915564
994510756
943675794
214348894
680030802
890148404
821455225
412720663
105786292
34188619
703463297
175647033
996268329
187025027
233694189
476041049
3238015
217672458
664137395
511913694
397218934
211156002
898159614
717906307
514586435
636253087
656629421
516401369
551887118
36020332
754855634
594684098
350465652
499489542
32846899
672666615
878715141
267595263
866452172
516195460
962123719
965316732
820660554
945300551
312506801
356792504
36857746
82084212
831810097
75863167
652543800
207782675
866603431
108886964
469629960
386513792
879655399
442003147
856584321
529847019
61351099
484451151
768062549
238118870
900322911
265440861
972140267
15922074
492547587
528730408
657734621
53267170
876083277
950867315
121656186
638635565
653971924
940331034
564654917
819710544
161200550
727662473
330967156
736350962
242846659
827214403
873878130
894705935
848924063
2494812
197973853
963402102
319294628
630918400
544965256
993127755
985743022
838189802
965865723
571719813
290443405
458743533
658499566
771069553
693182086
520959855
289308498
437364781
103795923
917529577
147295304
834137390
409903646
426360168
825356711
508815803
767869962
692659983
619754618
287877999
136300458
337095315
144840832
700663227
225254920
721279677
826989739
686038625
284827808
338068972
272846241
262650874
577090530
702919824
862541374
159083121
848933811
986547120
729103376
243676038
964020204
898324837
495060954
988726605
670693594
313980765
535150609
950261420
495500732
579467609
937920866
779689440
925552457
829182383
136178986
96817400
715134503
588017096
248518652
601380440
857074549
92071587
905377823
141662008
473529666
295335249
951687693
693645859
698107667
648632183
712623350
331385721
868423777
736435663
618700603
746811373
952584984
438647975
157814003
530818823
923506202
681298528
651602537
586375074
379301818
316497392
242649243
449173103
866632258
187284321
265570237
98734705
980543085
135843408
364072372
709010816
555347437
67934830
616535196
703143622
931972070
949626882
86231363
697605956
224963953
994860646
524146603
165608526
548435482
119637126
952879500
917948939
823572067
921062756
652340431
715248118
406215231
444214422
543391764
786759520
726895511
278784198
864825133
103325675
575057609
292052529
854449569
215932432
19664676
419968297
194747178
182873498
963905901
429159059
883351095
634951209
865199708
134484074
622808683
813309361
39797536
595344442
230777628
317632760
393361879
345687461
824970709
447691803
878043671
291001058
134061780
869921033
932570472
807047481
247046028
160050694
635333576
776935304
580969253
688133674
137435173
186841793
100862199
914531296
656672486
419289194
863825683
906348903
609362019
810248475
715232954
393596756
691634536
112954115
990791395
263903502
211250614
67137124
332962489
368402769
492329602
181860883
557868571
787996844
697741557
573778937
640658459
302503427
339630250
879144852
422509440
884784397
84796466
14551158
219332419
881553623
176842131
425446085
551326485
288626239
826905285
189921722
201944536
956196985
596371508
385994274
591262242
587628942
908409665
107917536
989614781
444342488
350691009
418748265
872357161
936320904
914843516
485962310
979145241
182319392
622076591
585878934
562036210
860112889
876230283
33601417
130362191
813733823
483451059
987336934
616943487
771421679
812051650
428632454
372617989
193290848
977614019
668941014
957897240
216587703
173248439
190846553
973041441
907250161
59256339
839113764
537827135
808833757
110968383
964871521
472380614
589004959
706452248
71315148
727915451
948623407
241102446
107797817
257687130
476921816
301421959
484124172
547198865
256540089
898125722
574559167
106819458
823909447
121190997
426275935
931894277
914674377
898954840
154910736
900894499
193395163
13487544
711325061
402154908
206785004
164938365
729883272
551878498
17968064
288029988
619212408
971819548
696974062
186540829
43872966
443606948
483987554
970580302
570207095
977929353
186511580
774353038
527958949
352703118
289866608
87432747
930747390
385745705
482384389
792934501
875197251
982528005
656764886
394061040
187771082
475620736
235315188
993633654
496430333
722030894
226498497
183961107
695255513
761802324
103491446
223169495
915593072
507448941
667986590
814077255
196419175
761821097
758566041
274482397
475919993
437269865
761721626
192365443
511818482
689474245
275479721
659031324
428972340
387182342
387693858
9992956
891139894
144420908
612193333
788203626
369330687
916927848
56095716
338261285
38981680
159727011
945050887
429049308
237233784
930561014
434237387
652655797
449849885
792191536
213922863
878591431
382579066
906308436
943784581
755253151
740850299
212401175
869766135
347123135
714620706
521790310
941114624
5578011
776081926
276613342
354368495
761265818
776962255
529958738
3512168
978664859
412538043
233409354
822546146
460278893
528426780
575062398
97335593
802791125
265011672
85587294
716127965
132313740
793269224
694567821
919791858
184789951
88109017
49085537
850625327
810283917
849426510
969514086
976823983
649287821
652223099
360314584
867055202
617213253
328884396
861629484
23499149
555333300
532320956
240070791
241623110
14456521
567469726
473390661
439326713
965758185
410392280
790573172
881083878
407460461
434697475
909346134
708133280
151770401
118493261
966421731
193368975
244792775
471838198
496684868
435456879
988876434
774961622
548774233
324773583
300919723
615332566
639063348
674721683
198702000
136801650
468128924
703338611
971442224
752202814
656125323
156680570
525877296
66447966
781317809
329674375
327272617
969384460
331781614
643235279
399896327
283221269
478772955
901521497
761331627
764448092
301370178
889810560
206112362
867418454
95045538
855950965
256545549
544814221
748241324
677245115
528027599
104059934
960877256
675821225
487424482
536200506
443484817
382312683
690247146
979974568
549778261
22862338
721974912
990844481
765387926
839790783
308930736
425588595
655869835
842428620
111028859
753244608
226408864
466521379
37787990
523833404
296137457
973670036
221431978
702792977
109341395
13260868
398176850
294551550
792441932
468909609
624694559
320836820
787769494
334135183
776446295
296397816
830030752
619382166
478269234
387541733
681950348
554560433
640114524
813395623
857787442
801630760
321393014
107927136
656658844
280854679
629388949
319500230
447710856
480366189
490932162
215954339
463205866
200149870
128632
658097748
652262503
430871602
870841640
81890379
303029978
400786595
136245688
567413901
155705042
616792707
835932160
613455669
370609938
305927140
464196684
553708015
922164241
846647725
296714205
827122814
707931256
505112092
680718184
439221046
743041446
558419263
706280341
899388290
112000559
966079865
430906241
887126623
311461977
324105220
454865212
921453279
903983773
325890409
270353484
716453544
768738348
382569993
951997993
772132979
573215592
439667352
887269055
430352013
540947046
917947036
779710191
894983513
814207859
751588082
95595277
617916363
558834572
425072714
95321955
46427118
985586404
423033766
505137325
623697760
431498594
400734431
359901340
599019985
46297888
333567776
211013715
383466376
242199789
125835113
225976045
462124509
947957452
690203405
58630645
209601984
425015411
87287348
146860011
709092913
120545229
611913818
758085318
194207941
283391864
882798798
699068013
445666856
37503304
701736756
374694205
627362965
345085122
797892100
709244038
517562464
814115746
687497480
536716046
11508333
314616405
969117154
216240524
696231094
936421504
564999299
701690158
937449160
918035319
578334133
979566612
819022918
681934022
781197715
894762450
485195109
361685676
629542412
798319602
121097071
126334619
540775267
620158064
352473408
690996666
345461937
85470268
742125004
15734627
742000738
949726651
137299095
806258597
354247348
569358151
771041339
585455043
40493115
696701866
298628838
90287282
514902624
104749735
583817945
684752799
45092317
492706673
636067562
309420135
678925122
85995314
368704259
486118942
791362932
85592454
216075424
389922185
19220009
785412861
374257493
247031715
745473132
915996572
981265734
279622172
504605471
880125788
162076589
945410005
568059764
151894698
266095960
222358885
392309108
26809574
434208553
741143447
525058168
767208676
113879700
83817962
574972850
686702958
66954276
883099920
184822437
904617407
14930422
388345199
84214185
599058953
89748540
110658467
766714472
612975088
718518203
936131834
679764580
728464654
139031629
326174710
994114415
955463021
889699680
614549711
724691504
816970256
317087862
325598190
415652517
778330474
917520803
455913587
343508636
180830180
164131346
20747953
239885368
16114780
93375616
170102957
323734642
720734881
950237631
255365794
8461206
789170168
190016309
164537727
694976962
987180954
73997658
530611047
910750570
432730419
213512766
795178544
437413847
710049637
705821696
59678181
184604067
939280451
162486616
382846276
525504830
904020438
406417422
47829569
998541676
64660124
736243072
349905025
526481349
366830084
384152352
365621216
273942836
987347187
163001076
165246188
729602169
834759234
323050517
151256423
970845863
357913917
467040048
199827144
798810022
285757477
626240776
932580027
214585522
88228527
123918066
44515741
79655130
709435012
757447511
816698624
683561346
465492415
625662517
450352685
580854497
386876786
974219679
409423005
364767364
527606305
510972985
317340799
370250185
364115524
703798716
942959926
659309669
255449290
32255864
479682520
66885343
118804881
472018637
381884336
504350994
181688303
582757809
825391804
934865071
114473260
116732205
902353455
709729209
861741829
954076128
104974064
562600711
852654123
713788538
919872026
172676293
157834946
35438146
707396986
326705907
743627490
677964177
655291924
217705444
207785242
47890517
191324831
602435777
694742248
188825743
248662020
924544004
630554434
328562389
357195235
138083325
757523216
771464401
80380173
660434769
692855727
6683583
650236427
694423413
928083823
267671283
771162006
3002167
945787926
780566609
437757213
58981686
511338332
317942483
403673922
361271397
851197293
638296327
154777693
95139980
372224362
735994254
427688183
699182791
89000936
965432223
490163280
917779973
278334319
282760577
621395163
526090634
567473404
999071508
389452477
517094765
208556159
789781065
496302673
185561883
508930398
985099685
209572518
537543634
477170928
304376515
853995007
557255975
938322691
682540239
362948178
751106433
857150551
216445195
563732426
111316635
300619041
625438029
465891654
69505542
190858633
996213375
523729111
983221156
141882412
119431966
738575942
95212590
690860698
429232572
223397259
848849839
921581017
241239935
876336983
296379911
896008416
163583135
677207435
362618218
639485725
182468844
239642047
854602974
834698480
102131781
610775484
59826368
402822190
983039778
173023234
896739648
218878110
553331467
947068483
408709856
252152959
722030366
825745382
223576313
422542593
877112973
461289605
251026997
211102407
252513566
191735407
532496150
444336235
309428649
864104231
102771822
580688122
42345118
819870179
261115365
174723188
678515836
64007181
570148471
916701773
970019419
356241350
560298739
8558575
37215843
702449246
929310845
28815670
18104403
327049437
396722444
72312050
357963259
888492158
437509613
519341416
592251841
228497710
284625982
450562258
830907168
395935249
843521908
413675482
836434725
292286974
217892821
533045795
792162033
688368126
405302527
967079104
889934905
100648401
598575199
453532859
447848393
843172968
155991995
458643344
950263804
640942188
16806825
508604335
536906566
957457590
94109205
97756925
921226923
230800597
462817471
434479955
193859653
347683211
635642811
359509246
34859457
463919952
132391919
507144509
563068130
696320718
467542424
607998663
866705405
816588131
778895045
242648642
165330044
451274146
753471962
673172685
278391644
999393746
207371791
445304439
509623214
428322413
608661487
410114245
111896857
518502562
696025050
318006576
154194518
419480788
985752195
874149285
504836019
748824858
373240178
517347587
352798609
795459005
978849154
661334432
524899046
264250812
966063972
251328965
252831676
948532043
668094491
37155885
238910896
401565263
780488062
680150666
501877364
403713252
858776250
707003392
514862157
444099543
252623053
115895720
488226453
230299949
896918796
280897807
131531834
477046938
263738270
986625204
127620669
671791115
462859774
538826893
889053749
387246109
253629309
502398083
785152202
547300515
844095933
645571313
555370554
260667172
816425783
601260329
472640214
82142554
279491510
759138287
798687622
418083252
662939354
435417596
902884417
813217748
773702806
116913788
761001622
133054226
957251507
603228048
741187111
13248248
555077707
809822925
797617448
39228357
748960334
63023547
743110372
456965866
325837312
648296536
173027384
557286287
996559993
69694866
593964566
653615887
114428452
61592528
432379396
924642679
604504896
891686250
499702939
60355083
33116258
925944108
678831624
885238210
445775089
285346008
697193613
410564037
559673257
513212321
542565633
885253108
523134745
806978224
490339660
504101729
839391781
437088674
809658605
776073426
741343876
820544264
124974452
636937027
430105922
326358245
23256839
942024802
325136192
292790580
759458017
352822546
520651183
798882912
849549775
779157992
415743641
817660874
182283441
288279985
445588312
495590471
559614207
369142762
556306205
809632415
463710017
870115654
559139178
328489487
179155862
794848300
343763096
967059144
445522990
200443703
356551250
952929390
130548176
524069812
637257752
826431641
213141077
739311655
264070590
11621719
89758507
507781318
601271786
416483752
394538451
29795836
542535833
33225217
745756258
966162664
813233050
851399882
255120388
585761755
59635985
713148128
263320949
25257182
618296822
430354963
411043718
475211818
501136020
544961449
464063390
799962285
856491274
157688025
984897078
977612428
131064269
515900753
442224988
702638491
590255652
756791217
100041009
342541287
756756651
660119054
936467051
449253933
887653329
426765424
761693908
933149792
32501849
852318036
895817161
427520039
293188061
539060266
870701755
45116252
529343302
400436696
930998705
561791630
41237333
91995957
588640709
283557248
567976734
343062927
415291298
226214312
607260808
1655078
737193997
308598448
188072142
309114286
81916505
331235577
293833984
629176529
257026289
895955987
633291907
97975979
412398034
341057863
609696653
294214732
947817229
834906637
229409194
229900346
580312394
557764246
150916666
863327980
225735232
255934019
921825520
402810192
410304318
272688683
479910996
425238341
953700774
400679321
775288386
111335458
699186028
291324556
749701225
863597358
517280155
887144502
842544846
618522661
446360272
698690942
755039814
818555321
697215421
725910398
382032127
295306255
100264871
325023237
96025847
581152574
